0.0 	 0.0 
0.01 	 4.918416e-06 
0.02 	 1.854497e-05 
0.03 	 3.956939e-05 
0.04 	 6.709241e-05 
0.05 	 9.990577e-05 
0.06 	 0.0001363411 
0.07 	 0.0001751222 
0.08 	 0.000218773 
0.09 	 0.000271434 
0.1 	 0.0003328568 
0.11 	 0.0003978119 
0.12 	 0.0004604102 
0.13 	 0.0005186915 
0.14 	 0.0005736016 
0.15 	 0.0006241933 
0.16 	 0.000667858 
0.17 	 0.0007046306 
0.18 	 0.0007386374 
0.19 	 0.0007756627 
0.2 	 0.0008193547 
0.21 	 0.0008717105 
0.22 	 0.0009335158 
0.23 	 0.001000437 
0.24 	 0.00106629 
0.25 	 0.001129326 
0.26 	 0.001192965 
0.27 	 0.001260808 
0.28 	 0.001330417 
0.29 	 0.001396156 
0.3 	 0.001456785 
0.31 	 0.001516408 
0.32 	 0.00158216 
0.33 	 0.001659415 
0.34 	 0.001746146 
0.35 	 0.001837614 
0.36 	 0.001931661 
0.37 	 0.002028256 
0.38 	 0.002126647 
0.39 	 0.002223927 
0.4 	 0.002318649 
0.41 	 0.002410042 
0.42 	 0.002496048 
0.43 	 0.002572515 
0.44 	 0.002635259 
0.45 	 0.002684743 
0.46 	 0.002722285 
0.47 	 0.002748281 
0.48 	 0.002764787 
0.49 	 0.002773531 
0.5 	 0.002775632 
0.51 	 0.002775524 
0.52 	 0.002780471 
0.53 	 0.002796008 
0.54 	 0.002825956 
0.55 	 0.002869775 
0.56 	 0.002919721 
0.57 	 0.002967398 
0.58 	 0.003008858 
0.59 	 0.00304315 
0.6 	 0.003072244 
0.61 	 0.00309878 
0.62 	 0.003118785 
0.63 	 0.003127154 
0.64 	 0.003131163 
0.65 	 0.003144782 
0.66 	 0.003170628 
0.67 	 0.003198315 
0.68 	 0.003214507 
0.69 	 0.003211799 
0.7 	 0.003195313 
0.71 	 0.003172111 
0.72 	 0.003142999 
0.73 	 0.003109233 
0.74 	 0.003069709 
0.75 	 0.003020489 
0.76 	 0.002960145 
0.77 	 0.002888196 
0.78 	 0.002806988 
0.79 	 0.002723901 
0.8 	 0.002648513 
0.81 	 0.002585245 
0.82 	 0.002526811 
0.83 	 0.002463755 
0.84 	 0.00239596 
0.85 	 0.00233113 
0.86 	 0.002276949 
0.87 	 0.002233461 
0.88 	 0.002197461 
0.89 	 0.002170948 
0.9 	 0.002157293 
0.91 	 0.002153308 
0.92 	 0.002149513 
0.93 	 0.002140921 
0.94 	 0.002132782 
0.95 	 0.002128971 
0.96 	 0.002128195 
0.97 	 0.002135067 
0.98 	 0.002157987 
0.99 	 0.002198638 
1.0 	 0.002250867 
1.01 	 0.00230464 
1.02 	 0.002353949 
1.03 	 0.002398367 
1.04 	 0.002434404 
1.05 	 0.002458335 
1.06 	 0.002473045 
1.07 	 0.00248133 
1.08 	 0.00248137 
1.09 	 0.002473608 
1.1 	 0.002462766 
1.11 	 0.002453851 
1.12 	 0.00245465 
1.13 	 0.002473243 
1.14 	 0.002508027 
1.15 	 0.002548652 
1.16 	 0.002588209 
1.17 	 0.002630088 
1.18 	 0.002676916 
1.19 	 0.002723568 
1.2 	 0.002769851 
1.21 	 0.002823852 
1.22 	 0.002888337 
1.23 	 0.002952204 
1.24 	 0.002999055 
1.25 	 0.003022764 
1.26 	 0.003031277 
1.27 	 0.003036205 
1.28 	 0.00304339 
1.29 	 0.003054153 
1.3 	 0.003069167 
1.31 	 0.003089199 
1.32 	 0.003113469 
1.33 	 0.003137264 
1.34 	 0.003153925 
1.35 	 0.003161173 
1.36 	 0.003162709 
1.37 	 0.003165511 
1.38 	 0.00317443 
1.39 	 0.003187313 
1.4 	 0.003198067 
1.41 	 0.00319793 
1.42 	 0.003179964 
1.43 	 0.003148332 
1.44 	 0.003110812 
1.45 	 0.003063235 
1.46 	 0.002996019 
1.47 	 0.002912761 
1.48 	 0.002828395 
1.49 	 0.002751822 
1.5 	 0.002680782 
1.51 	 0.002611037 
1.52 	 0.002539098 
1.53 	 0.002460952 
1.54 	 0.002375776 
1.55 	 0.002285244 
1.56 	 0.002192357 
1.57 	 0.00210387 
1.58 	 0.002023547 
1.59 	 0.001943715 
1.6 	 0.001849924 
1.61 	 0.001733535 
1.62 	 0.00160096 
1.63 	 0.001471292 
1.64 	 0.001364618 
1.65 	 0.001290719 
1.66 	 0.001245857 
1.67 	 0.001218602 
1.68 	 0.001198058 
1.69 	 0.001176371 
1.7 	 0.001149425 
1.71 	 0.001118918 
1.72 	 0.001089787 
1.73 	 0.001063223 
1.74 	 0.001031221 
1.75 	 0.0009831494 
1.76 	 0.0009165342 
1.77 	 0.0008335861 
1.78 	 0.0007375927 
1.79 	 0.0006363694 
1.8 	 0.0005412725 
1.81 	 0.0004650077 
1.82 	 0.0004137641 
1.83 	 0.0003833824 
1.84 	 0.0003703405 
1.85 	 0.000376342 
1.86 	 0.0004019781 
1.87 	 0.0004424536 
1.88 	 0.0004917112 
1.89 	 0.0005489129 
1.9 	 0.0006146771 
1.91 	 0.0006847306 
1.92 	 0.0007520519 
1.93 	 0.0008102166 
1.94 	 0.0008549435 
1.95 	 0.0008859827 
1.96 	 0.000907328 
1.97 	 0.000922805 
1.98 	 0.0009286427 
1.99 	 0.0009179464 
2.0 	 0.0008920286 
2.01 	 0.0008570871 
2.02 	 0.0008153046 
2.03 	 0.0007691124 
2.04 	 0.0007260607 
2.05 	 0.0006869368 
2.06 	 0.0006367463 
2.07 	 0.0005551911 
2.08 	 0.0004292811 
2.09 	 0.0002583014 
2.1 	 5.192533e-05 
2.11 	 -0.0001783976 
2.12 	 -0.0004260246 
2.13 	 -0.0006871248 
2.14 	 -0.0009572306 
2.15 	 -0.001232729 
2.16 	 -0.001509799 
2.17 	 -0.001781522 
2.18 	 -0.002035521 
2.19 	 -0.002255877 
2.2 	 -0.002429729 
2.21 	 -0.002544725 
2.22 	 -0.002588237 
2.23 	 -0.002562106 
2.24 	 -0.002486196 
2.25 	 -0.002380604 
2.26 	 -0.0022553 
2.27 	 -0.002112034 
2.28 	 -0.001951339 
2.29 	 -0.00178363 
2.3 	 -0.001631041 
2.31 	 -0.001513423 
2.32 	 -0.001434698 
2.33 	 -0.001384605 
2.34 	 -0.001357148 
2.35 	 -0.001366793 
2.36 	 -0.001432993 
2.37 	 -0.001549542 
2.38 	 -0.001680001 
2.39 	 -0.001783247 
2.4 	 -0.001834829 
2.41 	 -0.00182423 
2.42 	 -0.001743158 
2.43 	 -0.001585953 
2.44 	 -0.001364129 
2.45 	 -0.00110567 
2.46 	 -0.0008335294 
2.47 	 -0.0005560002 
2.48 	 -0.0002777971 
2.49 	 -4.134509e-06 
2.5 	 0.0002648807 
2.51 	 0.0005258353 
2.52 	 0.0007635697 
2.53 	 0.0009585021 
2.54 	 0.001097668 
2.55 	 0.0011742 
2.56 	 0.001188078 
2.57 	 0.001160959 
2.58 	 0.001135104 
2.59 	 0.001149621 
2.6 	 0.00121405 
2.61 	 0.001304596 
2.62 	 0.001393941 
2.63 	 0.00147529 
2.64 	 0.001558381 
2.65 	 0.001648949 
2.66 	 0.001733715 
2.67 	 0.001793849 
2.68 	 0.001824535 
2.69 	 0.001835402 
2.7 	 0.001837242 
2.71 	 0.001822654 
2.72 	 0.001767792 
2.73 	 0.001666937 
2.74 	 0.001553696 
2.75 	 0.001476894 
2.76 	 0.00145732 
2.77 	 0.001471071 
2.78 	 0.001478812 
2.79 	 0.001465125 
2.8 	 0.001438143 
2.81 	 0.001399652 
2.82 	 0.00134293 
2.83 	 0.001274255 
2.84 	 0.001208154 
2.85 	 0.001145252 
2.86 	 0.001065671 
2.87 	 0.0009477675 
2.88 	 0.0007949399 
2.89 	 0.0006385071 
2.9 	 0.0005100835 
2.91 	 0.0004164341 
2.92 	 0.0003472668 
2.93 	 0.0002867879 
2.94 	 0.0002131542 
2.95 	 0.0001158255 
2.96 	 8.605534e-06 
2.97 	 -9.452711e-05 
2.98 	 -0.0002049306 
2.99 	 -0.0003545244 
3.0 	 -0.0005666739 
3.01 	 -0.000822117 
3.02 	 -0.001057809 
3.03 	 -0.001196905 
3.04 	 -0.00118704 
3.05 	 -0.001033752 
3.06 	 -0.0007931975 
3.07 	 -0.0005285273 
3.08 	 -0.0002673917 
3.09 	 -2.749881e-06 
3.1 	 0.0002671675 
3.11 	 0.0005263587 
3.12 	 0.0007530254 
3.13 	 0.0009274435 
3.14 	 0.001041494 
3.15 	 0.001094869 
3.16 	 0.001085332 
3.17 	 0.001012773 
3.18 	 0.0008807619 
3.19 	 0.0006886671 
3.2 	 0.0004346622 
3.21 	 0.0001299193 
3.22 	 -0.0002021808 
3.23 	 -0.0005392406 
3.24 	 -0.0008649463 
3.25 	 -0.001167093 
3.26 	 -0.001431117 
3.27 	 -0.001629513 
3.28 	 -0.001731205 
3.29 	 -0.001724991 
3.3 	 -0.001623966 
3.31 	 -0.001454616 
3.32 	 -0.001241842 
3.33 	 -0.001005146 
3.34 	 -0.000769357 
3.35 	 -0.0005598766 
3.36 	 -0.0003799189 
3.37 	 -0.000202649 
3.38 	 1.048745e-05 
3.39 	 0.0002780055 
3.4 	 0.0005871679 
3.41 	 0.0009109836 
3.42 	 0.001229363 
3.43 	 0.001546974 
3.44 	 0.001887982 
3.45 	 0.002279139 
3.46 	 0.002739248 
3.47 	 0.003265076 
3.48 	 0.003835953 
3.49 	 0.004432575 
3.5 	 0.005036262 
3.51 	 0.005618017 
3.52 	 0.006142616 
3.53 	 0.006577753 
3.54 	 0.006904194 
3.55 	 0.007131625 
3.56 	 0.007298048 
3.57 	 0.00744143 
3.58 	 0.007562265 
3.59 	 0.007620307 
3.6 	 0.00756391 
3.61 	 0.007360435 
3.62 	 0.007015799 
3.63 	 0.006567451 
3.64 	 0.006055643 
3.65 	 0.005493437 
3.66 	 0.004870311 
3.67 	 0.004192131 
3.68 	 0.003498919 
3.69 	 0.002834451 
3.7 	 0.002210118 
3.71 	 0.001618193 
3.72 	 0.001072567 
3.73 	 0.000613591 
3.74 	 0.000278032 
3.75 	 7.874257e-05 
3.76 	 2.301458e-05 
3.77 	 0.0001241225 
3.78 	 0.0003754606 
3.79 	 0.0007341281 
3.8 	 0.001124735 
3.81 	 0.001453938 
3.82 	 0.001648121 
3.83 	 0.001695039 
3.84 	 0.001636642 
3.85 	 0.001524454 
3.86 	 0.001378892 
3.87 	 0.001172408 
3.88 	 0.000848237 
3.89 	 0.0003535347 
3.9 	 -0.0003263642 
3.91 	 -0.001159092 
3.92 	 -0.002081684 
3.93 	 -0.003013718 
3.94 	 -0.003876572 
3.95 	 -0.004616369 
3.96 	 -0.00520666 
3.97 	 -0.0056259 
3.98 	 -0.005853575 
3.99 	 -0.005896636 
4.0 	 -0.005795236 
4.01 	 -0.00559385 
4.02 	 -0.005310777 
4.03 	 -0.004940729 
4.04 	 -0.004483988 
4.05 	 -0.003969297 
4.06 	 -0.003449486 
4.07 	 -0.002973018 
4.08 	 -0.002559719 
4.09 	 -0.002193455 
4.1 	 -0.001834338 
4.11 	 -0.001445848 
4.12 	 -0.001022203 
4.13 	 -0.0005961099 
4.14 	 -0.0002204387 
4.15 	 5.516296e-05 
4.16 	 0.0001993017 
4.17 	 0.0002098273 
4.18 	 0.0001284653 
4.19 	 3.721368e-05 
4.2 	 2.503019e-05 
4.21 	 0.0001344135 
4.22 	 0.0003244021 
4.23 	 0.0004978663 
4.24 	 0.0005698376 
4.25 	 0.0005243395 
4.26 	 0.0004060227 
4.27 	 0.0002579169 
4.28 	 0.0001034397 
4.29 	 -2.499132e-05 
4.3 	 -9.640184e-05 
4.31 	 -0.000112006 
4.32 	 -0.00010007 
4.33 	 -8.614652e-05 
4.34 	 -6.118171e-05 
4.35 	 1.392376e-05 
4.36 	 0.0001540315 
4.37 	 0.0003135234 
4.38 	 0.0004341981 
4.39 	 0.0005179688 
4.4 	 0.000625188 
4.41 	 0.0008133391 
4.42 	 0.001093052 
4.43 	 0.00144443 
4.44 	 0.00185703 
4.45 	 0.002330457 
4.46 	 0.002838857 
4.47 	 0.003324714 
4.48 	 0.003738003 
4.49 	 0.004071478 
4.5 	 0.004354131 
4.51 	 0.004603338 
4.52 	 0.004800377 
4.53 	 0.004924774 
4.54 	 0.004987806 
4.55 	 0.005013457 
4.56 	 0.004996412 
4.57 	 0.00489917 
4.58 	 0.004681323 
4.59 	 0.004322238 
4.6 	 0.003831737 
4.61 	 0.003247011 
4.62 	 0.002625192 
4.63 	 0.002036014 
4.64 	 0.001546114 
4.65 	 0.001198654 
4.66 	 0.001000068 
4.67 	 0.0009207512 
4.68 	 0.000910518 
4.69 	 0.000921902 
4.7 	 0.0009276825 
4.71 	 0.0009116794 
4.72 	 0.0008430544 
4.73 	 0.0006732981 
4.74 	 0.0003561043 
4.75 	 -0.0001172249 
4.76 	 -0.0007009125 
4.77 	 -0.001329768 
4.78 	 -0.001970664 
4.79 	 -0.002633731 
4.8 	 -0.003333567 
4.81 	 -0.004056256 
4.82 	 -0.004760534 
4.83 	 -0.005384373 
4.84 	 -0.005848927 
4.85 	 -0.006075241 
4.86 	 -0.006009344 
4.87 	 -0.005655005 
4.88 	 -0.005080826 
4.89 	 -0.004376996 
4.9 	 -0.003618443 
4.91 	 -0.002862818 
4.92 	 -0.002159434 
4.93 	 -0.001553506 
4.94 	 -0.001084841 
4.95 	 -0.0007744729 
4.96 	 -0.0006050926 
4.97 	 -0.0005344675 
4.98 	 -0.0005387789 
4.99 	 -0.0006247158 
5.0 	 -0.0008066646 
5.01 	 -0.001090719 
5.02 	 -0.001465718 
5.03 	 -0.001903659 
5.04 	 -0.002368673 
5.05 	 -0.002822867 
5.06 	 -0.003231239 
5.07 	 -0.003556592 
5.08 	 -0.0037582 
5.09 	 -0.003808972 
5.1 	 -0.003709323 
5.11 	 -0.003482659 
5.12 	 -0.0031625 
5.13 	 -0.002787128 
5.14 	 -0.002399805 
5.15 	 -0.002039913 
5.16 	 -0.001722725 
5.17 	 -0.001431476 
5.18 	 -0.001136439 
5.19 	 -0.0008253152 
5.2 	 -0.0005179411 
5.21 	 -0.0002552905 
5.22 	 -7.578461e-05 
5.23 	 1.824383e-06 
5.24 	 -1.489572e-05 
5.25 	 -7.993692e-05 
5.26 	 -0.0001206213 
5.27 	 -8.932363e-05 
5.28 	 4.000879e-06 
5.29 	 0.0001156464 
5.3 	 0.00022927 
5.31 	 0.0003878535 
5.32 	 0.0006645448 
5.33 	 0.001100822 
5.34 	 0.001662805 
5.35 	 0.002256356 
5.36 	 0.00276671 
5.37 	 0.003088331 
5.38 	 0.003150618 
5.39 	 0.00293954 
5.4 	 0.002487422 
5.41 	 0.00183819 
5.42 	 0.001053512 
5.43 	 0.0002360552 
5.44 	 -0.0004988925 
5.45 	 -0.001086374 
5.46 	 -0.001581581 
5.47 	 -0.002117297 
5.48 	 -0.0027503 
5.49 	 -0.003431832 
5.5 	 -0.004087033 
5.51 	 -0.004670321 
5.52 	 -0.005164012 
5.53 	 -0.005538463 
5.54 	 -0.005747195 
5.55 	 -0.005751942 
5.56 	 -0.00554018 
5.57 	 -0.005120793 
5.58 	 -0.004506875 
5.59 	 -0.003714654 
5.6 	 -0.002787497 
5.61 	 -0.001819643 
5.62 	 -0.0009397078 
5.63 	 -0.0002599065 
5.64 	 0.000167186 
5.65 	 0.0003628918 
5.66 	 0.0004068337 
5.67 	 0.0004055294 
5.68 	 0.0004582716 
5.69 	 0.0006327358 
5.7 	 0.0009498902 
5.71 	 0.001362248 
5.72 	 0.001763311 
5.73 	 0.002040988 
5.74 	 0.002127971 
5.75 	 0.002029973 
5.76 	 0.001813863 
5.77 	 0.001562669 
5.78 	 0.001322277 
5.79 	 0.00107485 
5.8 	 0.0007700504 
5.81 	 0.0003709686 
5.82 	 -0.0001212117 
5.83 	 -0.000655891 
5.84 	 -0.00113871 
5.85 	 -0.001463849 
5.86 	 -0.001580326 
5.87 	 -0.001548549 
5.88 	 -0.001495303 
5.89 	 -0.00151618 
5.9 	 -0.001627556 
5.91 	 -0.001751801 
5.92 	 -0.001744142 
5.93 	 -0.001489396 
5.94 	 -0.0009895113 
5.95 	 -0.0003519273 
5.96 	 0.0002884059 
5.97 	 0.0008310402 
5.98 	 0.001225278 
5.99 	 0.00146835 
6.0 	 0.001603902 
6.01 	 0.001706334 
6.02 	 0.001853416 
6.03 	 0.002080606 
6.04 	 0.00235362 
6.05 	 0.002597057 
6.06 	 0.002733295 
6.07 	 0.002714967 
6.08 	 0.002550143 
6.09 	 0.002294677 
6.1 	 0.002024678 
6.11 	 0.00180398 
6.12 	 0.001654106 
6.13 	 0.001557383 
6.14 	 0.001486418 
6.15 	 0.001424255 
6.16 	 0.00136862 
6.17 	 0.001325693 
6.18 	 0.001308439 
6.19 	 0.001337206 
6.2 	 0.001429211 
6.21 	 0.001584551 
6.22 	 0.001777491 
6.23 	 0.001965459 
6.24 	 0.002108173 
6.25 	 0.002182652 
6.26 	 0.00218918 
6.27 	 0.002141534 
6.28 	 0.002056821 
6.29 	 0.001955976 
6.3 	 0.001866649 
6.31 	 0.001808145 
6.32 	 0.001766908 
6.33 	 0.001701966 
6.34 	 0.001574563 
6.35 	 0.001366185 
6.36 	 0.001074773 
6.37 	 0.0007011171 
6.38 	 0.0002391415 
6.39 	 -0.0003181695 
6.4 	 -0.0009592177 
6.41 	 -0.001641062 
6.42 	 -0.002298717 
6.43 	 -0.002868581 
6.44 	 -0.003311642 
6.45 	 -0.003621602 
6.46 	 -0.003807911 
6.47 	 -0.003873953 
6.48 	 -0.003819705 
6.49 	 -0.003659434 
6.5 	 -0.003422384 
6.51 	 -0.003136384 
6.52 	 -0.00281846 
6.53 	 -0.002478846 
6.54 	 -0.002121229 
6.55 	 -0.001741156 
6.56 	 -0.00133942 
6.57 	 -0.0009364217 
6.58 	 -0.0005673679 
6.59 	 -0.0002723213 
6.6 	 -8.640103e-05 
6.61 	 -9.483965e-06 
6.62 	 8.29525e-06 
6.63 	 3.770933e-05 
6.64 	 0.0001275686 
6.65 	 0.0002770279 
6.66 	 0.0004511563 
6.67 	 0.0006135027 
6.68 	 0.0007412226 
6.69 	 0.0008261921 
6.7 	 0.0008654766 
6.71 	 0.0008597033 
6.72 	 0.00082579 
6.73 	 0.0007997905 
6.74 	 0.0008142683 
6.75 	 0.0008674822 
6.76 	 0.0009247844 
6.77 	 0.0009551273 
6.78 	 0.0009615793 
6.79 	 0.0009793341 
6.8 	 0.001054299 
6.81 	 0.001219621 
6.82 	 0.001477335 
6.83 	 0.001794219 
6.84 	 0.002103743 
6.85 	 0.002317973 
6.86 	 0.002354762 
6.87 	 0.002177954 
6.88 	 0.001830858 
6.89 	 0.001422893 
6.9 	 0.001078501 
6.91 	 0.0008804806 
6.92 	 0.0008418974 
6.93 	 0.0009275386 
6.94 	 0.001088392 
6.95 	 0.001278562 
6.96 	 0.001456931 
6.97 	 0.001587955 
6.98 	 0.001653934 
6.99 	 0.001665722 
7.0 	 0.001657933 
7.01 	 0.001671347 
7.02 	 0.001734496 
7.03 	 0.001855136 
7.04 	 0.00202375 
7.05 	 0.00221983 
7.06 	 0.002415365 
7.07 	 0.0025811 
7.08 	 0.002696099 
7.09 	 0.002751907 
7.1 	 0.002749024 
7.11 	 0.002694418 
7.12 	 0.002603924 
7.13 	 0.002503329 
7.14 	 0.002418875 
7.15 	 0.002360406 
7.16 	 0.002313038 
7.17 	 0.002243472 
7.18 	 0.002113204 
7.19 	 0.001894593 
7.2 	 0.001580313 
7.21 	 0.001177528 
7.22 	 0.0006980429 
7.23 	 0.0001545894 
7.24 	 -0.0004296046 
7.25 	 -0.001012157 
7.26 	 -0.001541164 
7.27 	 -0.001975727 
7.28 	 -0.002310151 
7.29 	 -0.002575251 
7.3 	 -0.002815762 
7.31 	 -0.003072942 
7.32 	 -0.003369214 
7.33 	 -0.003699754 
7.34 	 -0.004042812 
7.35 	 -0.004375559 
7.36 	 -0.004682223 
7.37 	 -0.004949973 
7.38 	 -0.005169835 
7.39 	 -0.005351044 
7.4 	 -0.00552051 
7.41 	 -0.005707666 
7.42 	 -0.005928577 
7.43 	 -0.00617663 
7.44 	 -0.006439119 
7.45 	 -0.006721744 
7.46 	 -0.007047757 
7.47 	 -0.007437868 
7.48 	 -0.007888226 
7.49 	 -0.008361159 
7.5 	 -0.008798575 
7.51 	 -0.00913873 
7.52 	 -0.009326476 
7.53 	 -0.009330376 
7.54 	 -0.009157943 
7.55 	 -0.008848101 
7.56 	 -0.008449248 
7.57 	 -0.008005076 
7.58 	 -0.007543763 
7.59 	 -0.007073698 
7.6 	 -0.006599654 
7.61 	 -0.006137422 
7.62 	 -0.005710901 
7.63 	 -0.005347056 
7.64 	 -0.005071201 
7.65 	 -0.004903685 
7.66 	 -0.00486453 
7.67 	 -0.004967758 
7.68 	 -0.00520221 
7.69 	 -0.005526214 
7.7 	 -0.005881544 
7.71 	 -0.006210254 
7.72 	 -0.006472183 
7.73 	 -0.00665771 
7.74 	 -0.006774559 
7.75 	 -0.006822095 
7.76 	 -0.006790063 
7.77 	 -0.00667469 
7.78 	 -0.006475916 
7.79 	 -0.006181822 
7.8 	 -0.005774535 
7.81 	 -0.005259455 
7.82 	 -0.004682328 
7.83 	 -0.004113885 
7.84 	 -0.003624173 
7.85 	 -0.003261734 
7.86 	 -0.003041457 
7.87 	 -0.002952009 
7.88 	 -0.002973987 
7.89 	 -0.003085313 
7.9 	 -0.00325733 
7.91 	 -0.003457694 
7.92 	 -0.003654746 
7.93 	 -0.003818869 
7.94 	 -0.003924279 
7.95 	 -0.003953521 
7.96 	 -0.003903363 
7.97 	 -0.003781657 
7.98 	 -0.003592508 
7.99 	 -0.003321883 
8.0 	 -0.002939818 
8.01 	 -0.002422128 
8.02 	 -0.00176831 
8.03 	 -0.0009988762 
8.04 	 -0.0001463361 
8.05 	 0.0007476534 
8.06 	 0.001634463 
8.07 	 0.002464011 
8.08 	 0.003192328 
8.09 	 0.003791987 
8.1 	 0.004257459 
8.11 	 0.004597873 
8.12 	 0.004830942 
8.13 	 0.004982636 
8.14 	 0.005083835 
8.15 	 0.005160858 
8.16 	 0.005225662 
8.17 	 0.005279539 
8.18 	 0.005325901 
8.19 	 0.005375737 
8.2 	 0.005440163 
8.21 	 0.005520766 
8.22 	 0.005610756 
8.23 	 0.005704923 
8.24 	 0.005803307 
8.25 	 0.005905018 
8.26 	 0.006005277 
8.27 	 0.006092862 
8.28 	 0.006147791 
8.29 	 0.006149607 
8.3 	 0.006088754 
8.31 	 0.005967151 
8.32 	 0.005794956 
8.33 	 0.005592491 
8.34 	 0.0053895 
8.35 	 0.005219014 
8.36 	 0.005108913 
8.37 	 0.005068391 
8.38 	 0.005080248 
8.39 	 0.005113501 
8.4 	 0.005139358 
8.41 	 0.0051375 
8.42 	 0.005099986 
8.43 	 0.005030993 
8.44 	 0.004938879 
8.45 	 0.004830432 
8.46 	 0.00471114 
8.47 	 0.004584317 
8.48 	 0.004446628 
8.49 	 0.004286246 
8.5 	 0.004095657 
8.51 	 0.003884469 
8.52 	 0.003668821 
8.53 	 0.003455376 
8.54 	 0.003241029 
8.55 	 0.003021053 
8.56 	 0.002791906 
8.57 	 0.002545314 
8.58 	 0.002269996 
8.59 	 0.001964492 
8.6 	 0.00164376 
8.61 	 0.001335248 
8.62 	 0.001070268 
8.63 	 0.0008714661 
8.64 	 0.0007430278 
8.65 	 0.0006736226 
8.66 	 0.000650177 
8.67 	 0.0006696506 
8.68 	 0.0007317324 
8.69 	 0.0008260501 
8.7 	 0.00093757 
8.71 	 0.001062414 
8.72 	 0.0012175 
8.73 	 0.001432812 
8.74 	 0.001729793 
8.75 	 0.002107636 
8.76 	 0.002552405 
8.77 	 0.00305187 
8.78 	 0.0035949 
8.79 	 0.004163135 
8.8 	 0.004728369 
8.81 	 0.005258551 
8.82 	 0.005725659 
8.83 	 0.006110888 
8.84 	 0.006407091 
8.85 	 0.006617146 
8.86 	 0.006753027 
8.87 	 0.006835155 
8.88 	 0.006887516 
8.89 	 0.006929642 
8.9 	 0.006964592 
8.91 	 0.006970043 
8.92 	 0.006906515 
8.93 	 0.00673362 
8.94 	 0.006422329 
8.95 	 0.005962778 
8.96 	 0.00536436 
8.97 	 0.004650672 
8.98 	 0.003854963 
8.99 	 0.003018769 
9.0 	 0.002189218 
9.01 	 0.001414169 
9.02 	 0.0007356377 
9.03 	 0.0001802559 
9.04 	 -0.0002470544 
9.05 	 -0.0005617099 
9.06 	 -0.0007907797 
9.07 	 -0.0009608347 
9.08 	 -0.001092392 
9.09 	 -0.0012024 
9.1 	 -0.001303694 
9.11 	 -0.001401849 
9.12 	 -0.001499224 
9.13 	 -0.001605344 
9.14 	 -0.001739893 
9.15 	 -0.001926268 
9.16 	 -0.00217856 
9.17 	 -0.002486493 
9.18 	 -0.002816144 
9.19 	 -0.003128277 
9.2 	 -0.003395719 
9.21 	 -0.00360382 
9.22 	 -0.003743548 
9.23 	 -0.00381189 
9.24 	 -0.003818167 
9.25 	 -0.003785089 
9.26 	 -0.003738522 
9.27 	 -0.003699787 
9.28 	 -0.003682698 
9.29 	 -0.003693998 
9.3 	 -0.003739825 
9.31 	 -0.003827837 
9.32 	 -0.003965925 
9.33 	 -0.004159979 
9.34 	 -0.00440502 
9.35 	 -0.004681173 
9.36 	 -0.004961878 
9.37 	 -0.005226271 
9.38 	 -0.005469914 
9.39 	 -0.005705049 
9.4 	 -0.005947696 
9.41 	 -0.006203318 
9.42 	 -0.006459408 
9.43 	 -0.006687786 
9.44 	 -0.006856601 
9.45 	 -0.006945763 
9.46 	 -0.00695778 
9.47 	 -0.006915719 
9.48 	 -0.006853214 
9.49 	 -0.006801409 
9.5 	 -0.006775449 
9.51 	 -0.006771708 
9.52 	 -0.006772346 
9.53 	 -0.00675202 
9.54 	 -0.006692122 
9.55 	 -0.006592474 
9.56 	 -0.006466227 
9.57 	 -0.00632723 
9.58 	 -0.006183912 
9.59 	 -0.006043481 
9.6 	 -0.005917645 
9.61 	 -0.005815795 
9.62 	 -0.005731679 
9.63 	 -0.005643635 
9.64 	 -0.005529013 
9.65 	 -0.005373773 
9.66 	 -0.005172327 
9.67 	 -0.00492382 
9.68 	 -0.004625778 
9.69 	 -0.004272485 
9.7 	 -0.003864149 
9.71 	 -0.003415476 
9.72 	 -0.002952617 
9.73 	 -0.002501948 
9.74 	 -0.002081984 
9.75 	 -0.001706742 
9.76 	 -0.001392402 
9.77 	 -0.001154183 
9.78 	 -0.0009961839 
9.79 	 -0.0009088028 
9.8 	 -0.0008739547 
9.81 	 -0.0008715845 
9.82 	 -0.0008864474 
9.83 	 -0.0009084324 
9.84 	 -0.0009311128 
9.85 	 -0.0009527133 
9.86 	 -0.0009726141 
9.87 	 -0.0009836062 
9.88 	 -0.0009682567 
9.89 	 -0.0009040873 
9.9 	 -0.000773554 
9.91 	 -0.0005733485 
9.92 	 -0.0003143848 
9.93 	 -1.232891e-05 
9.94 	 0.0003164095 
9.95 	 0.0006508101 
9.96 	 0.0009640388 
9.97 	 0.001231276 
9.98 	 0.001439831 
9.99 	 0.001589831 
10.0 	 0.001692494 
10.01 	 0.001767639 
10.02 	 0.001833291 
10.03 	 0.001896407 
10.04 	 0.001956194 
10.05 	 0.002014014 
10.06 	 0.002076361 
10.07 	 0.002150317 
10.08 	 0.002239926 
10.09 	 0.002347485 
10.1 	 0.002476667 
10.11 	 0.002632504 
10.12 	 0.002820525 
10.13 	 0.003049716 
10.14 	 0.003329402 
10.15 	 0.00365909 
10.16 	 0.004024296 
10.17 	 0.004401195 
10.18 	 0.004765198 
10.19 	 0.005097496 
10.2 	 0.005389752 
10.21 	 0.005644384 
10.22 	 0.00587095 
10.23 	 0.006082492 
10.24 	 0.006286171 
10.25 	 0.00647547 
10.26 	 0.006634309 
10.27 	 0.006748354 
10.28 	 0.006814071 
10.29 	 0.006839262 
10.3 	 0.006836576 
10.31 	 0.006813611 
10.32 	 0.006765881 
10.33 	 0.006681587 
10.34 	 0.006553733 
10.35 	 0.006385003 
10.36 	 0.006183747 
10.37 	 0.005957809 
10.38 	 0.005710559 
10.39 	 0.005440425 
10.4 	 0.00514227 
10.41 	 0.004815413 
10.42 	 0.00447154 
10.43 	 0.004127058 
10.44 	 0.003789967 
10.45 	 0.003456919 
10.46 	 0.003121215 
10.47 	 0.002778323 
10.48 	 0.002423022 
10.49 	 0.002045652 
10.5 	 0.001632451 
10.51 	 0.001171451 
10.52 	 0.0006578255 
10.53 	 9.744194e-05 
10.54 	 -0.000493206 
10.55 	 -0.001090782 
10.56 	 -0.0016682 
10.57 	 -0.002199196 
10.58 	 -0.002666897 
10.59 	 -0.00306811 
10.6 	 -0.003407296 
10.61 	 -0.003689306 
10.62 	 -0.003916657 
10.63 	 -0.004091873 
10.64 	 -0.004219919 
10.65 	 -0.0043055 
10.66 	 -0.004347693 
10.67 	 -0.004340626 
10.68 	 -0.004283339 
10.69 	 -0.004185625 
10.7 	 -0.004061867 
10.71 	 -0.003922145 
10.72 	 -0.003770289 
10.73 	 -0.00360873 
10.74 	 -0.003444487 
10.75 	 -0.003292512 
10.76 	 -0.003173695 
10.77 	 -0.003106302 
10.78 	 -0.003097987 
10.79 	 -0.003144218 
10.8 	 -0.003235869 
10.81 	 -0.00336691 
10.82 	 -0.00353257 
10.83 	 -0.00372624 
10.84 	 -0.003938382 
10.85 	 -0.004155932 
10.86 	 -0.004364558 
10.87 	 -0.004554498 
10.88 	 -0.004722971 
10.89 	 -0.004869758 
10.9 	 -0.004994546 
10.91 	 -0.005098194 
10.92 	 -0.005181273 
10.93 	 -0.00524261 
10.94 	 -0.005280159 
10.95 	 -0.005289781 
10.96 	 -0.005267764 
10.97 	 -0.005217692 
10.98 	 -0.005149897 
10.99 	 -0.005075498 
11.0 	 -0.005001081 
11.01 	 -0.004924663 
11.02 	 -0.004840053 
11.03 	 -0.004741053 
11.04 	 -0.004622032 
11.05 	 -0.004484736 
11.06 	 -0.004339208 
11.07 	 -0.00419382 
11.08 	 -0.004048781 
11.09 	 -0.003899428 
11.1 	 -0.003741633 
11.11 	 -0.003573711 
11.12 	 -0.003395574 
11.13 	 -0.003206131 
11.14 	 -0.003002445 
11.15 	 -0.002781997 
11.16 	 -0.002545886 
11.17 	 -0.002299085 
11.18 	 -0.002047683 
11.19 	 -0.001795216 
11.2 	 -0.001540185 
11.21 	 -0.001275396 
11.22 	 -0.0009874834 
11.23 	 -0.0006606978 
11.24 	 -0.0002843711 
11.25 	 0.00014271 
11.26 	 0.0006138066 
11.27 	 0.001116997 
11.28 	 0.001641729 
11.29 	 0.002185412 
11.3 	 0.002745005 
11.31 	 0.003309492 
11.32 	 0.003865113 
11.33 	 0.00440291 
11.34 	 0.004921531 
11.35 	 0.005420134 
11.36 	 0.005891211 
11.37 	 0.006323246 
11.38 	 0.006710194 
11.39 	 0.007057456 
11.4 	 0.007376052 
11.41 	 0.007673973 
11.42 	 0.007954263 
11.43 	 0.008215302 
11.44 	 0.008453107 
11.45 	 0.00866774 
11.46 	 0.008865395 
11.47 	 0.009057941 
11.48 	 0.009261769 
11.49 	 0.009489596 
11.5 	 0.009740788 
11.51 	 0.009999746 
11.52 	 0.01024613 
11.53 	 0.01046998 
11.54 	 0.01067417 
11.55 	 0.01086045 
11.56 	 0.01101972 
11.57 	 0.01113633 
11.58 	 0.01120044 
11.59 	 0.01121632 
11.6 	 0.01119784 
11.61 	 0.01116039 
11.62 	 0.01111702 
11.63 	 0.01107954 
11.64 	 0.01106021 
11.65 	 0.01106934 
11.66 	 0.01110756 
11.67 	 0.01116205 
11.68 	 0.01121362 
11.69 	 0.01124451 
11.7 	 0.01124376 
11.71 	 0.01120766 
11.72 	 0.01113354 
11.73 	 0.0110157 
11.74 	 0.01084417 
11.75 	 0.01060748 
11.76 	 0.01029829 
11.77 	 0.009913663 
11.78 	 0.009453276 
11.79 	 0.008921033 
11.8 	 0.008325518 
11.81 	 0.007677034 
11.82 	 0.006986037 
11.83 	 0.00626333 
11.84 	 0.005519552 
11.85 	 0.004762385 
11.86 	 0.003993025 
11.87 	 0.003206439 
11.88 	 0.002395766 
11.89 	 0.001557876 
11.9 	 0.0006935973 
11.91 	 -0.0001947183 
11.92 	 -0.001100582 
11.93 	 -0.00201186 
11.94 	 -0.002913767 
11.95 	 -0.00379419 
11.96 	 -0.004647657 
11.97 	 -0.005473453 
11.98 	 -0.006274022 
11.99 	 -0.007054315 
12.0 	 -0.007819519 
12.01 	 -0.008571951 
12.02 	 -0.009307092 
12.03 	 -0.01001383 
12.04 	 -0.01067979 
12.05 	 -0.01129375 
12.06 	 -0.01184387 
12.07 	 -0.0123182 
12.08 	 -0.0127083 
12.09 	 -0.01301063 
12.1 	 -0.01322322 
12.11 	 -0.01334345 
12.12 	 -0.01336911 
12.13 	 -0.0133011 
12.14 	 -0.01314131 
12.15 	 -0.01288842 
12.16 	 -0.01254166 
12.17 	 -0.01210429 
12.18 	 -0.01158205 
12.19 	 -0.01098636 
12.2 	 -0.01033643 
12.21 	 -0.009650321 
12.22 	 -0.008941584 
12.23 	 -0.008221606 
12.24 	 -0.007498027 
12.25 	 -0.006774162 
12.26 	 -0.006052034 
12.27 	 -0.005338845 
12.28 	 -0.004646603 
12.29 	 -0.003987039 
12.3 	 -0.003368347 
12.31 	 -0.002794409 
12.32 	 -0.002265755 
12.33 	 -0.001779794 
12.34 	 -0.001334005 
12.35 	 -0.0009260555 
12.36 	 -0.00055153 
12.37 	 -0.0002045954 
12.38 	 0.0001201658 
12.39 	 0.00042621 
12.4 	 0.0007153874 
12.41 	 0.0009875489 
12.42 	 0.001240679 
12.43 	 0.001473242 
12.44 	 0.001685862 
12.45 	 0.001882957 
12.46 	 0.002070728 
12.47 	 0.002253482 
12.48 	 0.002435136 
12.49 	 0.00262017 
12.5 	 0.002813314 
12.51 	 0.003019366 
12.52 	 0.003240935 
12.53 	 0.003475906 
12.54 	 0.003716595 
12.55 	 0.003951053 
12.56 	 0.004165974 
12.57 	 0.004348618 
12.58 	 0.004487062 
12.59 	 0.004573006 
12.6 	 0.00460295 
12.61 	 0.004577431 
12.62 	 0.004502445 
12.63 	 0.004389024 
12.64 	 0.004247854 
12.65 	 0.004084435 
12.66 	 0.003902348 
12.67 	 0.003707891 
12.68 	 0.003509344 
12.69 	 0.003312265 
12.7 	 0.003117485 
12.71 	 0.002922555 
12.72 	 0.002722406 
12.73 	 0.002512946 
12.74 	 0.002295669 
12.75 	 0.002077191 
12.76 	 0.001862884 
12.77 	 0.001651986 
12.78 	 0.001439465 
12.79 	 0.001220703 
12.8 	 0.0009930231 
12.81 	 0.000753455 
12.82 	 0.0004991525 
12.83 	 0.0002291725 
12.84 	 -5.354156e-05 
12.85 	 -0.0003393907 
12.86 	 -0.0006158195 
12.87 	 -0.0008730819 
12.88 	 -0.001105849 
12.89 	 -0.001312405 
12.9 	 -0.001492337 
12.91 	 -0.001649324 
12.92 	 -0.001792846 
12.93 	 -0.001930695 
12.94 	 -0.002063424 
12.95 	 -0.002186511 
12.96 	 -0.002295829 
12.97 	 -0.002391517 
12.98 	 -0.002476933 
12.99 	 -0.002555089 
13.0 	 -0.0026279 
13.01 	 -0.002698091 
13.02 	 -0.00277042 
13.03 	 -0.002851315 
13.04 	 -0.002946899 
13.05 	 -0.003059505 
13.06 	 -0.003188189 
13.07 	 -0.003333548 
13.08 	 -0.003497732 
13.09 	 -0.003680491 
13.1 	 -0.003876541 
13.11 	 -0.004077606 
13.12 	 -0.004274895 
13.13 	 -0.004458638 
13.14 	 -0.004621154 
13.15 	 -0.004759995 
13.16 	 -0.004876279 
13.17 	 -0.004971835 
13.18 	 -0.005047986 
13.19 	 -0.005107267 
13.2 	 -0.005152144 
13.21 	 -0.005180648 
13.22 	 -0.005186947 
13.23 	 -0.005164184 
13.24 	 -0.005106605 
13.25 	 -0.005012593 
13.26 	 -0.004885677 
13.27 	 -0.004731448 
13.28 	 -0.004556873 
13.29 	 -0.004371349 
13.3 	 -0.004182285 
13.31 	 -0.003988014 
13.32 	 -0.003777586 
13.33 	 -0.003538436 
13.34 	 -0.003260995 
13.35 	 -0.002939878 
13.36 	 -0.002575527 
13.37 	 -0.002172218 
13.38 	 -0.001736511 
13.39 	 -0.001279484 
13.4 	 -0.0008163268 
13.41 	 -0.0003614582 
13.42 	 7.624016e-05 
13.43 	 0.000494949 
13.44 	 0.000901585 
13.45 	 0.001309713 
13.46 	 0.001726814 
13.47 	 0.002147114 
13.48 	 0.002556658 
13.49 	 0.002939479 
13.5 	 0.003286837 
13.51 	 0.00360061 
13.52 	 0.003886187 
13.53 	 0.00414663 
13.54 	 0.00438219 
13.55 	 0.004595777 
13.56 	 0.004793426 
13.57 	 0.004977152 
13.58 	 0.005144144 
13.59 	 0.005289591 
13.6 	 0.005407807 
13.61 	 0.005497127 
13.62 	 0.005562672 
13.63 	 0.005611428 
13.64 	 0.005646825 
13.65 	 0.005667692 
13.66 	 0.005669361 
13.67 	 0.005647531 
13.68 	 0.005604843 
13.69 	 0.005551967 
13.7 	 0.005503887 
13.71 	 0.005475671 
13.72 	 0.005477901 
13.73 	 0.005513656 
13.74 	 0.005578527 
13.75 	 0.005664238 
13.76 	 0.005763143 
13.77 	 0.005869787 
13.78 	 0.005980492 
13.79 	 0.006092691 
13.8 	 0.00620183 
13.81 	 0.006301383 
13.82 	 0.006387547 
13.83 	 0.006461655 
13.84 	 0.006524962 
13.85 	 0.006573325 
13.86 	 0.006603009 
13.87 	 0.006615439 
13.88 	 0.006613456 
13.89 	 0.006597379 
13.9 	 0.006565316 
13.91 	 0.006516354 
13.92 	 0.006451389 
13.93 	 0.006370712 
13.94 	 0.006272023 
13.95 	 0.006151168 
13.96 	 0.006006053 
13.97 	 0.005840139 
13.98 	 0.005661223 
13.99 	 0.005476909 
14.0 	 0.005289546 
14.01 	 0.005096672 
14.02 	 0.00489694 
14.03 	 0.004689981 
14.04 	 0.004473228 
14.05 	 0.004241004 
14.06 	 0.003985823 
14.07 	 0.003701896 
14.08 	 0.00338516 
14.09 	 0.003032553 
14.1 	 0.002642979 
14.11 	 0.002218367 
14.12 	 0.001766948 
14.13 	 0.001303068 
14.14 	 0.0008409114 
14.15 	 0.0003922657 
14.16 	 -3.298352e-05 
14.17 	 -0.0004281355 
14.18 	 -0.000790052 
14.19 	 -0.001119311 
14.2 	 -0.001419679 
14.21 	 -0.001699468 
14.22 	 -0.00197105 
14.23 	 -0.002246737 
14.24 	 -0.002536291 
14.25 	 -0.002844746 
14.26 	 -0.0031725 
14.27 	 -0.003516968 
14.28 	 -0.003873338 
14.29 	 -0.004235422 
14.3 	 -0.004596768 
14.31 	 -0.004952402 
14.32 	 -0.005301334 
14.33 	 -0.005645885 
14.34 	 -0.005986193 
14.35 	 -0.006318397 
14.36 	 -0.006637253 
14.37 	 -0.006936483 
14.38 	 -0.007209013 
14.39 	 -0.007447341 
14.4 	 -0.007645394 
14.41 	 -0.007803842 
14.42 	 -0.007929794 
14.43 	 -0.008031322 
14.44 	 -0.008112853 
14.45 	 -0.008173818 
14.46 	 -0.008209972 
14.47 	 -0.008215265 
14.48 	 -0.008187791 
14.49 	 -0.008132127 
14.5 	 -0.008050823 
14.51 	 -0.007940012 
14.52 	 -0.007796068 
14.53 	 -0.007619016 
14.54 	 -0.007411592 
14.55 	 -0.007179748 
14.56 	 -0.006929202 
14.57 	 -0.006663291 
14.58 	 -0.006387191 
14.59 	 -0.006107908 
14.6 	 -0.005829814 
14.61 	 -0.005553387 
14.62 	 -0.005275328 
14.63 	 -0.004989505 
14.64 	 -0.00469195 
14.65 	 -0.004385023 
14.66 	 -0.004074214 
14.67 	 -0.003764134 
14.68 	 -0.003456649 
14.69 	 -0.003151466 
14.7 	 -0.00284882 
14.71 	 -0.002549104 
14.72 	 -0.002252206 
14.73 	 -0.00195745 
14.74 	 -0.001664949 
14.75 	 -0.00137519 
14.76 	 -0.001085329 
14.77 	 -0.0007894208 
14.78 	 -0.0004841558 
14.79 	 -0.0001705298 
14.8 	 0.0001490559 
14.81 	 0.0004719851 
14.82 	 0.0007971215 
14.83 	 0.001123713 
14.84 	 0.00144998 
14.85 	 0.001775042 
14.86 	 0.002098892 
14.87 	 0.00241992 
14.88 	 0.002736044 
14.89 	 0.003046428 
14.9 	 0.003348266 
14.91 	 0.003633576 
14.92 	 0.003892218 
14.93 	 0.004118457 
14.94 	 0.004312204 
14.95 	 0.004476665 
14.96 	 0.00461514 
14.97 	 0.004726917 
14.98 	 0.004808715 
14.99 	 0.004860264 
15.0 	 0.004885583 
15.01 	 0.004890722 
15.02 	 0.004884433 
15.03 	 0.004877453 
15.04 	 0.004877651 
15.05 	 0.004887154 
15.06 	 0.004903623 
15.07 	 0.004924621 
15.08 	 0.004949027 
15.09 	 0.004976469 
15.1 	 0.005007257 
15.11 	 0.005041804 
15.12 	 0.005080622 
15.13 	 0.005123307 
15.14 	 0.00516783 
15.15 	 0.0052091 
15.16 	 0.005241342 
15.17 	 0.005261933 
15.18 	 0.005268401 
15.19 	 0.005257148 
15.2 	 0.005224325 
15.21 	 0.005166404 
15.22 	 0.005081734 
15.23 	 0.004969986 
15.24 	 0.00483158 
15.25 	 0.004670807 
15.26 	 0.004496941 
15.27 	 0.00431778 
15.28 	 0.00413569 
15.29 	 0.003950589 
15.3 	 0.003763782 
15.31 	 0.003575775 
15.32 	 0.003382465 
15.33 	 0.003179561 
15.34 	 0.00296578 
15.35 	 0.002741086 
15.36 	 0.002506568 
15.37 	 0.002264075 
15.38 	 0.002014831 
15.39 	 0.001758719 
15.4 	 0.001496333 
15.41 	 0.001228973 
15.42 	 0.0009567612 
15.43 	 0.0006800652 
15.44 	 0.0003997419 
15.45 	 0.0001157733 
15.46 	 -0.0001723307 
15.47 	 -0.0004633168 
15.48 	 -0.0007539058 
15.49 	 -0.001040916 
15.5 	 -0.001321272 
15.51 	 -0.00159133 
15.52 	 -0.001847872 
15.53 	 -0.002088839 
15.54 	 -0.00231457 
15.55 	 -0.002529397 
15.56 	 -0.002740344 
15.57 	 -0.002952339 
15.58 	 -0.003163431 
15.59 	 -0.0033671 
15.6 	 -0.00355966 
15.61 	 -0.003740614 
15.62 	 -0.003909647 
15.63 	 -0.004067772 
15.64 	 -0.004216972 
15.65 	 -0.004358092 
15.66 	 -0.004491138 
15.67 	 -0.004615174 
15.68 	 -0.004728325 
15.69 	 -0.004829449 
15.7 	 -0.004917865 
15.71 	 -0.004994386 
15.72 	 -0.005061141 
15.73 	 -0.005118481 
15.74 	 -0.005165367 
15.75 	 -0.00520009 
15.76 	 -0.005219438 
15.77 	 -0.005218618 
15.78 	 -0.005192567 
15.79 	 -0.00514006 
15.8 	 -0.005065202 
15.81 	 -0.004973198 
15.82 	 -0.004869801 
15.83 	 -0.004759607 
15.84 	 -0.004641411 
15.85 	 -0.004512499 
15.86 	 -0.004372706 
15.87 	 -0.004222719 
15.88 	 -0.004062486 
15.89 	 -0.003892173 
15.9 	 -0.00371566 
15.91 	 -0.003539371 
15.92 	 -0.003368318 
15.93 	 -0.00320516 
15.94 	 -0.003051573 
15.95 	 -0.00290839 
15.96 	 -0.002775438 
15.97 	 -0.002652361 
15.98 	 -0.002535442 
15.99 	 -0.002416708 
16.0 	 -0.002289867 
16.01 	 -0.0021524 
16.02 	 -0.002000884 
16.03 	 -0.00183211 
16.04 	 -0.001646433 
16.05 	 -0.001443903 
16.06 	 -0.001222784 
16.07 	 -0.0009835738 
16.08 	 -0.0007306467 
16.09 	 -0.0004695416 
16.1 	 -0.0002053521 
16.11 	 5.855751e-05 
16.12 	 0.0003201539 
16.13 	 0.0005756388 
16.14 	 0.0008205095 
16.15 	 0.001051276 
16.16 	 0.001265 
16.17 	 0.001461486 
16.18 	 0.001642574 
16.19 	 0.001809586 
16.2 	 0.001965282 
16.21 	 0.002114184 
16.22 	 0.002260752 
16.23 	 0.002407874 
16.24 	 0.002555868 
16.25 	 0.00270227 
16.26 	 0.00284353 
16.27 	 0.002976923 
16.28 	 0.003100995 
16.29 	 0.00321462 
16.3 	 0.003315422 
16.31 	 0.003400209 
16.32 	 0.003467027 
16.33 	 0.003516046 
16.34 	 0.003546444 
16.35 	 0.003556953 
16.36 	 0.003548188 
16.37 	 0.003519619 
16.38 	 0.003467188 
16.39 	 0.003386938 
16.4 	 0.00327904 
16.41 	 0.003146158 
16.42 	 0.0029911 
16.43 	 0.002815508 
16.44 	 0.002619708 
16.45 	 0.002404484 
16.46 	 0.002171661 
16.47 	 0.001923815 
16.48 	 0.001663423 
16.49 	 0.001392371 
16.5 	 0.001112073 
16.51 	 0.0008228503 
16.52 	 0.0005269943 
16.53 	 0.0002295591 
16.54 	 -6.45926e-05 
16.55 	 -0.0003503254 
16.56 	 -0.0006222175 
16.57 	 -0.0008771948 
16.58 	 -0.001116032 
16.59 	 -0.001341375 
16.6 	 -0.001555411 
16.61 	 -0.001760107 
16.62 	 -0.001956093 
16.63 	 -0.002141242 
16.64 	 -0.002315498 
16.65 	 -0.002482422 
16.66 	 -0.002644661 
16.67 	 -0.002804128 
16.68 	 -0.002960948 
16.69 	 -0.003110473 
16.7 	 -0.003247087 
16.71 	 -0.003367112 
16.72 	 -0.003467834 
16.73 	 -0.003547899 
16.74 	 -0.003607793 
16.75 	 -0.00364727 
16.76 	 -0.003660193 
16.77 	 -0.003635541 
16.78 	 -0.003563492 
16.79 	 -0.003438551 
16.8 	 -0.003260409 
16.81 	 -0.003033553 
16.82 	 -0.002765083 
16.83 	 -0.002462439 
16.84 	 -0.002131737 
16.85 	 -0.001777135 
16.86 	 -0.001403236 
16.87 	 -0.001016262 
16.88 	 -0.0006226694 
16.89 	 -0.0002303141 
16.9 	 0.0001529352 
16.91 	 0.0005230801 
16.92 	 0.0008790054 
16.93 	 0.001218945 
16.94 	 0.001537421 
16.95 	 0.001827941 
16.96 	 0.00208871 
16.97 	 0.00232241 
16.98 	 0.002531649 
16.99 	 0.002716577 
17.0 	 0.002875984 
17.01 	 0.003009024 
17.02 	 0.003117321 
17.03 	 0.00320345 
17.04 	 0.003269073 
17.05 	 0.003317825 
17.06 	 0.003355159 
17.07 	 0.003384342 
17.08 	 0.003405429 
17.09 	 0.003416941 
17.1 	 0.003416916 
17.11 	 0.003404608 
17.12 	 0.003379441 
17.13 	 0.003338569 
17.14 	 0.003279215 
17.15 	 0.003200483 
17.16 	 0.003106881 
17.17 	 0.003007929 
17.18 	 0.002911397 
17.19 	 0.0028248 
17.2 	 0.00275644 
17.21 	 0.002711328 
17.22 	 0.002691482 
17.23 	 0.002696552 
17.24 	 0.002723581 
17.25 	 0.002769436 
17.26 	 0.00283112 
17.27 	 0.002903913 
17.28 	 0.002983182 
17.29 	 0.003066186 
17.3 	 0.003151358 
17.31 	 0.00323738 
17.32 	 0.003323535 
17.33 	 0.003410355 
17.34 	 0.003498283 
17.35 	 0.003586861 
17.36 	 0.003674002 
17.37 	 0.003756104 
17.38 	 0.003831753 
17.39 	 0.003902425 
17.4 	 0.003968123 
17.41 	 0.004026723 
17.42 	 0.004076325 
17.43 	 0.004115545 
17.44 	 0.004143888 
17.45 	 0.004161607 
17.46 	 0.004169303 
17.47 	 0.004168844 
17.48 	 0.004161877 
17.49 	 0.004148058 
17.5 	 0.004126456 
17.51 	 0.004095052 
17.52 	 0.004049973 
17.53 	 0.003986444 
17.54 	 0.003899174 
17.55 	 0.00378334 
17.56 	 0.003634784 
17.57 	 0.003451553 
17.58 	 0.003235132 
17.59 	 0.002988266 
17.6 	 0.00271359 
17.61 	 0.002413137 
17.62 	 0.002088641 
17.63 	 0.001741363 
17.64 	 0.001371627 
17.65 	 0.00098072 
17.66 	 0.0005709488 
17.67 	 0.0001448719 
17.68 	 -0.0002924551 
17.69 	 -0.0007317982 
17.7 	 -0.001161895 
17.71 	 -0.001573239 
17.72 	 -0.001958358 
17.73 	 -0.002312032 
17.74 	 -0.002632919 
17.75 	 -0.00292179 
17.76 	 -0.003178651 
17.77 	 -0.003404411 
17.78 	 -0.003604532 
17.79 	 -0.003787048 
17.8 	 -0.003957595 
17.81 	 -0.004117748 
17.82 	 -0.004267162 
17.83 	 -0.00440462 
17.84 	 -0.004528284 
17.85 	 -0.00463739 
17.86 	 -0.004731358 
17.87 	 -0.004809121 
17.88 	 -0.004871407 
17.89 	 -0.004919345 
17.9 	 -0.004951655 
17.91 	 -0.004965667 
17.92 	 -0.004960252 
17.93 	 -0.004935998 
17.94 	 -0.004893749 
17.95 	 -0.004836659 
17.96 	 -0.004768791 
17.97 	 -0.004691421 
17.98 	 -0.004605547 
17.99 	 -0.004514658 
18.0 	 -0.004421817 
18.01 	 -0.004328002 
18.02 	 -0.004234063 
18.03 	 -0.004140422 
18.04 	 -0.004045891 
18.05 	 -0.003949813 
18.06 	 -0.003854565 
18.07 	 -0.003763665 
18.08 	 -0.003680001 
18.09 	 -0.003606324 
18.1 	 -0.003543234 
18.11 	 -0.003488808 
18.12 	 -0.003440564 
18.13 	 -0.003396536 
18.14 	 -0.003356684 
18.15 	 -0.003322124 
18.16 	 -0.003294322 
18.17 	 -0.003273309 
18.18 	 -0.003256122 
18.19 	 -0.003239683 
18.2 	 -0.003221069 
18.21 	 -0.003197489 
18.22 	 -0.0031667 
18.23 	 -0.003125991 
18.24 	 -0.003072042 
18.25 	 -0.002998835 
18.26 	 -0.002899994 
18.27 	 -0.002772566 
18.28 	 -0.002617344 
18.29 	 -0.002438863 
18.3 	 -0.002244005 
18.31 	 -0.00204046 
18.32 	 -0.001835631 
18.33 	 -0.001637679 
18.34 	 -0.00145532 
18.35 	 -0.001296412 
18.36 	 -0.001168434 
18.37 	 -0.001076972 
18.38 	 -0.001023819 
18.39 	 -0.00100767 
18.4 	 -0.001024115 
18.41 	 -0.001066302 
18.42 	 -0.001128213 
18.43 	 -0.001205659 
18.44 	 -0.001296352 
18.45 	 -0.001397159 
18.46 	 -0.001501037 
18.47 	 -0.001599845 
18.48 	 -0.001686023 
18.49 	 -0.001752954 
18.5 	 -0.001796211 
18.51 	 -0.001814671 
18.52 	 -0.001811697 
18.53 	 -0.00179355 
18.54 	 -0.001764789 
18.55 	 -0.001726389 
18.56 	 -0.001677976 
18.57 	 -0.001619209 
18.58 	 -0.001548814 
18.59 	 -0.001464797 
18.6 	 -0.00136616 
18.61 	 -0.001252216 
18.62 	 -0.001122653 
18.63 	 -0.0009791095 
18.64 	 -0.0008255437 
18.65 	 -0.0006668087 
18.66 	 -0.0005064059 
18.67 	 -0.0003458635 
18.68 	 -0.0001855075 
18.69 	 -2.503191e-05 
18.7 	 0.0001364964 
18.71 	 0.0002995026 
18.72 	 0.0004640025 
18.73 	 0.0006297413 
18.74 	 0.0007938835 
18.75 	 0.0009527908 
18.76 	 0.001103764 
18.77 	 0.001243367 
18.78 	 0.001368746 
18.79 	 0.001477329 
18.8 	 0.001566084 
18.81 	 0.001633817 
18.82 	 0.001680757 
18.83 	 0.001707762 
18.84 	 0.001716048 
18.85 	 0.001706092 
18.86 	 0.001678921 
18.87 	 0.001637534 
18.88 	 0.00158839 
18.89 	 0.00153938 
18.9 	 0.001494279 
18.91 	 0.001453781 
18.92 	 0.001419772 
18.93 	 0.001394328 
18.94 	 0.001376937 
18.95 	 0.001366807 
18.96 	 0.001365528 
18.97 	 0.001376693 
18.98 	 0.001403127 
18.99 	 0.001443722 
19.0 	 0.001494353 
19.01 	 0.001549011 
19.02 	 0.001601869 
19.03 	 0.001650369 
19.04 	 0.001694104 
19.05 	 0.001732736 
19.06 	 0.001765989 
19.07 	 0.00179359 
19.08 	 0.001815764 
19.09 	 0.001834292 
19.1 	 0.001852073 
19.11 	 0.001870661 
19.12 	 0.001888177 
19.13 	 0.001902397 
19.14 	 0.001911519 
19.15 	 0.001912187 
19.16 	 0.001901279 
19.17 	 0.001877709 
19.18 	 0.00184389 
19.19 	 0.001802544 
19.2 	 0.00175372 
19.21 	 0.001696688 
19.22 	 0.001631384 
19.23 	 0.001560136 
19.24 	 0.001487125 
19.25 	 0.001415474 
19.26 	 0.001345871 
19.27 	 0.001278048 
19.28 	 0.001212026 
19.29 	 0.001147811 
19.3 	 0.001086343 
19.31 	 0.001029263 
19.32 	 0.0009775197 
19.33 	 0.0009310245 
19.34 	 0.0008883462 
19.35 	 0.0008485825 
19.36 	 0.0008131566 
19.37 	 0.0007828168 
19.38 	 0.0007573778 
19.39 	 0.0007373329 
19.4 	 0.0007214029 
19.41 	 0.0007054313 
19.42 	 0.0006853298 
19.43 	 0.0006602041 
19.44 	 0.0006303065 
19.45 	 0.0005955968 
19.46 	 0.0005579113 
19.47 	 0.0005198814 
19.48 	 0.0004816929 
19.49 	 0.0004409188 
19.5 	 0.0003947326 
19.51 	 0.0003399941 
19.52 	 0.000274184 
19.53 	 0.0001979144 
19.54 	 0.0001144246 
19.55 	 2.747417e-05 
19.56 	 -6.073875e-05 
19.57 	 -0.000149364 
19.58 	 -0.0002349422 
19.59 	 -0.0003103296 
19.6 	 -0.0003706476 
19.61 	 -0.0004167852 
19.62 	 -0.0004521779 
19.63 	 -0.0004796099 
19.64 	 -0.0004999863 
19.65 	 -0.000512429 
19.66 	 -0.00051635 
19.67 	 -0.0005117681 
19.68 	 -0.0004965481 
19.69 	 -0.0004672068 
19.7 	 -0.0004224948 
19.71 	 -0.0003641644 
19.72 	 -0.0002955629 
19.73 	 -0.0002198716 
19.74 	 -0.0001381747 
19.75 	 -5.024414e-05 
19.76 	 4.364712e-05 
19.77 	 0.0001439681 
19.78 	 0.00025127 
19.79 	 0.0003649306 
19.8 	 0.0004844269 
19.81 	 0.0006084729 
19.82 	 0.0007353543 
19.83 	 0.0008647391 
19.84 	 0.0009954443 
19.85 	 0.001125078 
19.86 	 0.001251951 
19.87 	 0.001372996 
19.88 	 0.001482028 
19.89 	 0.001571849 
19.9 	 0.001635861 
19.91 	 0.00166806 
19.92 	 0.001665649 
19.93 	 0.001629093 
19.94 	 0.001559375 
19.95 	 0.001459441 
19.96 	 0.001334453 
19.97 	 0.001190237 
19.98 	 0.001031475 
19.99 	 0.0008615843 
20.0 	 0.0006843349 
20.01 	 0.0005018784 
20.02 	 0.0003152789 
20.03 	 0.0001272069 
20.04 	 -5.952946e-05 
20.05 	 -0.000244268 
20.06 	 -0.0004275398 
20.07 	 -0.0006089097 
20.08 	 -0.0007863456 
20.09 	 -0.000956542 
20.1 	 -0.001117673 
20.11 	 -0.001271656 
20.12 	 -0.001421827 
20.13 	 -0.001568798 
20.14 	 -0.001709191 
20.15 	 -0.001837458 
20.16 	 -0.001948182 
20.17 	 -0.002036434 
20.18 	 -0.002098536 
20.19 	 -0.002133659 
20.2 	 -0.002142924 
20.21 	 -0.002129079 
20.22 	 -0.002095535 
20.23 	 -0.002044894 
20.24 	 -0.001979629 
20.25 	 -0.001903287 
20.26 	 -0.001819955 
20.27 	 -0.001732367 
20.28 	 -0.001642297 
20.29 	 -0.001551109 
20.3 	 -0.001459752 
20.31 	 -0.001369859 
20.32 	 -0.001283302 
20.33 	 -0.001201671 
20.34 	 -0.001128095 
20.35 	 -0.001066494 
20.36 	 -0.001020364 
20.37 	 -0.0009935005 
20.38 	 -0.0009880409 
20.39 	 -0.001003923 
20.4 	 -0.001039227 
20.41 	 -0.001090163 
20.42 	 -0.001152253 
20.43 	 -0.00121917 
20.44 	 -0.001283091 
20.45 	 -0.001337255 
20.46 	 -0.001377293 
20.47 	 -0.001401137 
20.48 	 -0.001407636 
20.49 	 -0.001395827 
20.5 	 -0.001364063 
20.51 	 -0.001310694 
20.52 	 -0.001236339 
20.53 	 -0.001142308 
20.54 	 -0.00102921 
20.55 	 -0.0008977864 
20.56 	 -0.0007497766 
20.57 	 -0.0005881616 
20.58 	 -0.0004159846 
20.59 	 -0.000235734 
20.6 	 -4.850273e-05 
20.61 	 0.0001451661 
20.62 	 0.0003423622 
20.63 	 0.0005388041 
20.64 	 0.0007321916 
20.65 	 0.0009219607 
20.66 	 0.001106046 
20.67 	 0.001280511 
20.68 	 0.001442743 
20.69 	 0.001590885 
20.7 	 0.001720931 
20.71 	 0.001828144 
20.72 	 0.001910847 
20.73 	 0.001969979 
20.74 	 0.002006171 
20.75 	 0.002020821 
20.76 	 0.002017106 
20.77 	 0.001997969 
20.78 	 0.001964396 
20.79 	 0.001915113 
20.8 	 0.001847195 
20.81 	 0.001758717 
20.82 	 0.001651848 
20.83 	 0.001529885 
20.84 	 0.00139494 
20.85 	 0.001250989 
20.86 	 0.001102124 
20.87 	 0.0009502563 
20.88 	 0.0007963838 
20.89 	 0.0006408967 
20.9 	 0.000483984 
20.91 	 0.0003255658 
20.92 	 0.0001662832 
20.93 	 9.312574e-06 
20.94 	 -0.0001419147 
20.95 	 -0.0002868166 
20.96 	 -0.0004270712 
20.97 	 -0.0005652047 
20.98 	 -0.0007026423 
20.99 	 -0.000839253 
21.0 	 -0.0009752838 
21.01 	 -0.001111406 
21.02 	 -0.001248024 
21.03 	 -0.001385368 
21.04 	 -0.001524757 
21.05 	 -0.001669728 
21.06 	 -0.001823818 
21.07 	 -0.001988372 
21.08 	 -0.002163354 
21.09 	 -0.002347266 
21.1 	 -0.002536772 
21.11 	 -0.002727596 
21.12 	 -0.002914234 
21.13 	 -0.003091405 
21.14 	 -0.003256027 
21.15 	 -0.003406059 
21.16 	 -0.003539997 
21.17 	 -0.003657172 
21.18 	 -0.003757543 
21.19 	 -0.003842937 
21.2 	 -0.003915746 
21.21 	 -0.003974103 
21.22 	 -0.004013012 
21.23 	 -0.004029737 
21.24 	 -0.004024174 
21.25 	 -0.003996638 
21.26 	 -0.003948846 
21.27 	 -0.003884854 
21.28 	 -0.003808311 
21.29 	 -0.003720572 
21.3 	 -0.003621574 
21.31 	 -0.003510774 
21.32 	 -0.003387386 
21.33 	 -0.003250465 
21.34 	 -0.003100062 
21.35 	 -0.002937552 
21.36 	 -0.002765629 
21.37 	 -0.002590649 
21.38 	 -0.002419585 
21.39 	 -0.002255289 
21.4 	 -0.002098709 
21.41 	 -0.001950602 
21.42 	 -0.001809878 
21.43 	 -0.001673361 
21.44 	 -0.001538234 
21.45 	 -0.001401826 
21.46 	 -0.001259308 
21.47 	 -0.001106317 
21.48 	 -0.0009432783 
21.49 	 -0.000774026 
21.5 	 -0.0006011899 
21.51 	 -0.0004258923 
21.52 	 -0.0002511534 
21.53 	 -8.16957e-05 
21.54 	 7.789733e-05 
21.55 	 0.0002223311 
21.56 	 0.0003468082 
21.57 	 0.0004481972 
21.58 	 0.0005233629 
21.59 	 0.000570059 
21.6 	 0.0005891806 
21.61 	 0.0005844543 
21.62 	 0.0005617506 
21.63 	 0.0005269602 
21.64 	 0.0004839876 
21.65 	 0.0004368493 
21.66 	 0.0003893057 
21.67 	 0.000343095 
21.68 	 0.0002990304 
21.69 	 0.0002570258 
21.7 	 0.0002158242 
21.71 	 0.0001727653 
21.72 	 0.0001243887 
21.73 	 6.75921e-05 
21.74 	 -3.797076e-07 
21.75 	 -8.01148e-05 
21.76 	 -0.0001696429 
21.77 	 -0.0002655947 
21.78 	 -0.0003632506 
21.79 	 -0.0004593162 
21.8 	 -0.0005532843 
21.81 	 -0.0006453111 
21.82 	 -0.0007353475 
21.83 	 -0.0008226794 
21.84 	 -0.0009053174 
21.85 	 -0.0009808354 
21.86 	 -0.001047994 
21.87 	 -0.001106801 
21.88 	 -0.001157362 
21.89 	 -0.001200947 
21.9 	 -0.001240081 
21.91 	 -0.00127594 
21.92 	 -0.001308214 
21.93 	 -0.001335544 
21.94 	 -0.001354522 
21.95 	 -0.001360107 
21.96 	 -0.001346848 
21.97 	 -0.001310314 
21.98 	 -0.001248909 
21.99 	 -0.001164794 
22.0 	 -0.00106202 
22.01 	 -0.0009453341 
22.02 	 -0.0008207479 
22.03 	 -0.0006937596 
22.04 	 -0.0005687287 
22.05 	 -0.0004496017 
22.06 	 -0.0003395057 
22.07 	 -0.000239875 
22.08 	 -0.0001503255 
22.09 	 -6.945003e-05 
22.1 	 4.366668e-06 
22.11 	 7.184568e-05 
22.12 	 0.0001339221 
22.13 	 0.0001929553 
22.14 	 0.0002525586 
22.15 	 0.0003174576 
22.16 	 0.0003919798 
22.17 	 0.0004792296 
22.18 	 0.0005810441 
22.19 	 0.0006979265 
22.2 	 0.0008286107 
22.21 	 0.0009708084 
22.22 	 0.001124611 
22.23 	 0.001290442 
22.24 	 0.001465877 
22.25 	 0.001648541 
22.26 	 0.001837294 
22.27 	 0.002031764 
22.28 	 0.002230295 
22.29 	 0.002430505 
22.3 	 0.002632357 
22.31 	 0.002835349 
22.32 	 0.003037456 
22.33 	 0.003236619 
22.34 	 0.003429895 
22.35 	 0.003613537 
22.36 	 0.003785124 
22.37 	 0.003944559 
22.38 	 0.004092322 
22.39 	 0.00422844 
22.4 	 0.004352648 
22.41 	 0.00446342 
22.42 	 0.004558386 
22.43 	 0.004636082 
22.44 	 0.004695853 
22.45 	 0.0047374 
22.46 	 0.004760254 
22.47 	 0.004763712 
22.48 	 0.004747707 
22.49 	 0.004712536 
22.5 	 0.004660583 
22.51 	 0.004596467 
22.52 	 0.004523719 
22.53 	 0.00444553 
22.54 	 0.004365256 
22.55 	 0.004285329 
22.56 	 0.0042066 
22.57 	 0.004127127 
22.58 	 0.004044228 
22.59 	 0.003957501 
22.6 	 0.0038682 
22.61 	 0.003777304 
22.62 	 0.0036866 
22.63 	 0.003597502 
22.64 	 0.003507313 
22.65 	 0.003412941 
22.66 	 0.003313552 
22.67 	 0.003207612 
22.68 	 0.003094147 
22.69 	 0.002973084 
22.7 	 0.002845058 
22.71 	 0.002712994 
22.72 	 0.002580858 
22.73 	 0.002452495 
22.74 	 0.002329533 
22.75 	 0.002210955 
22.76 	 0.002096722 
22.77 	 0.001987604 
22.78 	 0.001883524 
22.79 	 0.001785586 
22.8 	 0.001695127 
22.81 	 0.001610948 
22.82 	 0.001530975 
22.83 	 0.001455829 
22.84 	 0.001389207 
22.85 	 0.001334135 
22.86 	 0.00128973 
22.87 	 0.001253322 
22.88 	 0.001223227 
22.89 	 0.001197761 
22.9 	 0.001175309 
22.91 	 0.00115321 
22.92 	 0.001127538 
22.93 	 0.001095344 
22.94 	 0.001053533 
22.95 	 0.0009971789 
22.96 	 0.0009220414 
22.97 	 0.0008277316 
22.98 	 0.0007146026 
22.99 	 0.0005813462 
23.0 	 0.0004275323 
23.01 	 0.0002556373 
23.02 	 6.932965e-05 
23.03 	 -0.0001279804 
23.04 	 -0.0003317443 
23.05 	 -0.0005371254 
23.06 	 -0.0007392463 
23.07 	 -0.0009335024 
23.08 	 -0.001116631 
23.09 	 -0.001286299 
23.1 	 -0.001440657 
23.11 	 -0.001577814 
23.12 	 -0.001697328 
23.13 	 -0.001801117 
23.14 	 -0.001891856 
23.15 	 -0.001972008 
23.16 	 -0.002043768 
23.17 	 -0.002108645 
23.18 	 -0.002166355 
23.19 	 -0.002216272 
23.2 	 -0.002258948 
23.21 	 -0.002295701 
23.22 	 -0.002328175 
23.23 	 -0.002357425 
23.24 	 -0.002383584 
23.25 	 -0.002404878 
23.26 	 -0.00241843 
23.27 	 -0.002421971 
23.28 	 -0.002413573 
23.29 	 -0.002390652 
23.3 	 -0.002350578 
23.31 	 -0.002293592 
23.32 	 -0.002221927 
23.33 	 -0.002137235 
23.34 	 -0.00204079 
23.35 	 -0.001932986 
23.36 	 -0.001813925 
23.37 	 -0.001686857 
23.38 	 -0.001557398 
23.39 	 -0.001430787 
23.4 	 -0.001313042 
23.41 	 -0.00121072 
23.42 	 -0.001127261 
23.43 	 -0.001062628 
23.44 	 -0.001017014 
23.45 	 -0.0009909036 
23.46 	 -0.0009839594 
23.47 	 -0.0009939631 
23.48 	 -0.001017667 
23.49 	 -0.001054206 
23.5 	 -0.001103541 
23.51 	 -0.00116522 
23.52 	 -0.001238842 
23.53 	 -0.001323742 
23.54 	 -0.001419181 
23.55 	 -0.001523516 
23.56 	 -0.001634981 
23.57 	 -0.001752718 
23.58 	 -0.001877491 
23.59 	 -0.002011861 
23.6 	 -0.002156797 
23.61 	 -0.002311199 
23.62 	 -0.002473333 
23.63 	 -0.00264039 
23.64 	 -0.002807821 
23.65 	 -0.002970208 
23.66 	 -0.003123391 
23.67 	 -0.003263273 
23.68 	 -0.0033867 
23.69 	 -0.003493689 
23.7 	 -0.003585338 
23.71 	 -0.003662246 
23.72 	 -0.003724071 
23.73 	 -0.00376984 
23.74 	 -0.003799651 
23.75 	 -0.003814703 
23.76 	 -0.003815795 
23.77 	 -0.00380428 
23.78 	 -0.003781627 
23.79 	 -0.003746639 
23.8 	 -0.003698757 
23.81 	 -0.003641644 
23.82 	 -0.003581103 
23.83 	 -0.003523164 
23.84 	 -0.00347222 
23.85 	 -0.003429619 
23.86 	 -0.003395605 
23.87 	 -0.003370314 
23.88 	 -0.003352895 
23.89 	 -0.003341769 
23.9 	 -0.003334857 
23.91 	 -0.003329841 
23.92 	 -0.003324273 
23.93 	 -0.003314976 
23.94 	 -0.003299391 
23.95 	 -0.003277339 
23.96 	 -0.003249956 
23.97 	 -0.003217751 
23.98 	 -0.003179319 
23.99 	 -0.003132304 
24.0 	 -0.003075849 
24.01 	 -0.00301012 
24.02 	 -0.002935669 
24.03 	 -0.002853132 
24.04 	 -0.002760714 
24.05 	 -0.002655572 
24.06 	 -0.00253608 
24.07 	 -0.002401541 
24.08 	 -0.002252683 
24.09 	 -0.002091568 
24.1 	 -0.00192082 
24.11 	 -0.001742354 
24.12 	 -0.001557278 
24.13 	 -0.001366281 
24.14 	 -0.001169348 
24.15 	 -0.0009660708 
24.16 	 -0.000756521 
24.17 	 -0.0005423371 
24.18 	 -0.0003253873 
24.19 	 -0.0001065819 
24.2 	 0.000111987 
24.21 	 0.0003281691 
24.22 	 0.0005427663 
24.23 	 0.0007572209 
24.24 	 0.0009718727 
24.25 	 0.001186947 
24.26 	 0.001401464 
24.27 	 0.001614674 
24.28 	 0.001827167 
24.29 	 0.002037328 
24.3 	 0.002241418 
24.31 	 0.002436606 
24.32 	 0.002620367 
24.33 	 0.002789096 
24.34 	 0.002939393 
24.35 	 0.003068709 
24.36 	 0.003175395 
24.37 	 0.00325887 
24.38 	 0.003318977 
24.39 	 0.003356069 
24.4 	 0.003371733 
24.41 	 0.003368762 
24.42 	 0.003350432 
24.43 	 0.003320095 
24.44 	 0.003280073 
24.45 	 0.003233103 
24.46 	 0.00318397 
24.47 	 0.003137629 
24.48 	 0.003097761 
24.49 	 0.003065715 
24.5 	 0.00304159 
24.51 	 0.003025759 
24.52 	 0.003018571 
24.53 	 0.003020464 
24.54 	 0.003030912 
24.55 	 0.003047816 
24.56 	 0.003069252 
24.57 	 0.003094265 
24.58 	 0.003123197 
24.59 	 0.003158199 
24.6 	 0.003200075 
24.61 	 0.003246574 
24.62 	 0.00329544 
24.63 	 0.003345032 
24.64 	 0.003393127 
24.65 	 0.003436544 
24.66 	 0.003470901 
24.67 	 0.003492715 
24.68 	 0.00349994 
24.69 	 0.003490558 
24.7 	 0.003464912 
24.71 	 0.003424879 
24.72 	 0.003373377 
24.73 	 0.003315259 
24.74 	 0.003253159 
24.75 	 0.003188382 
24.76 	 0.003123237 
24.77 	 0.003060702 
24.78 	 0.0030045 
24.79 	 0.002957629 
24.8 	 0.002921949 
24.81 	 0.002898339 
24.82 	 0.002886742 
24.83 	 0.002886789 
24.84 	 0.002896485 
24.85 	 0.002911946 
24.86 	 0.002929471 
24.87 	 0.002946297 
24.88 	 0.002960149 
24.89 	 0.002968926 
24.9 	 0.002970274 
24.91 	 0.002961296 
24.92 	 0.002940257 
24.93 	 0.002906989 
24.94 	 0.002861587 
24.95 	 0.002805041 
24.96 	 0.002739976 
24.97 	 0.002669472 
24.98 	 0.002595806 
24.99 	 0.002519944 
25.0 	 0.002442683 
25.01 	 0.002365898 
25.02 	 0.002291944 
25.03 	 0.002222539 
25.04 	 0.002157676 
25.05 	 0.002096161 
25.06 	 0.002037237 
25.07 	 0.001980509 
25.08 	 0.001924884 
25.09 	 0.001869348 
25.1 	 0.001812888 
25.11 	 0.00175409 
25.12 	 0.001690929 
25.13 	 0.001621286 
25.14 	 0.001544832 
25.15 	 0.001461132 
25.16 	 0.001368461 
25.17 	 0.00126612 
25.18 	 0.001156146 
25.19 	 0.001040137 
25.2 	 0.0009168475 
25.21 	 0.0007862461 
25.22 	 0.0006506287 
25.23 	 0.0005112605 
25.24 	 0.0003673801 
25.25 	 0.0002187314 
25.26 	 6.547032e-05 
25.27 	 -9.334649e-05 
25.28 	 -0.0002580082 
25.29 	 -0.0004279608 
25.3 	 -0.0006029905 
25.31 	 -0.0007823843 
25.32 	 -0.0009643172 
25.33 	 -0.001147149 
25.34 	 -0.001330445 
25.35 	 -0.001513944 
25.36 	 -0.001696531 
25.37 	 -0.001875216 
25.38 	 -0.002046214 
25.39 	 -0.002206332 
25.4 	 -0.002351405 
25.41 	 -0.002478425 
25.42 	 -0.002586715 
25.43 	 -0.002674653 
25.44 	 -0.002740772 
25.45 	 -0.002785988 
25.46 	 -0.002810824 
25.47 	 -0.00281501 
25.48 	 -0.00280033 
25.49 	 -0.002770016 
25.5 	 -0.002727148 
25.51 	 -0.002674323 
25.52 	 -0.002613084 
25.53 	 -0.002543923 
25.54 	 -0.002466699 
25.55 	 -0.002380707 
25.56 	 -0.002286199 
25.57 	 -0.002183652 
25.58 	 -0.002072287 
25.59 	 -0.001950538 
25.6 	 -0.001815397 
25.61 	 -0.001664208 
25.62 	 -0.00149695 
25.63 	 -0.001315962 
25.64 	 -0.001124683 
25.65 	 -0.0009253669 
25.66 	 -0.0007191935 
25.67 	 -0.0005076465 
25.68 	 -0.0002931683 
25.69 	 -8.003171e-05 
25.7 	 0.0001270887 
25.71 	 0.0003239891 
25.72 	 0.0005073681 
25.73 	 0.0006756422 
25.74 	 0.000827089 
25.75 	 0.0009599822 
25.76 	 0.00107438 
25.77 	 0.001170831 
25.78 	 0.001248713 
25.79 	 0.001306972 
25.8 	 0.001345774 
25.81 	 0.001367235 
25.82 	 0.001373671 
25.83 	 0.001367165 
25.84 	 0.001351766 
25.85 	 0.001332288 
25.86 	 0.001311636 
25.87 	 0.001290612 
25.88 	 0.001269203 
25.89 	 0.001247201 
25.9 	 0.001224198 
25.91 	 0.001199936 
25.92 	 0.001174736 
25.93 	 0.001149404 
25.94 	 0.0011233 
25.95 	 0.001095434 
25.96 	 0.001066081 
25.97 	 0.001035395 
25.98 	 0.001003781 
25.99 	 0.0009709813 
26.0 	 0.000935935 
26.01 	 0.0008987008 
26.02 	 0.0008596813 
26.03 	 0.0008194634 
26.04 	 0.000779734 
26.05 	 0.0007430862 
26.06 	 0.0007105777 
26.07 	 0.0006818703 
26.08 	 0.0006578259 
26.09 	 0.0006360237 
26.1 	 0.0006115932 
26.11 	 0.0005829137 
26.12 	 0.0005487549 
26.13 	 0.0005076014 
26.14 	 0.0004588917 
26.15 	 0.0004029007 
26.16 	 0.0003417523 
26.17 	 0.0002775804 
26.18 	 0.000212665 
26.19 	 0.0001514754 
26.2 	 9.831057e-05 
26.21 	 5.493855e-05 
26.22 	 2.192008e-05 
26.23 	 -3.140941e-07 
26.24 	 -1.218132e-05 
26.25 	 -1.455e-05 
26.26 	 -7.69647e-06 
26.27 	 8.361967e-06 
26.28 	 3.389203e-05 
26.29 	 6.925844e-05 
26.3 	 0.0001143859 
26.31 	 0.0001693001 
26.32 	 0.0002340386 
26.33 	 0.0003083683 
26.34 	 0.0003898064 
26.35 	 0.0004737351 
26.36 	 0.0005562857 
26.37 	 0.0006329694 
26.38 	 0.0006995534 
26.39 	 0.000753906 
26.4 	 0.0007944639 
26.41 	 0.0008180473 
26.42 	 0.0008211354 
26.43 	 0.000803419 
26.44 	 0.0007655527 
26.45 	 0.0007088053 
26.46 	 0.0006360039 
26.47 	 0.0005494382 
26.48 	 0.0004509492 
26.49 	 0.0003426237 
26.5 	 0.0002278478 
26.51 	 0.0001106785 
26.52 	 -6.547317e-06 
26.53 	 -0.0001234239 
26.54 	 -0.0002396106 
26.55 	 -0.0003542176 
26.56 	 -0.0004665394 
26.57 	 -0.000574931 
26.58 	 -0.0006763925 
26.59 	 -0.0007690731 
26.6 	 -0.0008535342 
26.61 	 -0.0009301903 
26.62 	 -0.0009985946 
26.63 	 -0.001060317 
26.64 	 -0.001118727 
26.65 	 -0.001176252 
26.66 	 -0.001234037 
26.67 	 -0.001291956 
26.68 	 -0.001348148 
26.69 	 -0.001400689 
26.7 	 -0.001448377 
26.71 	 -0.001489865 
26.72 	 -0.001523149 
26.73 	 -0.001545828 
26.74 	 -0.001556554 
26.75 	 -0.001554978 
26.76 	 -0.00154064 
26.77 	 -0.001514216 
26.78 	 -0.001478058 
26.79 	 -0.001435216 
26.8 	 -0.001389806 
26.81 	 -0.001345465 
26.82 	 -0.001303491 
26.83 	 -0.001263763 
26.84 	 -0.001225894 
26.85 	 -0.001190115 
26.86 	 -0.001156695 
26.87 	 -0.001125042 
26.88 	 -0.001094659 
26.89 	 -0.001065776 
26.9 	 -0.001038967 
26.91 	 -0.001014814 
26.92 	 -0.000993218 
26.93 	 -0.0009726588 
26.94 	 -0.0009515004 
26.95 	 -0.000928717 
26.96 	 -0.0009020949 
26.97 	 -0.0008681541 
26.98 	 -0.000825815 
26.99 	 -0.0007783705 
27.0 	 -0.0007292873 
27.01 	 -0.0006797662 
27.02 	 -0.0006303337 
27.03 	 -0.0005812574 
27.04 	 -0.0005338903 
27.05 	 -0.0004900816 
27.06 	 -0.0004492615 
27.07 	 -0.0004091458 
27.08 	 -0.0003671764 
27.09 	 -0.0003215164 
27.1 	 -0.0002714121 
27.11 	 -0.0002155031 
27.12 	 -0.0001521736 
27.13 	 -8.106726e-05 
27.14 	 -2.324675e-06 
27.15 	 8.426939e-05 
27.16 	 0.0001781974 
27.17 	 0.000279001 
27.18 	 0.0003878351 
27.19 	 0.0005055223 
27.2 	 0.0006312732 
27.21 	 0.0007644407 
27.22 	 0.0009051787 
27.23 	 0.00105371 
27.24 	 0.001209238 
27.25 	 0.001369741 
27.26 	 0.001532886 
27.27 	 0.001696046 
27.28 	 0.001857836 
27.29 	 0.002017948 
27.3 	 0.002175975 
27.31 	 0.00233233 
27.32 	 0.002487751 
27.33 	 0.002642069 
27.34 	 0.002794061 
27.35 	 0.002942445 
27.36 	 0.003085608 
27.37 	 0.003222764 
27.38 	 0.003355201 
27.39 	 0.003482487 
27.4 	 0.003602799 
27.41 	 0.003715295 
27.42 	 0.003819547 
27.43 	 0.003916044 
27.44 	 0.004004198 
27.45 	 0.004081958 
27.46 	 0.00414736 
27.47 	 0.004199592 
27.48 	 0.004239747 
27.49 	 0.004268616 
27.5 	 0.004285901 
27.51 	 0.004291608 
27.52 	 0.004285329 
27.53 	 0.004265916 
27.54 	 0.004232963 
27.55 	 0.004186437 
27.56 	 0.004126699 
27.57 	 0.004054394 
27.58 	 0.003970085 
27.59 	 0.003874459 
27.6 	 0.003766848 
27.61 	 0.003645663 
27.62 	 0.003510034 
27.63 	 0.003360582 
27.64 	 0.003199362 
27.65 	 0.003028599 
27.66 	 0.002849753 
27.67 	 0.002664168 
27.68 	 0.002473323 
27.69 	 0.002278052 
27.7 	 0.00207984 
27.71 	 0.001880986 
27.72 	 0.001683026 
27.73 	 0.001486586 
27.74 	 0.001292972 
27.75 	 0.001104645 
27.76 	 0.0009233097 
27.77 	 0.000750122 
27.78 	 0.0005861559 
27.79 	 0.0004315677 
27.8 	 0.0002860892 
27.81 	 0.0001496988 
27.82 	 2.27287e-05 
27.83 	 -9.469738e-05 
27.84 	 -0.0002029545 
27.85 	 -0.0003023937 
27.86 	 -0.0003930057 
27.87 	 -0.0004745442 
27.88 	 -0.0005481783 
27.89 	 -0.0006167429 
27.9 	 -0.0006824781 
27.91 	 -0.0007466353 
27.92 	 -0.0008096762 
27.93 	 -0.0008716344 
27.94 	 -0.0009326373 
27.95 	 -0.0009924294 
27.96 	 -0.001050728 
27.97 	 -0.001106233 
27.98 	 -0.001157035 
27.99 	 -0.001203155 
28.0 	 -0.001245388 
28.01 	 -0.001283816 
28.02 	 -0.0013186 
28.03 	 -0.001350251 
28.04 	 -0.001378985 
28.05 	 -0.001405123 
28.06 	 -0.001429274 
28.07 	 -0.001451534 
28.08 	 -0.001471974 
28.09 	 -0.001491029 
28.1 	 -0.001509137 
28.11 	 -0.00152624 
28.12 	 -0.001541746 
28.13 	 -0.001555058 
28.14 	 -0.001565606 
28.15 	 -0.001572742 
28.16 	 -0.001576053 
28.17 	 -0.001575427 
28.18 	 -0.001570682 
28.19 	 -0.001561503 
28.2 	 -0.00154766 
28.21 	 -0.001529101 
28.22 	 -0.001505324 
28.23 	 -0.001475455 
28.24 	 -0.001439743 
28.25 	 -0.001398951 
28.26 	 -0.00135318 
28.27 	 -0.001302865 
28.28 	 -0.001248897 
28.29 	 -0.001192197 
28.3 	 -0.001133576 
28.31 	 -0.001073301 
28.32 	 -0.001011692 
28.33 	 -0.0009495019 
28.34 	 -0.0008875871 
28.35 	 -0.0008265864 
28.36 	 -0.000766634 
28.37 	 -0.0007073316 
28.38 	 -0.0006483588 
28.39 	 -0.0005903118 
28.4 	 -0.0005342121 
28.41 	 -0.0004809038 
28.42 	 -0.0004305157 
28.43 	 -0.0003824089 
28.44 	 -0.0003363217 
28.45 	 -0.0002923473 
28.46 	 -0.0002502894 
28.47 	 -0.00020963 
28.48 	 -0.0001698734 
28.49 	 -0.0001312381 
28.5 	 -9.451281e-05 
28.51 	 -6.032758e-05 
28.52 	 -2.935973e-05 
28.53 	 -2.262023e-06 
28.54 	 2.088075e-05 
28.55 	 4.033418e-05 
28.56 	 5.633516e-05 
28.57 	 6.901654e-05 
28.58 	 7.853792e-05 
28.59 	 8.50734e-05 
28.6 	 8.886755e-05 
28.61 	 9.020194e-05 
28.62 	 8.916006e-05 
28.63 	 8.581331e-05 
28.64 	 8.020284e-05 
28.65 	 7.224767e-05 
28.66 	 6.189984e-05 
28.67 	 4.940014e-05 
28.68 	 3.541452e-05 
28.69 	 2.055797e-05 
28.7 	 5.227883e-06 
28.71 	 -1.029191e-05 
28.72 	 -2.575743e-05 
28.73 	 -4.091298e-05 
28.74 	 -5.581841e-05 
28.75 	 -7.081052e-05 
28.76 	 -8.619177e-05 
28.77 	 -0.0001019847 
28.78 	 -0.0001179418 
28.79 	 -0.0001337851 
28.8 	 -0.0001493477 
28.81 	 -0.0001645968 
28.82 	 -0.0001794416 
28.83 	 -0.0001938368 
28.84 	 -0.0002078342 
28.85 	 -0.0002213538 
28.86 	 -0.000234343 
28.87 	 -0.0002468835 
28.88 	 -0.0002589837 
28.89 	 -0.0002705074 
28.9 	 -0.0002812544 
28.91 	 -0.000291063 
28.92 	 -0.0002998264 
28.93 	 -0.0003073999 
28.94 	 -0.0003136307 
28.95 	 -0.000318492 
28.96 	 -0.0003219938 
28.97 	 -0.0003240549 
28.98 	 -0.0003246391 
28.99 	 -0.0003238584 
29.0 	 -0.0003219102 
29.01 	 -0.0003189328 
29.02 	 -0.0003150346 
29.03 	 -0.000310386 
29.04 	 -0.0003051153 
29.05 	 -0.0002993346 
29.06 	 -0.0002931762 
29.07 	 -0.0002868292 
29.08 	 -0.0002805412 
29.09 	 -0.000274473 
29.1 	 -0.0002687153 
29.11 	 -0.0002633221 
29.12 	 -0.0002582861 
29.13 	 -0.0002535513 
29.14 	 -0.0002490364 
29.15 	 -0.0002446802 
29.16 	 -0.0002404516 
29.17 	 -0.0002363197 
29.18 	 -0.0002322527 
29.19 	 -0.0002282329 
29.2 	 -0.0002242479 
29.21 	 -0.000220274 
29.22 	 -0.0002162747 
29.23 	 -0.0002122272 
29.24 	 -0.0002081592 
29.25 	 -0.0002040875 
29.26 	 -0.0001999563 
29.27 	 -0.0001957422 
29.28 	 -0.0001914884 
29.29 	 -0.0001872262 
29.3 	 -0.0001829704 
29.31 	 -0.0001787151 
29.32 	 -0.000174446 
29.33 	 -0.0001701783 
29.34 	 -0.0001659347 
29.35 	 -0.0001617214 
29.36 	 -0.0001575447 
29.37 	 -0.0001534264 
29.38 	 -0.0001493906 
29.39 	 -0.000145445 
29.4 	 -0.0001415888 
29.41 	 -0.0001378305 
29.42 	 -0.0001341791 
29.43 	 -0.0001306176 
29.44 	 -0.0001271244 
29.45 	 -0.0001236892 
29.46 	 -0.0001202991 
29.47 	 -0.0001169448 
29.48 	 -0.0001136278 
29.49 	 -0.0001103564 
29.5 	 -0.0001071381 
29.51 	 -0.0001039715 
29.52 	 -0.0001008482 
29.53 	 -9.775319e-05 
29.54 	 -9.467337e-05 
29.55 	 -9.160645e-05 
29.56 	 -8.855455e-05 
29.57 	 -8.551978e-05 
29.58 	 -8.250446e-05 
29.59 	 -7.951068e-05 
29.6 	 -7.654043e-05 
29.61 	 -7.359556e-05 
29.62 	 -7.067758e-05 
29.63 	 -6.778857e-05 
29.64 	 -6.493114e-05 
29.65 	 -6.210812e-05 
29.66 	 -5.932358e-05 
29.67 	 -5.65812e-05 
29.68 	 -5.388311e-05 
29.69 	 -5.123135e-05 
29.7 	 -4.862899e-05 
29.71 	 -4.607988e-05 
29.72 	 -4.358697e-05 
29.73 	 -4.115246e-05 
29.74 	 -3.877938e-05 
29.75 	 -3.647092e-05 
29.76 	 -3.422962e-05 
29.77 	 -3.205747e-05 
29.78 	 -2.995596e-05 
29.79 	 -2.792675e-05 
29.8 	 -2.59719e-05 
29.81 	 -2.40936e-05 
29.82 	 -2.229419e-05 
29.83 	 -2.057611e-05 
29.84 	 -1.894184e-05 
29.85 	 -1.739394e-05 
29.86 	 -1.593501e-05 
29.87 	 -1.456763e-05 
29.88 	 -1.329447e-05 
29.89 	 -1.211821e-05 
29.9 	 -1.104162e-05 
29.91 	 -1.006752e-05 
29.92 	 -9.198789e-06 
29.93 	 -8.438375e-06 
29.94 	 -7.789308e-06 
29.95 	 -7.254704e-06 
29.96 	 -6.837768e-06 
29.97 	 -6.541794e-06 
29.98 	 -6.37017e-06 
29.99 	 -6.32638e-06 
