0.0 	 0.03170794086 
0.01 	 0.01750130487 
0.02 	 0.02041525746 
0.03 	 0.01568446344 
0.04 	 0.01323507321 
0.05 	 0.01077566697 
0.06 	 0.001451998701 
0.07 	 0.009789258717 
0.08 	 0.02769244299 
0.09 	 0.0249728265 
0.1 	 0.01002563361 
0.11 	 -0.0096845301 
0.12 	 -0.01423530081 
0.13 	 -0.005037577245 
0.14 	 -0.009418270023 
0.15 	 -0.01933240023 
0.16 	 -0.02122157079 
0.17 	 -0.007180883703 
0.18 	 0.007910445555 
0.19 	 0.02156086926 
0.2 	 0.01566917946 
0.21 	 0.03378235365 
0.22 	 0.01131036102 
0.23 	 -0.005217947829 
0.24 	 -0.01155995685 
0.25 	 0.0001492019577 
0.26 	 0.01729172403 
0.27 	 0.007337439531 
0.28 	 -0.01430408853 
0.29 	 -0.01744417143 
0.3 	 -0.001942709616 
0.31 	 0.01127733075 
0.32 	 0.04069739322 
0.33 	 0.02242790649 
0.34 	 0.009251554959 
0.35 	 0.006461633142 
0.36 	 0.003621670515 
0.37 	 0.01179852624 
0.38 	 -0.009252739026 
0.39 	 -0.004417975683 
0.4 	 -0.007488119169 
0.41 	 -0.01393036677 
0.42 	 -0.01853147259 
0.43 	 -0.04445581023 
0.44 	 -0.02985503787 
0.45 	 -0.02850248412 
0.46 	 -0.03261333519 
0.47 	 -0.02180494206 
0.48 	 -0.01871134875 
0.49 	 -0.01843950384 
0.5 	 -0.01086314274 
0.51 	 0.01805643315 
0.52 	 0.02532257262 
0.53 	 0.03726160749 
0.54 	 0.04432761315 
0.55 	 0.01286974881 
0.56 	 -0.008772053931 
0.57 	 -0.01801617291 
0.58 	 -0.01740420549 
0.59 	 -0.01889354988 
0.6 	 0.003191707044 
0.61 	 -0.01308681468 
0.62 	 -0.0423634059 
0.63 	 -0.01860712731 
0.64 	 0.03595821165 
0.65 	 0.04284400761 
0.66 	 0.0006794048916 
0.67 	 -0.02577547089 
0.68 	 -0.06414774696 
0.69 	 -0.03501820764 
0.7 	 -0.003667292901 
0.71 	 -0.02483893962 
0.72 	 -0.005785659396 
0.73 	 -0.01015691103 
0.74 	 -0.03150868995 
0.75 	 -0.02383248267 
0.76 	 -0.03212619021 
0.77 	 -0.02803222215 
0.78 	 -0.00443618991 
0.79 	 0.01810919133 
0.8 	 0.04523739255 
0.81 	 0.01267862058 
0.82 	 -0.02222162181 
0.83 	 -0.014485446 
0.84 	 0.003777233571 
0.85 	 0.03659893218 
0.86 	 0.02956591755 
0.87 	 0.01125592533 
0.88 	 0.02284443909 
0.89 	 0.03796513164 
0.9 	 0.02988144639 
0.91 	 -0.000986364108 
0.92 	 -0.02601056754 
0.93 	 0.005019957504 
0.94 	 0.0205008399 
0.95 	 -0.002722270095 
0.96 	 0.0153101727 
0.97 	 0.04862207799 
0.98 	 0.04801295547 
0.99 	 0.03274474995 
1.0 	 0.002337152058 
1.01 	 -0.02196667953 
1.02 	 -0.003073739832 
1.03 	 -0.02081351403 
1.04 	 -0.03915366219 
1.05 	 -0.02200183857 
1.06 	 -0.009102644064 
1.07 	 -0.02407072833 
1.08 	 -0.02525028273 
1.09 	 -0.003485619549 
1.1 	 0.001398573441 
1.11 	 0.01997124705 
1.12 	 0.05585462802 
1.13 	 0.04634987598 
1.14 	 0.01343061594 
1.15 	 -0.0147657177 
1.16 	 0.005407905726 
1.17 	 0.02719251558 
1.18 	 -0.01028959128 
1.19 	 -0.00836730216 
1.2 	 0.02333342835 
1.21 	 0.03892418667 
1.22 	 0.003703439808 
1.23 	 -0.05251032054 
1.24 	 -0.06893942184 
1.25 	 -0.04114114857 
1.26 	 -0.0008151081912 
1.27 	 0.006910724151 
1.28 	 0.009563407011 
1.29 	 0.009764563023 
1.3 	 0.01343786553 
1.31 	 0.01356895656 
1.32 	 0.001822698981 
1.33 	 -0.02196102897 
1.34 	 -0.02928457656 
1.35 	 -0.01364389515 
1.36 	 -0.0005848132419 
1.37 	 0.02749356486 
1.38 	 0.006791707269 
1.39 	 -0.001422416646 
1.4 	 -0.02523620538 
1.41 	 -0.05707498221 
1.42 	 -0.03900284325 
1.43 	 -0.001638754614 
1.44 	 -0.01663712235 
1.45 	 -0.065696589 
1.46 	 -0.04847499666 
1.47 	 0.002157290613 
1.48 	 0.03306734199 
1.49 	 0.009683761977 
1.5 	 0.00292046643 
1.51 	 -0.002572048584 
1.52 	 -0.01972179837 
1.53 	 -0.02009114487 
1.54 	 -0.01042428258 
1.55 	 -0.0126548019 
1.56 	 0.01217143377 
1.57 	 0.03233478024 
1.58 	 0.004848597405 
1.59 	 -0.03712657284 
1.6 	 -0.07025626719 
1.61 	 -0.04845192354 
1.62 	 0.005212145214 
1.63 	 0.06711130872 
1.64 	 0.09062669295 
1.65 	 0.07955063397 
1.66 	 0.04079742579 
1.67 	 0.01500222699 
1.68 	 -0.003648538143 
1.69 	 -0.0191473542 
1.7 	 -0.01067133762 
1.71 	 0.004869064008 
1.72 	 0.01469590974 
1.73 	 -0.00858775248 
1.74 	 -0.05191384311 
1.75 	 -0.04837090275 
1.76 	 -0.0368730432 
1.77 	 -0.04129504785 
1.78 	 -0.0110555757 
1.79 	 0.01107886464 
1.8 	 0.05019381657 
1.81 	 0.0769511115 
1.82 	 0.04624279002 
1.83 	 0.03928918734 
1.84 	 0.04866568344 
1.85 	 0.05390962875 
1.86 	 0.03996168246 
1.87 	 0.01463666715 
1.88 	 0.01862980803 
1.89 	 0.02758603392 
1.9 	 0.0118669608 
1.91 	 -0.008404941168 
1.92 	 -0.02239295346 
1.93 	 -0.0384222384 
1.94 	 -0.03520960074 
1.95 	 -0.02810456109 
1.96 	 -0.005569963983 
1.97 	 -0.019467945 
1.98 	 -0.05193744597 
1.99 	 -0.04208071113 
2.0 	 -0.01619406351 
2.01 	 -0.01581321969 
2.02 	 -0.02062559367 
2.03 	 0.01294580574 
2.04 	 0.02615457834 
2.05 	 -0.02595712266 
2.06 	 -0.08496308565 
2.07 	 -0.1179229689 
2.08 	 -0.1229655051 
2.09 	 -0.0870726771 
2.1 	 -0.05703350553 
2.11 	 -0.03845143296 
2.12 	 -0.03919133259 
2.13 	 -0.01796762322 
2.14 	 -0.01497522987 
2.15 	 -0.006039154701 
2.16 	 0.01133213922 
2.17 	 0.03687849756 
2.18 	 0.0922333257 
2.19 	 0.1152581805 
2.2 	 0.1425354741 
2.21 	 0.1885244598 
2.22 	 0.1956194442 
2.23 	 0.1170212337 
2.24 	 0.06838160562 
2.25 	 0.04318650414 
2.26 	 0.04246653843 
2.27 	 0.05159268333 
2.28 	 0.02872899702 
2.29 	 -0.03888241569 
2.3 	 -0.1022311872 
2.31 	 -0.1065533751 
2.32 	 -0.07378262865 
2.33 	 -0.03234649338 
2.34 	 -0.08801053272 
2.35 	 -0.1628264781 
2.36 	 -0.152189397 
2.37 	 -0.03653730576 
2.38 	 0.08609912289 
2.39 	 0.1366008165 
2.4 	 0.1576043208 
2.41 	 0.1703225934 
2.42 	 0.2068357077 
2.43 	 0.1777280643 
2.44 	 0.08422050789 
2.45 	 0.02037135771 
2.46 	 0.01192652712 
2.47 	 0.009685538568 
2.48 	 -0.02455527366 
2.49 	 -0.006003390384 
2.5 	 -0.00993543066 
2.51 	 -0.05477284008 
2.52 	 -0.1128384459 
2.53 	 -0.1477897101 
2.54 	 -0.1495303965 
2.55 	 -0.1798088634 
2.56 	 -0.1177099938 
2.57 	 0.005046463143 
2.58 	 0.1202682456 
2.59 	 0.1583322228 
2.6 	 0.06245308908 
2.61 	 -0.02193884856 
2.62 	 -0.03059386821 
2.63 	 0.003137373378 
2.64 	 0.04173162228 
2.65 	 -0.01178120178 
2.66 	 -0.07622079624 
2.67 	 -0.08222419251 
2.68 	 -0.05396636979 
2.69 	 -0.008127644841 
2.7 	 -0.02009474514 
2.71 	 -0.1160438634 
2.72 	 -0.1507750893 
2.73 	 -0.042557742 
2.74 	 0.1119582927 
2.75 	 0.1832227434 
2.76 	 0.0941678577 
2.77 	 -0.0381338244 
2.78 	 -0.0780382557 
2.79 	 -0.02018212281 
2.8 	 -0.01460839473 
2.81 	 -0.06574980825 
2.82 	 -0.03630128697 
2.83 	 0.0187731027 
2.84 	 0.02449691397 
2.85 	 -0.03576015756 
2.86 	 -0.1198420011 
2.87 	 -0.1079843598 
2.88 	 -0.01360566558 
2.89 	 0.0991244583 
2.9 	 0.09559249533 
2.91 	 0.05760920538 
2.92 	 0.03413489562 
2.93 	 -0.03895015374 
2.94 	 -0.0878502177 
2.95 	 -0.02241945027 
2.96 	 0.03372557337 
2.97 	 -0.004137665724 
2.98 	 -0.0981957456 
2.99 	 -0.1915734078 
3.0 	 -0.1445340654 
3.01 	 0.04748518728 
3.02 	 0.2471791365 
3.03 	 0.4245992649 
3.04 	 0.3940005015 
3.05 	 0.2223543429 
3.06 	 0.03440809431 
3.07 	 -0.04989394449 
3.08 	 0.0300157551 
3.09 	 0.0249428079 
3.1 	 -0.02711926431 
3.11 	 -0.07802061732 
3.12 	 -0.1422502974 
3.13 	 -0.1602312426 
3.14 	 -0.1412691993 
3.15 	 -0.1643033736 
3.16 	 -0.1595502324 
3.17 	 -0.1471523544 
3.18 	 -0.1409584185 
3.19 	 -0.1720775043 
3.2 	 -0.1343039031 
3.21 	 -0.06695209242 
3.22 	 -0.005503873032 
3.23 	 0.02833724448 
3.24 	 0.06242850522 
3.25 	 0.08251110558 
3.26 	 0.1539755037 
3.27 	 0.26615511 
3.28 	 0.2812446558 
3.29 	 0.2509659927 
3.3 	 0.1654131789 
3.31 	 0.1018138698 
3.32 	 0.06541144173 
3.33 	 0.006715191231 
3.34 	 -0.08792333163 
3.35 	 -0.0940870233 
3.36 	 -0.01928055438 
3.37 	 0.1057569993 
3.38 	 0.1666149039 
3.39 	 0.1051067925 
3.4 	 0.03982650066 
3.41 	 -0.03815170803 
3.42 	 -0.01790906733 
3.43 	 0.06627318156 
3.44 	 0.1194562719 
3.45 	 0.1965641472 
3.46 	 0.1772821998 
3.47 	 0.1063883709 
3.48 	 0.06067017063 
3.49 	 0.02985116292 
3.5 	 -0.0496780362 
3.51 	 -0.1499400621 
3.52 	 -0.22228479 
3.53 	 -0.3005732988 
3.54 	 -0.2640805893 
3.55 	 -0.1618672563 
3.56 	 -0.02257078914 
3.57 	 -0.02353132548 
3.58 	 -0.1559432916 
3.59 	 -0.2928380157 
3.6 	 -0.4033463904 
3.61 	 -0.372006972 
3.62 	 -0.2649705525 
3.63 	 -0.1356904485 
3.64 	 -0.0985773546 
3.65 	 -0.1714024782 
3.66 	 -0.1681103403 
3.67 	 -0.04321297152 
3.68 	 0.1041483555 
3.69 	 0.1224997263 
3.7 	 0.05240640321 
3.71 	 0.09693402264 
3.72 	 0.2169584505 
3.73 	 0.3360822615 
3.74 	 0.3456782073 
3.75 	 0.3359521809 
3.76 	 0.4187635902 
3.77 	 0.3956792868 
3.78 	 0.2929457295 
3.79 	 0.09227135907 
3.8 	 -0.1579336425 
3.81 	 -0.3907579041 
3.82 	 -0.4114306152 
3.83 	 -0.2597867523 
3.84 	 -0.1226817018 
3.85 	 -0.03303618543 
3.86 	 -0.1451557251 
3.87 	 -0.2861830098 
3.88 	 -0.459950679 
3.89 	 -0.5000955534 
3.9 	 -0.3927690522 
3.91 	 -0.2434365234 
3.92 	 -0.01945775241 
3.93 	 0.1878907338 
3.94 	 0.3358223946 
3.95 	 0.371664603 
3.96 	 0.4166723925 
3.97 	 0.5063680674 
3.98 	 0.4872161025 
3.99 	 0.3662911755 
4.0 	 0.2255439663 
4.01 	 0.1829875977 
4.02 	 0.2257640046 
4.03 	 0.2356802469 
4.04 	 0.170249607 
4.05 	 0.003626377353 
4.06 	 -0.1262941362 
4.07 	 -0.1846803132 
4.08 	 -0.1363504653 
4.09 	 -0.01322416449 
4.1 	 0.09130056147 
4.11 	 0.1245010644 
4.12 	 0.0114310044 
4.13 	 -0.122872212 
4.14 	 -0.2701635741 
4.15 	 -0.3380056101 
4.16 	 -0.3691248921 
4.17 	 -0.2605577202 
4.18 	 -0.02910434724 
4.19 	 0.2198198313 
4.2 	 0.3805493238 
4.21 	 0.235369368 
4.22 	 -0.04482426402 
4.23 	 -0.3110492997 
4.24 	 -0.3485225187 
4.25 	 -0.1672001685 
4.26 	 -0.04563497223 
4.27 	 -0.03957127389 
4.28 	 0.06103099224 
4.29 	 0.178103493 
4.3 	 0.1532580003 
4.31 	 0.07372868346 
4.32 	 -0.0251726562 
4.33 	 -0.00349928586 
4.34 	 0.1426412259 
4.35 	 0.2198789856 
4.36 	 0.06795479214 
4.37 	 -0.1618476363 
4.38 	 -0.1326296304 
4.39 	 0.05787833292 
4.4 	 0.2514781728 
4.41 	 0.2488965732 
4.42 	 0.1668156165 
4.43 	 0.1344854862 
4.44 	 0.1767416688 
4.45 	 0.1206167949 
4.46 	 -0.06806022021 
4.47 	 -0.2100482865 
4.48 	 -0.2378955411 
4.49 	 -0.112708071 
4.5 	 -0.04515635214 
4.51 	 -0.1316200833 
4.52 	 -0.2135508489 
4.53 	 -0.1680627618 
4.54 	 -0.06428854989 
4.55 	 -0.07735673538 
4.56 	 -0.20818782 
4.57 	 -0.3086401599 
4.58 	 -0.3811853061 
4.59 	 -0.342101187 
4.6 	 -0.249443775 
4.61 	 -0.1017423549 
4.62 	 0.08182123695 
4.63 	 0.2646643824 
4.64 	 0.3821371704 
4.65 	 0.3961957833 
4.66 	 0.3149652555 
4.67 	 0.1671735834 
4.68 	 0.04187589795 
4.69 	 -0.03464162136 
4.7 	 -0.02865801186 
4.71 	 -0.1259884566 
4.72 	 -0.2458527264 
4.73 	 -0.3941348004 
4.74 	 -0.4410039393 
4.75 	 -0.2860079994 
4.76 	 -0.09112735611 
4.77 	 0.01634912037 
4.78 	 -0.06202955214 
4.79 	 -0.1141119801 
4.8 	 -0.07762944357 
4.81 	 0.04072378212 
4.82 	 0.180390204 
4.83 	 0.4032882171 
4.84 	 0.6067041588 
4.85 	 0.7669132308 
4.86 	 0.7830731457 
4.87 	 0.5528303856 
4.88 	 0.3107803095 
4.89 	 0.1227936339 
4.9 	 -0.008867996712 
4.91 	 -0.1343558961 
4.92 	 -0.2450946096 
4.93 	 -0.3505001166 
4.94 	 -0.4272476706 
4.95 	 -0.378777834 
4.96 	 -0.2257931403 
4.97 	 -0.1576910412 
4.98 	 -0.2085726663 
4.99 	 -0.2418334713 
5.0 	 -0.2683700118 
5.01 	 -0.2430043929 
5.02 	 -0.1555303887 
5.03 	 -0.0756710046 
5.04 	 0.03599805006 
5.05 	 0.1119349449 
5.06 	 0.1985785326 
5.07 	 0.3215246139 
5.08 	 0.3964608495 
5.09 	 0.3946696416 
5.1 	 0.3191827707 
5.11 	 0.2377721313 
5.12 	 0.1406918808 
5.13 	 0.03325515444 
5.14 	 -0.0876398913 
5.15 	 -0.1324077282 
5.16 	 -0.07481220777 
5.17 	 0.02250794628 
5.18 	 0.06769580814 
5.19 	 0.003055623705 
5.2 	 -0.1113253515 
5.21 	 -0.2278677591 
5.22 	 -0.2648107476 
5.23 	 -0.2619991035 
5.24 	 -0.1549629783 
5.25 	 0.08846770815 
5.26 	 0.2217201264 
5.27 	 0.1882792098 
5.28 	 0.02230628211 
5.29 	 -0.04958840223 
5.3 	 0.09666206001 
5.31 	 0.3060917181 
5.32 	 0.4728348387 
5.33 	 0.3449154798 
5.34 	 0.09503047062 
5.35 	 -0.2191443147 
5.36 	 -0.4891217931 
5.37 	 -0.6909169266 
5.38 	 -0.7236973359 
5.39 	 -0.5967388665 
5.4 	 -0.494445582 
5.41 	 -0.3865289112 
5.42 	 -0.08763387777 
5.43 	 0.233835084 
5.44 	 0.4454761221 
5.45 	 0.3506271561 
5.46 	 -0.2235185937 
5.47 	 -0.3088816821 
5.48 	 -0.1320823305 
5.49 	 0.08750358135 
5.5 	 0.220525857 
5.51 	 0.1909373274 
5.52 	 0.2940211017 
5.53 	 0.4140352683 
5.54 	 0.5359407048 
5.55 	 0.554972301 
5.56 	 0.5203107261 
5.57 	 0.4817166165 
5.58 	 0.4625545473 
5.59 	 0.3771214155 
5.6 	 0.1332402048 
5.61 	 -0.2364189399 
5.62 	 -0.5400372627 
5.63 	 -0.6858677196 
5.64 	 -0.6166049994 
5.65 	 -0.3959683875 
5.66 	 -0.1098713133 
5.67 	 0.1630175769 
5.68 	 0.324577584 
5.69 	 0.4056676326 
5.7 	 0.2917169289 
5.71 	 -0.0365866893 
5.72 	 -0.3315396429 
5.73 	 -0.5348257002 
5.74 	 -0.5067284868 
5.75 	 -0.3024620181 
5.76 	 -0.0700782255 
5.77 	 0.09160178733 
5.78 	 -0.005048251506 
5.79 	 -0.1518894072 
5.8 	 -0.265189806 
5.81 	 -0.2610373311 
5.82 	 -0.1441951299 
5.83 	 0.1242209889 
5.84 	 0.4146208272 
5.85 	 0.6241405509 
5.86 	 0.424786734 
5.87 	 0.009569375415 
5.88 	 -0.229108626 
5.89 	 -0.2929783968 
5.9 	 -0.09037302597 
5.91 	 0.3449665899 
5.92 	 0.7201487646 
5.93 	 0.6868680453 
5.94 	 0.358754643 
5.95 	 -0.02668436739 
5.96 	 -0.2778802182 
5.97 	 -0.3950429121 
5.98 	 -0.4167565623 
5.99 	 -0.2838743244 
6.0 	 -0.0912351582 
6.01 	 0.134974809 
6.02 	 0.2680070418 
6.03 	 0.1305017433 
6.04 	 -0.07054298406 
6.05 	 -0.2853263025 
6.06 	 -0.4313468772 
6.07 	 -0.3984265773 
6.08 	 -0.2375070651 
6.09 	 -0.03344079888 
6.1 	 0.1589783094 
6.11 	 0.2087588601 
6.12 	 0.1320912576 
6.13 	 0.05884573626 
6.14 	 0.007934032719 
6.15 	 0.01333722474 
6.16 	 0.03071782737 
6.17 	 0.0523610712 
6.18 	 0.1214336736 
6.19 	 0.1652106024 
6.2 	 0.1808401887 
6.21 	 0.1067941125 
6.22 	 -0.01824347061 
6.23 	 -0.120056742 
6.24 	 -0.1944129123 
6.25 	 -0.1738103427 
6.26 	 -0.1378181394 
6.27 	 -0.09258032502 
6.28 	 -0.04787279019 
6.29 	 0.02692338804 
6.3 	 0.1092642705 
6.31 	 0.06292537191 
6.32 	 -0.06234239304 
6.33 	 -0.1754226162 
6.34 	 -0.2117352141 
6.35 	 -0.2112651189 
6.36 	 -0.196506072 
6.37 	 -0.2185799454 
6.38 	 -0.2499795972 
6.39 	 -0.2353005999 
6.4 	 -0.1172176299 
6.41 	 0.06156292968 
6.42 	 0.2361109059 
6.43 	 0.3445780158 
6.44 	 0.3434070942 
6.45 	 0.3002901822 
6.46 	 0.2931656697 
6.47 	 0.3166500249 
6.48 	 0.2770552953 
6.49 	 0.1900012572 
6.5 	 0.1111321926 
6.51 	 0.07748121447 
6.52 	 0.05330607831 
6.53 	 0.03292329195 
6.54 	 0.06096049758 
6.55 	 0.06983584002 
6.56 	 0.01610239887 
6.57 	 -0.08940313089 
6.58 	 -0.1769175621 
6.59 	 -0.2972121966 
6.6 	 -0.3204767097 
6.61 	 -0.1524227769 
6.62 	 0.0336423159 
6.63 	 0.2015461557 
6.64 	 0.1680252876 
6.65 	 0.05870738583 
6.66 	 -0.03862307853 
6.67 	 -0.0993408669 
6.68 	 -0.1091371329 
6.69 	 -0.1101078324 
6.7 	 -0.1277288487 
6.71 	 -0.08524272951 
6.72 	 0.01667025072 
6.73 	 0.1310809257 
6.74 	 0.126147771 
6.75 	 0.004182055974 
6.76 	 -0.09360867789 
6.77 	 -0.08669456046 
6.78 	 0.02796632838 
6.79 	 0.143847954 
6.8 	 0.2567277 
6.81 	 0.2467314081 
6.82 	 0.1742063724 
6.83 	 -0.003153710952 
6.84 	 -0.2415315195 
6.85 	 -0.4672015443 
6.86 	 -0.5993936487 
6.87 	 -0.4710642318 
6.88 	 -0.162223065 
6.89 	 0.186502815 
6.9 	 0.4252806675 
6.91 	 0.4273918776 
6.92 	 0.3151221174 
6.93 	 0.1852415433 
6.94 	 0.06689803932 
6.95 	 -0.02571949503 
6.96 	 -0.1335264606 
6.97 	 -0.1809259281 
6.98 	 -0.1554003081 
6.99 	 -0.05045541003 
7.0 	 0.06043314141 
7.01 	 0.1417333104 
7.02 	 0.1537006275 
7.03 	 0.1260733131 
7.04 	 0.07413104061 
7.05 	 0.0004752627156 
7.06 	 -0.08054508348 
7.07 	 -0.1375305102 
7.08 	 -0.1520195859 
7.09 	 -0.1506389265 
7.1 	 -0.1339086582 
7.11 	 -0.0990372474 
7.12 	 -0.02708282997 
7.13 	 0.05213611809 
7.14 	 0.08430590394 
7.15 	 0.03923783199 
7.16 	 -0.05170865715 
7.17 	 -0.1579246173 
7.18 	 -0.2397654252 
7.19 	 -0.2464297506 
7.2 	 -0.2245562955 
7.21 	 -0.1899449478 
7.22 	 -0.1629584226 
7.23 	 -0.1241444709 
7.24 	 0.003634503957 
7.25 	 0.1333046565 
7.26 	 0.2654764542 
7.27 	 0.2806656696 
7.28 	 0.1750901553 
7.29 	 0.06275043999 
7.3 	 -0.05457240216 
7.31 	 -0.1203833169 
7.32 	 -0.09577819863 
7.33 	 -0.03091815738 
7.34 	 0.03237092028 
7.35 	 0.06933369555 
7.36 	 0.08993632401 
7.37 	 0.1401273153 
7.38 	 0.1089278856 
7.39 	 0.02874799899 
7.4 	 -0.04893025914 
7.41 	 -0.1078869465 
7.42 	 -0.07300544121 
7.43 	 -0.01767129255 
7.44 	 -0.03608283789 
7.45 	 -0.1116197496 
7.46 	 -0.1747889883 
7.47 	 -0.1801024767 
7.48 	 -0.06778300923 
7.49 	 0.08980450704 
7.5 	 0.2435196141 
7.51 	 0.3962640609 
7.52 	 0.4888213128 
7.53 	 0.4654967625 
7.54 	 0.344401632 
7.55 	 0.2204947593 
7.56 	 0.1051831143 
7.57 	 0.02255178717 
7.58 	 0.02121083865 
7.59 	 0.02259155691 
7.6 	 -0.02658904362 
7.61 	 -0.08758695654 
7.62 	 -0.1555291134 
7.63 	 -0.228444489 
7.64 	 -0.2679191442 
7.65 	 -0.3196613025 
7.66 	 -0.3770269452 
7.67 	 -0.3508408179 
7.68 	 -0.2341986426 
7.69 	 -0.07673123016 
7.7 	 0.0742321719 
7.71 	 0.1946066598 
7.72 	 0.2047028175 
7.73 	 0.1603952658 
7.74 	 0.1616358384 
7.75 	 0.2098255014 
7.76 	 0.2147884785 
7.77 	 0.1944457758 
7.78 	 0.2307381651 
7.79 	 0.297779607 
7.8 	 0.306194625 
7.81 	 0.1683190971 
7.82 	 -0.02203893018 
7.83 	 -0.2111362155 
7.84 	 -0.3433982652 
7.85 	 -0.3754482219 
7.86 	 -0.3280490487 
7.87 	 -0.2774077686 
7.88 	 -0.2319597063 
7.89 	 -0.1526206446 
7.9 	 -0.07000958493 
7.91 	 0.009019268874 
7.92 	 0.08511629823 
7.93 	 0.1501965936 
7.94 	 0.2019284514 
7.95 	 0.2080121229 
7.96 	 0.1764424638 
7.97 	 0.1549590543 
7.98 	 0.1884095847 
7.99 	 0.2833983432 
8.0 	 0.3597655635 
8.01 	 0.3540119004 
8.02 	 0.2941746282 
8.03 	 0.2143951956 
8.04 	 0.1085194953 
8.05 	 -0.01672825725 
8.06 	 -0.1468990602 
8.07 	 -0.2623807125 
8.08 	 -0.3411696294 
8.09 	 -0.3425105583 
8.1 	 -0.3163644558 
8.11 	 -0.2759795307 
8.12 	 -0.2056760676 
8.13 	 -0.1268273097 
8.14 	 -0.04588728543 
8.15 	 -0.02327338134 
8.16 	 -0.02981753424 
8.17 	 -0.02642554035 
8.18 	 0.007485364521 
8.19 	 0.04621925583 
8.2 	 0.04603903632 
8.21 	 0.02356502283 
8.22 	 0.0007407730143 
8.23 	 0.01675059462 
8.24 	 0.007945033653 
8.25 	 0.0006504126138 
8.26 	 -0.0237748293 
8.27 	 -0.07989969339 
8.28 	 -0.1431589977 
8.29 	 -0.165182742 
8.3 	 -0.1534855923 
8.31 	 -0.1356545439 
8.32 	 -0.0813911175 
8.33 	 -0.004403511819 
8.34 	 0.08493173289 
8.35 	 0.159748002 
8.36 	 0.1997326791 
8.37 	 0.1369336698 
8.38 	 0.0504599913 
8.39 	 -0.02378609118 
8.4 	 -0.07688909268 
8.41 	 -0.0997233588 
8.42 	 -0.08041147128 
8.43 	 -0.05439543957 
8.44 	 -0.04212793647 
8.45 	 -0.02476726776 
8.46 	 -0.01684244565 
8.47 	 -0.01689256494 
8.48 	 -0.05808818844 
8.49 	 -0.09397051974 
8.5 	 -0.05620720923 
8.51 	 0.0002977155477 
8.52 	 0.01098424719 
8.53 	 -0.0002227857867 
8.54 	 -0.01956485799 
8.55 	 -0.01696333428 
8.56 	 -0.03826662237 
8.57 	 -0.08104320585 
8.58 	 -0.08704702395 
8.59 	 -0.04688222544 
8.6 	 0.02845436607 
8.61 	 0.11223621 
8.62 	 0.1826097165 
8.63 	 0.1846708956 
8.64 	 0.1520405793 
8.65 	 0.1018794987 
8.66 	 0.1040306355 
8.67 	 0.1194702021 
8.68 	 0.08332769979 
8.69 	 0.03639854331 
8.7 	 0.01598580702 
8.71 	 0.06493605894 
8.72 	 0.1567227942 
8.73 	 0.2241745884 
8.74 	 0.2120469759 
8.75 	 0.1607550966 
8.76 	 0.1360496907 
8.77 	 0.1143762615 
8.78 	 0.07107929676 
8.79 	 -0.004367523834 
8.8 	 -0.09236212119 
8.81 	 -0.1616051331 
8.82 	 -0.2154885201 
8.83 	 -0.2266255188 
8.84 	 -0.2219827401 
8.85 	 -0.1913238414 
8.86 	 -0.1374804792 
8.87 	 -0.07152974253 
8.88 	 -0.01727620461 
8.89 	 0.003676701672 
8.9 	 -0.06187398516 
8.91 	 -0.1750641588 
8.92 	 -0.2781381231 
8.93 	 -0.3628907352 
8.94 	 -0.3807518022 
8.95 	 -0.3589583967 
8.96 	 -0.2907062046 
8.97 	 -0.2129181039 
8.98 	 -0.1040907708 
8.99 	 0.01605365298 
9.0 	 0.1384394067 
9.01 	 0.2523699018 
9.02 	 0.3224833452 
9.03 	 0.3347908731 
9.04 	 0.2893025898 
9.05 	 0.2137257612 
9.06 	 0.1395396963 
9.07 	 0.09764365842 
9.08 	 0.05034429216 
9.09 	 0.01727373249 
9.1 	 0.002294386344 
9.11 	 0.009538809417 
9.12 	 -0.01356557211 
9.13 	 -0.06990053697 
9.14 	 -0.131068467 
9.15 	 -0.1864929069 
9.16 	 -0.1554437664 
9.17 	 -0.05932423863 
9.18 	 0.05680765971 
9.19 	 0.1209873186 
9.2 	 0.1483442694 
9.21 	 0.1760413329 
9.22 	 0.1836459468 
9.23 	 0.170898048 
9.24 	 0.09552127473 
9.25 	 0.03181175028 
9.26 	 -0.02419301979 
9.27 	 -0.06177635604 
9.28 	 -0.0688307859 
9.29 	 -0.08459060976 
9.3 	 -0.1074449079 
9.31 	 -0.1225742823 
9.32 	 -0.1484303031 
9.33 	 -0.1405054908 
9.34 	 -0.08068847625 
9.35 	 -0.009394361091 
9.36 	 0.05393482083 
9.37 	 0.06472144557 
9.38 	 0.02422630512 
9.39 	 -0.02804613273 
9.4 	 -0.04328563419 
9.41 	 -0.01520828604 
9.42 	 0.0690238467 
9.43 	 0.1544167575 
9.44 	 0.2180860119 
9.45 	 0.2063387331 
9.46 	 0.1410883029 
9.47 	 0.05253337404 
9.48 	 -0.04161501081 
9.49 	 -0.07634658006 
9.5 	 -0.06427915191 
9.51 	 -0.01740015396 
9.52 	 0.05527482759 
9.53 	 0.116592831 
9.54 	 0.1074570723 
9.55 	 0.06620145084 
9.56 	 0.0262566612 
9.57 	 0.008855823483 
9.58 	 -0.0007301627145 
9.59 	 -0.03628223595 
9.6 	 -0.07273486179 
9.61 	 -0.05822593065 
9.62 	 0.01174738671 
9.63 	 0.07403593266 
9.64 	 0.1061057448 
9.65 	 0.120124431 
9.66 	 0.1159517475 
9.67 	 0.1188235269 
9.68 	 0.1419978861 
9.69 	 0.1499727294 
9.7 	 0.1087671978 
9.71 	 0.03607206651 
9.72 	 -0.03898447893 
9.73 	 -0.08005996917 
9.74 	 -0.1081073772 
9.75 	 -0.1511641539 
9.76 	 -0.1989037341 
9.77 	 -0.2126222343 
9.78 	 -0.1784610675 
9.79 	 -0.1369954728 
9.8 	 -0.07314596946 
9.81 	 -0.0416564973 
9.82 	 -0.01596061494 
9.83 	 0.002320676163 
9.84 	 0.004361903685 
9.85 	 -0.000240985593 
9.86 	 0.01312726131 
9.87 	 0.06311819727 
9.88 	 0.1241859672 
9.89 	 0.176958666 
9.9 	 0.1858741902 
9.91 	 0.1483709526 
9.92 	 0.1052641449 
9.93 	 0.07224364566 
9.94 	 0.01720950642 
9.95 	 -0.05001217461 
9.96 	 -0.1290112119 
9.97 	 -0.1521155277 
9.98 	 -0.1538766189 
9.99 	 -0.1259894376 
10.0 	 -0.06774332778 
10.01 	 -0.01384996401 
10.02 	 0.0004588683417 
10.03 	 -0.01242915228 
10.04 	 -0.008917003548 
10.05 	 0.01058505867 
10.06 	 0.03304893843 
10.07 	 0.039452877 
10.08 	 0.04466607777 
10.09 	 0.05079984894 
10.1 	 0.07007176071 
10.11 	 0.07575525288 
10.12 	 0.1004105493 
10.13 	 0.1353320892 
10.14 	 0.1341413514 
10.15 	 0.09665808696 
10.16 	 0.02790546714 
10.17 	 -0.03548382948 
10.18 	 -0.08596513791 
10.19 	 -0.1097998965 
10.2 	 -0.09505081656 
10.21 	 -0.07652935998 
10.22 	 -0.03270224322 
10.23 	 -0.008377193583 
10.24 	 -0.02922013467 
10.25 	 -0.07704979029 
10.26 	 -0.1214272971 
10.27 	 -0.1282815441 
10.28 	 -0.1055274453 
10.29 	 -0.06612310818 
10.3 	 -0.04114766241 
10.31 	 -0.05447594043 
10.32 	 -0.09767272545 
10.33 	 -0.1160041329 
10.34 	 -0.1061480259 
10.35 	 -0.08066225412 
10.36 	 -0.05794820955 
10.37 	 -0.05039354817 
10.38 	 -0.05449610979 
10.39 	 -0.0695654568 
10.4 	 -0.08672610942 
10.41 	 -0.04414975785 
10.42 	 0.004770536292 
10.43 	 0.02852523351 
10.44 	 0.0121250619 
10.45 	 -0.01232010432 
10.46 	 -0.01407120894 
10.47 	 -0.03144199176 
10.48 	 -0.04720176657 
10.49 	 -0.09496137879 
10.5 	 -0.1213577442 
10.51 	 -0.1405696482 
10.52 	 -0.1240194915 
10.53 	 -0.07921168866 
10.54 	 -0.02035523988 
10.55 	 0.0506087109 
10.56 	 0.1208122101 
10.57 	 0.1722339738 
10.58 	 0.167991345 
10.59 	 0.1569945312 
10.6 	 0.1386131418 
10.61 	 0.137822652 
10.62 	 0.1326193299 
10.63 	 0.1185507108 
10.64 	 0.1022205924 
10.65 	 0.1018703754 
10.66 	 0.1281466566 
10.67 	 0.1346807052 
10.68 	 0.1049521869 
10.69 	 0.0598942683 
10.7 	 0.03581934129 
10.71 	 0.02820461328 
10.72 	 0.02916518886 
10.73 	 0.01054365066 
10.74 	 -0.02339739936 
10.75 	 -0.08648649036 
10.76 	 -0.135386829 
10.77 	 -0.1572403698 
10.78 	 -0.1412104374 
10.79 	 -0.1060786692 
10.8 	 -0.101065563 
10.81 	 -0.08588618703 
10.82 	 -0.07352853984 
10.83 	 -0.04730228964 
10.84 	 -0.01668333726 
10.85 	 0.02656345914 
10.86 	 0.05283973053 
10.87 	 0.05472087651 
10.88 	 0.05248949391 
10.89 	 0.0572724477 
10.9 	 0.0530698437 
10.91 	 0.04809675249 
10.92 	 0.05652196308 
10.93 	 0.05640187887 
10.94 	 0.06866947026 
10.95 	 0.08567000406 
10.96 	 0.07654433985 
10.97 	 0.04194289044 
10.98 	 0.01687736925 
10.99 	 -0.009619060122 
11.0 	 0.002538466992 
11.01 	 0.02457211743 
11.02 	 0.03026563542 
11.03 	 0.05887336122 
11.04 	 0.05230928421 
11.05 	 0.01933885521 
11.06 	 -0.008618472495 
11.07 	 -0.003505307238 
11.08 	 0.0121443876 
11.09 	 0.022370724 
11.1 	 0.02758394439 
11.11 	 0.02377158219 
11.12 	 0.02708362458 
11.13 	 0.03517864038 
11.14 	 0.04506476598 
11.15 	 0.04239310077 
11.16 	 0.02685348198 
11.17 	 0.01086356457 
11.18 	 -0.002554747668 
11.19 	 0.00490987557 
11.2 	 0.01837822077 
11.21 	 0.05597151417 
11.22 	 0.1010294622 
11.23 	 0.1308979692 
11.24 	 0.132839172 
11.25 	 0.11122578 
11.26 	 0.08508954636 
11.27 	 0.03969141696 
11.28 	 0.05105846016 
11.29 	 0.04780645497 
11.3 	 0.01249457517 
11.31 	 -0.02381792463 
11.32 	 -0.05357636343 
11.33 	 -0.04735250703 
11.34 	 -0.04357016343 
11.35 	 -0.06580393983 
11.36 	 -0.1002152322 
11.37 	 -0.1243802052 
11.38 	 -0.1021264164 
11.39 	 -0.06843556062 
11.4 	 -0.04780277622 
11.41 	 -0.04281967881 
11.42 	 -0.04294975941 
11.43 	 -0.06389273601 
11.44 	 -0.06172139061 
11.45 	 -0.0445107168 
11.46 	 -0.0191149812 
11.47 	 0.031626459 
11.48 	 0.0687294486 
11.49 	 0.07103088441 
11.5 	 0.0229811022 
11.51 	 -0.03929747679 
11.52 	 -0.07019661258 
11.53 	 -0.04572144738 
11.54 	 -0.03512487177 
11.55 	 -0.06319226277 
11.56 	 -0.1087604289 
11.57 	 -0.1460735487 
11.58 	 -0.1243000575 
11.59 	 -0.08795758815 
11.6 	 -0.04349002554 
11.61 	 -0.01492232454 
11.62 	 0.01411566786 
11.63 	 0.04563520767 
11.64 	 0.07618414608 
11.65 	 0.08680072428 
11.66 	 0.04124250549 
11.67 	 -0.006597132786 
11.68 	 -0.0571084245 
11.69 	 -0.08624646909 
11.7 	 -0.08688686589 
11.71 	 -0.09359101008 
11.72 	 -0.1064690091 
11.73 	 -0.1308140937 
11.74 	 -0.1690677963 
11.75 	 -0.1830064329 
11.76 	 -0.190220805 
11.77 	 -0.191371518 
11.78 	 -0.185017581 
11.79 	 -0.1575105372 
11.8 	 -0.1330153596 
11.81 	 -0.1064088738 
11.82 	 -0.0795222144 
11.83 	 -0.05180503059 
11.84 	 -0.02768007258 
11.85 	 -0.02679951717 
11.86 	 -0.04070813517 
11.87 	 -0.06413263956 
11.88 	 -0.07202752155 
11.89 	 -0.06411260754 
11.9 	 -0.06377238693 
11.91 	 -0.04883313033 
11.92 	 -0.01413161892 
11.93 	 0.02292134949 
11.94 	 0.06205559769 
11.95 	 0.06790924431 
11.96 	 0.07183168452 
11.97 	 0.06526762713 
11.98 	 0.05003820054 
11.99 	 0.03752045415 
12.0 	 0.02588325336 
12.01 	 0.03850107156 
12.02 	 0.07011066717 
12.03 	 0.105452595 
12.04 	 0.1269359064 
12.05 	 0.1610270298 
12.06 	 0.1896747804 
12.07 	 0.2178822582 
12.08 	 0.2174019606 
12.09 	 0.2253468834 
12.1 	 0.2297897343 
12.11 	 0.2392055685 
12.12 	 0.2379547935 
12.13 	 0.2220549417 
12.14 	 0.2361436713 
12.15 	 0.2371743099 
12.16 	 0.2287290771 
12.17 	 0.2119086549 
12.18 	 0.1965792546 
12.19 	 0.1297278324 
12.2 	 0.08672114556 
12.21 	 0.05881387338 
12.22 	 0.02202108579 
12.23 	 0.0096234138 
12.24 	 -0.005245786647 
12.25 	 0.003729785544 
12.26 	 -0.01958465457 
12.27 	 -0.05400597276 
12.28 	 -0.08197328214 
12.29 	 -0.1089999891 
12.3 	 -0.1089499581 
12.31 	 -0.1208773485 
12.32 	 -0.1023558723 
12.33 	 -0.1015653825 
12.34 	 -0.09643217247 
12.35 	 -0.08416456146 
12.36 	 -0.06964555545 
12.37 	 -0.05259497103 
12.38 	 -0.04701150162 
12.39 	 -0.04064754861 
12.4 	 -0.04044740499 
12.41 	 -0.04870251018 
12.42 	 -0.05255488737 
12.43 	 -0.05197451796 
12.44 	 -0.04301895915 
12.45 	 -0.01732301793 
12.46 	 -0.01561195773 
12.47 	 -0.001663294329 
12.48 	 0.007942669443 
12.49 	 0.01959989931 
12.5 	 0.03398883453 
12.51 	 0.04157354394 
12.52 	 0.03811141836 
12.53 	 0.01628789616 
12.54 	 -0.01347052302 
12.55 	 -0.0516941874 
12.56 	 -0.07861085559 
12.57 	 -0.1140127029 
12.58 	 -0.1355961744 
12.59 	 -0.1400589396 
12.6 	 -0.1445716377 
12.61 	 -0.1257099507 
12.62 	 -0.0989333595 
12.63 	 -0.0609598305 
12.64 	 -0.05678723529 
12.65 	 -0.04807181547 
12.66 	 -0.03384298926 
12.67 	 -0.00799696485 
12.68 	 0.008903519703 
12.69 	 0.004891047237 
12.7 	 0.00431070039 
12.71 	 -0.01502125839 
12.72 	 -0.02647835739 
12.73 	 -0.02517753177 
12.74 	 -0.001382775417 
12.75 	 0.01593797346 
12.76 	 0.01122506307 
12.77 	 -0.004274527977 
12.78 	 -0.01891359171 
12.79 	 -0.02033445249 
12.8 	 -0.02965021488 
12.81 	 -0.03930617826 
12.82 	 -0.03915607545 
12.83 	 -0.03923610543 
12.84 	 -0.009777844782 
12.85 	 0.02742521859 
12.86 	 0.0491787072 
12.87 	 0.06597912681 
12.88 	 0.06393788163 
12.89 	 0.06840066645 
12.9 	 0.06561895266 
12.91 	 0.02994685947 
12.92 	 0.009194015385 
12.93 	 0.008423550738 
12.94 	 0.02519395371 
12.95 	 0.03765169233 
12.96 	 0.03726146034 
12.97 	 0.02420337915 
12.98 	 0.01708899057 
12.99 	 0.01426724217 
13.0 	 0.007853290533 
13.01 	 -0.003763894914 
13.02 	 -0.02171500398 
13.03 	 -0.03850539777 
13.04 	 -0.04825141695 
13.05 	 -0.03528337194 
13.06 	 -0.04205755953 
13.07 	 -0.04743086931 
13.08 	 -0.0514233333 
13.09 	 -0.03556349649 
13.1 	 -0.01043790867 
13.11 	 0.00627245514 
13.12 	 0.03566067435 
13.13 	 0.05794450137 
13.14 	 0.06082629678 
13.15 	 0.05727410559 
13.16 	 0.0503098002 
13.17 	 0.04948930161 
13.18 	 0.04486646664 
13.19 	 0.02955699045 
13.2 	 0.04014355986 
13.21 	 0.05396213187 
13.22 	 0.07409461608 
13.23 	 0.08861362209 
13.24 	 0.09702885591 
13.25 	 0.08182944792 
13.26 	 0.06853122774 
13.27 	 0.05437245474 
13.28 	 0.02628507096 
13.29 	 0.002610416475 
13.3 	 0.003901229028 
13.31 	 0.0416946582 
13.32 	 0.07435490481 
13.33 	 0.09696893643 
13.34 	 0.1147999554 
13.35 	 0.1104273441 
13.36 	 0.09689892246 
13.37 	 0.08555190147 
13.38 	 0.05614368948 
13.39 	 0.01547852211 
13.4 	 -0.02577703068 
13.41 	 -0.04685007807 
13.42 	 -0.05231345346 
13.43 	 -0.03851489385 
13.44 	 0.008554285665 
13.45 	 0.03633151158 
13.46 	 0.00856431639 
13.47 	 -0.02146427019 
13.48 	 -0.07323633918 
13.49 	 -0.0994425966 
13.5 	 -0.08268217236 
13.51 	 -0.07121504754 
13.52 	 -0.05699622753 
13.53 	 -0.06625195272 
13.54 	 -0.05946773931 
13.55 	 -0.0346423473 
13.56 	 -0.03071989728 
13.57 	 -0.04321764108 
13.58 	 -0.05026198626 
13.59 	 -0.07182533745 
13.6 	 -0.07852948164 
13.61 	 -0.06022812222 
13.62 	 -0.03888488781 
13.63 	 -0.02997936 
13.64 	 -0.03481234479 
13.65 	 -0.04576912398 
13.66 	 -0.06573148317 
13.67 	 -0.05787660636 
13.68 	 -0.02719758735 
13.69 	 0.01033567866 
13.7 	 0.05451306147 
13.71 	 0.07937847828 
13.72 	 0.0913459131 
13.73 	 0.0733447593 
13.74 	 0.05328234792 
13.75 	 0.02859706233 
13.76 	 0.02152268874 
13.77 	 0.005792955093 
13.78 	 0.007514031303 
13.79 	 -0.005864246325 
13.8 	 -0.02640697002 
13.81 	 -0.0372236526 
13.82 	 -0.03311109459 
13.83 	 -0.01717120818 
13.84 	 -0.04061572497 
13.85 	 -0.05110221276 
13.86 	 -0.04407785055 
13.87 	 -0.03336120054 
13.88 	 -0.03341122173 
13.89 	 -0.04082580612 
13.9 	 -0.04487830731 
13.91 	 -0.0384943419 
13.92 	 -0.03824417709 
13.93 	 -0.04221662868 
13.94 	 -0.05753611107 
13.95 	 -0.06448039425 
13.96 	 -0.05622527925 
13.97 	 -0.03116974464 
13.98 	 -0.01152756423 
13.99 	 0.0002297299914 
14.0 	 -0.01944244881 
14.01 	 -0.01649061981 
14.02 	 -0.01618040799 
14.03 	 -0.02346491178 
14.04 	 -0.03487196997 
14.05 	 -0.06157850796 
14.06 	 -0.07166474775 
14.07 	 -0.08269157034 
14.08 	 -0.09121684293 
14.09 	 -0.09375840792 
14.1 	 -0.09113677371 
14.11 	 -0.07451647551 
14.12 	 -0.0280476729 
14.13 	 0.005953403529 
14.14 	 0.03337040232 
14.15 	 0.06248845413 
14.16 	 0.07573667274 
14.17 	 0.08716375314 
14.18 	 0.08246084895 
14.19 	 0.07465602276 
14.2 	 0.05728525956 
14.21 	 0.01667011338 
14.22 	 -0.008525492334 
14.23 	 -0.04067540901 
14.24 	 -0.04887046719 
14.25 	 -0.05069159559 
14.26 	 -0.04282671258 
14.27 	 -0.03088930617 
14.28 	 -0.01446913197 
14.29 	 0.002651487021 
14.3 	 0.01655009784 
14.31 	 0.02140312446 
14.32 	 0.007694634384 
14.33 	 0.007044238251 
14.34 	 0.02066268528 
14.35 	 0.03271015989 
14.36 	 0.0474693147 
14.37 	 0.06871246749 
14.38 	 0.0822408597 
14.39 	 0.1090074447 
14.4 	 0.1026835263 
14.41 	 0.08189067213 
14.42 	 0.05865627573 
14.43 	 0.04515792174 
14.44 	 0.05110160454 
14.45 	 0.05840615016 
14.46 	 0.08032973436 
14.47 	 0.08968554117 
14.48 	 0.06815219877 
14.49 	 0.05604470658 
14.5 	 0.07628725899 
14.51 	 0.08660365119 
14.52 	 0.0820108152 
14.53 	 0.0806099472 
14.54 	 0.06065759421 
14.55 	 0.04239628902 
14.56 	 0.04165584003 
14.57 	 0.02802739563 
14.58 	 0.004232657916 
14.59 	 -0.004642835598 
14.6 	 -0.006854198931 
14.61 	 0.001681094574 
14.62 	 0.01982234106 
14.63 	 0.03634257726 
14.64 	 0.02488548807 
14.65 	 0.007644810375 
14.66 	 -0.001330745139 
14.67 	 -0.01227751911 
14.68 	 -7.996031919e-05 
14.69 	 -0.0105964677 
14.7 	 -0.004102442919 
14.71 	 -0.0105164181 
14.72 	 -0.00306178929 
14.73 	 -0.004782849804 
14.74 	 -0.00994604508 
14.75 	 -0.002751582375 
14.76 	 0.01647032292 
14.77 	 0.03030891714 
14.78 	 0.01653037974 
14.79 	 0.02028271455 
14.8 	 0.002531711826 
14.81 	 0.00810516915 
14.82 	 0.003342222855 
14.83 	 -0.0002299863267 
14.84 	 -0.006133639716 
14.85 	 0.0004504430232 
14.86 	 -0.006904110249 
14.87 	 -0.01486903662 
14.88 	 -0.01242752382 
14.89 	 -0.01770079122 
14.9 	 -0.03768316281 
14.91 	 -0.07228460241 
14.92 	 -0.08457221601 
14.93 	 -0.0827710902 
14.94 	 -0.074956248 
14.95 	 -0.0603371898 
14.96 	 -0.06435967239 
14.97 	 -0.07805816019 
14.98 	 -0.07946903439 
14.99 	 -0.06564045618 
15.0 	 -0.05169181338 
15.01 	 -0.03288015738 
15.02 	 0.003122154144 
15.03 	 0.01971242982 
15.04 	 0.02927836683 
15.05 	 0.01481940783 
15.06 	 0.01078691904 
15.07 	 0.008915756697 
15.08 	 0.00548363304 
15.09 	 0.01048673304 
15.1 	 0.007024591764 
15.11 	 0.01306833264 
15.12 	 0.009566170488 
15.13 	 0.006504276231 
15.14 	 -0.004202355807 
15.15 	 -0.03063873915 
15.16 	 -0.02484513954 
15.17 	 -0.03623219514 
15.18 	 -0.04400701254 
15.19 	 -0.05304261114 
15.2 	 -0.06573046293 
15.21 	 -0.06659099613 
15.22 	 -0.06872231673 
15.23 	 -0.06688117593 
15.24 	 -0.06422953293 
15.25 	 -0.02844736173 
15.26 	 -0.00986584833 
15.27 	 -0.004802706225 
15.28 	 -0.00983581992 
15.29 	 -0.005643225063 
15.3 	 0.004042777518 
15.31 	 -0.01443867192 
15.32 	 -0.02822721552 
15.33 	 -0.02509527492 
15.34 	 -0.03040856712 
15.35 	 -0.02327414652 
15.36 	 -0.02133293391 
15.37 	 -0.01384830612 
15.38 	 -0.01851118551 
15.39 	 -0.01785077631 
15.4 	 -0.008555019453 
15.41 	 -0.01480889151 
15.42 	 -0.01036613871 
15.43 	 -0.009325495872 
15.44 	 -0.007274223891 
15.45 	 -0.01259752131 
15.46 	 -0.008905234491 
15.47 	 0.001571256909 
15.48 	 0.009736315128 
15.49 	 0.01475942949 
15.5 	 0.02732721669 
15.51 	 0.03361111029 
15.52 	 0.04068549369 
15.53 	 0.04084559289 
15.54 	 0.03005890929 
15.55 	 0.008135324109 
15.56 	 -0.007514372691 
15.57 	 -0.003581936091 
15.58 	 0.02370497229 
15.59 	 0.03043913508 
15.6 	 0.02656674549 
15.61 	 0.03254044689 
15.62 	 0.02762739288 
15.63 	 0.02134350909 
15.64 	 0.01898203608 
15.65 	 0.02152362069 
15.66 	 0.01876189968 
15.67 	 0.03108953808 
15.68 	 0.02797761969 
15.69 	 0.03327088968 
15.7 	 0.03264049908 
15.71 	 0.02045294748 
15.72 	 0.02415523167 
15.73 	 0.02544604128 
15.74 	 0.02953857708 
15.75 	 0.03717330768 
15.76 	 0.04994121888 
15.77 	 0.06473038248 
15.78 	 0.07302551247 
15.79 	 0.05392368648 
15.8 	 0.04275675747 
15.81 	 0.03210015447 
15.82 	 0.007034621508 
15.83 	 0.02183379327 
15.84 	 0.02935845567 
15.85 	 0.02665677186 
15.86 	 0.02620649286 
15.87 	 0.02291446287 
15.88 	 0.03047914026 
15.89 	 0.01698077646 
15.9 	 -0.002411240121 
15.91 	 -0.01439866674 
15.92 	 -0.02118287034 
15.93 	 -0.02221351875 
15.94 	 -0.03015844155 
15.95 	 -0.02156311575 
15.96 	 -0.02907777195 
15.97 	 -0.01908157815 
15.98 	 0.005633730945 
15.99 	 0.02596632444 
16.0 	 0.02355483024 
16.01 	 0.03323082564 
16.02 	 0.05055155784 
16.03 	 0.03832398144 
16.04 	 0.04192621344 
16.05 	 0.04643899983 
16.06 	 0.05117193243 
16.07 	 0.03223019583 
16.08 	 0.02160361143 
16.09 	 0.006384177306 
16.1 	 -0.003511955475 
16.11 	 -0.002161121418 
16.12 	 -0.01530927018 
16.13 	 -0.02836736118 
16.14 	 -0.03415095459 
16.15 	 -0.04444733439 
16.16 	 -0.04745919078 
16.17 	 -0.03311030979 
16.18 	 -0.04037481099 
16.19 	 -0.02697650919 
16.2 	 -0.0188815032 
16.21 	 -0.003241810638 
16.22 	 0.002021449581 
16.23 	 0.004733126838 
16.24 	 -0.002761517943 
16.25 	 -0.01513919421 
16.26 	 -0.0184012056 
16.27 	 -0.02677640481 
16.28 	 -0.02129300721 
16.29 	 -0.03517160661 
16.3 	 -0.03665252421 
16.31 	 -0.05175188982 
16.32 	 -0.03963438162 
16.33 	 -0.04705898202 
16.34 	 -0.05254238943 
16.35 	 -0.04685885802 
16.36 	 -0.04657868442 
16.37 	 -0.05811583302 
16.38 	 -0.07593688503 
16.39 	 -0.06834217923 
16.4 	 -0.06399948843 
16.41 	 -0.05362305903 
16.42 	 -0.05063121504 
16.43 	 -0.05055116544 
16.44 	 -0.05046110964 
16.45 	 -0.04285639764 
16.46 	 -0.03991457484 
16.47 	 -0.02761695504 
16.48 	 -0.03037867605 
16.49 	 -0.01827117405 
16.5 	 -0.02559571245 
16.51 	 -0.01982214486 
16.52 	 -0.001130562279 
16.53 	 0.006284029959 
16.54 	 0.02141339553 
16.55 	 0.03512189934 
16.56 	 0.04681913733 
16.57 	 0.04047520653 
16.58 	 0.03371101533 
16.59 	 0.02711692953 
16.6 	 0.02518572312 
16.61 	 0.01595001033 
16.62 	 0.03006874872 
16.63 	 0.03233014992 
16.64 	 0.01425895272 
16.65 	 0.01250786772 
16.66 	 0.007604825796 
16.67 	 1.011870108e-05 
16.68 	 0.01886179491 
16.69 	 0.03525195051 
16.7 	 0.03981477771 
16.71 	 0.0510917553 
16.72 	 0.05112178371 
16.73 	 0.05334316011 
16.74 	 0.0440173719 
16.75 	 0.0628790589 
16.76 	 0.0959095251 
16.77 	 0.1212452235 
16.78 	 0.1358042445 
16.79 	 0.1363345731 
16.8 	 0.1238168169 
16.81 	 0.1034141751 
16.82 	 0.08571319749 
16.83 	 0.06707164689 
16.84 	 0.06085779669 
16.85 	 0.05034128049 
16.86 	 0.03152962449 
16.87 	 0.01742088249 
16.88 	 -0.00016001091 
16.89 	 -0.02947817691 
16.9 	 -0.03198973311 
16.91 	 -0.03765324231 
16.92 	 -0.03497159052 
16.93 	 -0.05234234391 
16.94 	 -0.07508643651 
16.95 	 -0.07719774471 
16.96 	 -0.06817215231 
16.97 	 -0.05728540671 
16.98 	 -0.06198832071 
16.99 	 -0.06197832432 
17.0 	 -0.06939290871 
17.01 	 -0.06303898152 
17.02 	 -0.05209218891 
17.03 	 -0.05456372031 
17.04 	 -0.04393714572 
17.05 	 -0.02636624871 
17.06 	 -0.01757080872 
17.07 	 -0.02004233031 
17.08 	 -0.02334438612 
17.09 	 -0.02906792271 
17.1 	 -0.03395094831 
17.11 	 -0.02592597591 
17.12 	 -0.04284646011 
17.13 	 -0.04550810931 
17.14 	 -0.05106155031 
17.15 	 -0.04623856191 
17.16 	 -0.00524316051 
17.17 	 0.003202073271 
17.18 	 0.02305437309 
17.19 	 0.0500811291 
17.2 	 0.05924679849 
17.21 	 0.06402976209 
17.22 	 0.06548066109 
17.23 	 0.0542937393 
17.24 	 0.0456383763 
17.25 	 0.0427866093 
17.26 	 0.02714692851 
17.27 	 0.01407883131 
17.28 	 0.009485981586 
17.29 	 0.004312778148 
17.3 	 0.00358232751 
17.31 	 -0.002971731528 
17.32 	 0.003692399634 
17.33 	 0.002241503577 
17.34 	 0.002901913758 
17.35 	 -0.001530829899 
17.36 	 -0.01422869868 
17.37 	 -0.02042252667 
17.38 	 -0.009485751051 
17.39 	 -0.01040632047 
17.4 	 -0.01946192166 
17.41 	 -0.02168329806 
17.42 	 -0.02720672046 
17.43 	 -0.02777707386 
17.44 	 -0.02605600746 
17.45 	 -0.02640621465 
17.46 	 -0.02141312085 
17.47 	 -0.01236751605 
17.48 	 -0.01895158584 
17.49 	 -0.01830118284 
17.5 	 -0.02230366284 
17.51 	 -0.03516161022 
17.52 	 -0.04419720882 
17.53 	 -0.06103763361 
17.54 	 -0.07125396381 
17.55 	 -0.0822407616 
17.56 	 -0.0916565958 
17.57 	 -0.0813702222 
17.58 	 -0.0776679282 
17.59 	 -0.067901877 
17.6 	 -0.06477993279 
17.61 	 -0.06042723579 
17.62 	 -0.05492381598 
17.63 	 -0.05765550858 
17.64 	 -0.05446352097 
17.65 	 -0.04523779476 
17.66 	 -0.04379690196 
17.67 	 -0.03030853455 
17.68 	 -0.008144797626 
17.69 	 0.02642662926 
17.7 	 0.04779987246 
17.71 	 0.06560091207 
17.72 	 0.08338193928 
17.73 	 0.08224123248 
17.74 	 0.08017996509 
17.75 	 0.0777184497 
17.76 	 0.08464274991 
17.77 	 0.06417006471 
17.78 	 0.04353728031 
17.79 	 0.02488573332 
17.8 	 0.02645671653 
17.81 	 0.02618655894 
17.82 	 0.02861806554 
17.83 	 0.03619276875 
17.84 	 0.03701328696 
17.85 	 0.03542231097 
17.86 	 0.04361739858 
17.87 	 0.03946483539 
17.88 	 0.032300406 
17.89 	 0.03949487361 
17.9 	 0.04505832081 
17.91 	 0.05347354482 
17.92 	 0.04235666643 
17.93 	 0.05030158923 
17.94 	 0.03708340884 
17.95 	 0.02401532145 
17.96 	 0.02271452526 
17.97 	 0.02563634547 
17.98 	 0.01108734048 
17.99 	 0.002371954995 
18.0 	 0.003692784186 
18.01 	 -9.500173713e-06 
18.02 	 -0.002440995813 
18.03 	 0.001921716216 
18.04 	 0.007495179426 
18.05 	 -0.001430339202 
18.06 	 -0.01294746363 
18.07 	 -0.01616945022 
18.08 	 -0.02710621701 
18.09 	 -0.02954772 
18.1 	 -0.01972162179 
18.11 	 -0.01769035338 
18.12 	 -0.006743552922 
18.13 	 -0.01101618855 
18.14 	 -0.01299740634 
18.15 	 -0.01593921933 
18.16 	 -0.02273340951 
18.17 	 -0.006523356681 
18.18 	 -0.002500852509 
18.19 	 0.004043215044 
18.2 	 0.01618075134 
18.21 	 0.01327896315 
18.22 	 0.02937894876 
18.23 	 0.02721761937 
18.24 	 0.04866092559 
18.25 	 0.06813301041 
18.26 	 0.07154513442 
18.27 	 0.07478715303 
18.28 	 0.05696613045 
18.29 	 0.04398809886 
18.3 	 0.01891258128 
18.31 	 0.005104038033 
18.32 	 -0.01627919469 
18.33 	 -0.04134471588 
18.34 	 -0.05704442406 
18.35 	 -0.07919813124 
18.36 	 -0.09401730363 
18.37 	 -0.09810981 
18.38 	 -0.09304666299 
18.39 	 -0.08603230698 
18.4 	 -0.06098677857 
18.41 	 -0.04954966254 
18.42 	 -0.03726203913 
18.43 	 -0.03134836512 
18.44 	 -0.03257909829 
18.45 	 -0.004681801899 
18.46 	 0.01121806854 
18.47 	 0.03296155095 
18.48 	 0.04923165177 
18.49 	 0.06113904939 
18.5 	 0.0653516694 
18.51 	 0.05625606303 
18.52 	 0.03658388364 
18.53 	 0.02238511527 
18.54 	 0.02484666009 
18.55 	 0.0243463599 
18.56 	 0.02664781533 
18.57 	 0.02595739734 
18.58 	 0.03777473916 
18.59 	 0.03477289878 
18.6 	 0.0389655162 
18.61 	 0.04043644722 
18.62 	 0.03643399665 
18.63 	 0.02656789326 
18.64 	 0.01070809569 
18.65 	 0.003733791948 
18.66 	 -0.001489423851 
18.67 	 0.0006419184291 
18.68 	 -0.001659486087 
18.69 	 0.003873964095 
18.7 	 0.004444339077 
18.71 	 0.00202286124 
18.72 	 0.006455629422 
18.73 	 -0.002539921815 
18.74 	 -0.01734907329 
18.75 	 -0.01513768347 
18.76 	 -0.03175796205 
18.77 	 -0.03511000962 
18.78 	 -0.0403232202 
18.79 	 -0.05230061217 
18.8 	 -0.05345130555 
18.81 	 -0.05111984133 
18.82 	 -0.0523505745 
18.83 	 -0.04363514487 
18.84 	 -0.04765761765 
18.85 	 -0.04356505242 
18.86 	 -0.0374512446 
18.87 	 -0.02376274338 
18.88 	 0.007366576212 
18.89 	 0.01036846368 
18.9 	 0.0110088801 
18.91 	 0.01367055873 
18.92 	 0.02656857996 
18.93 	 0.01888383798 
18.94 	 0.01624224042 
18.95 	 0.02126537244 
18.96 	 0.02979067446 
18.97 	 0.04365929709 
18.98 	 0.03565436652 
18.99 	 0.02671885935 
19.0 	 0.01131934698 
19.01 	 -0.009073261152 
19.02 	 -0.01118453796 
19.03 	 -0.01214511354 
19.04 	 -0.0122151177 
19.05 	 -0.01447648947 
19.06 	 -0.01264533525 
19.07 	 -0.01677786642 
19.08 	 -0.008102455704 
19.09 	 -0.003499574274 
19.1 	 0.007627349556 
19.11 	 -0.003669619833 
19.12 	 -0.01102415427 
19.13 	 -0.00725177763 
19.14 	 -0.0254830446 
19.15 	 -0.02636356077 
19.16 	 -0.03761050014 
19.17 	 -0.02510272071 
19.18 	 -0.01471624587 
19.19 	 -0.02077996383 
19.2 	 -0.0185485518 
19.21 	 -0.02423204397 
19.22 	 -0.01575676314 
19.23 	 -0.003719270205 
19.24 	 0.005546504349 
19.25 	 0.006236965503 
19.26 	 0.002474667657 
19.27 	 0.006617268792 
19.28 	 0.002314637127 
19.29 	 0.006837472881 
19.3 	 0.01148038794 
19.31 	 0.01411204797 
19.32 	 0.01369182681 
19.33 	 0.01101019464 
19.34 	 0.00247494528 
19.35 	 0.01320163092 
19.36 	 0.01452247875 
19.37 	 0.008638871409 
19.38 	 0.01723423743 
19.39 	 0.01086032727 
19.4 	 0.0022149999 
19.41 	 -0.01570606506 
19.42 	 -0.01212380622 
19.43 	 -0.01031265459 
19.44 	 -0.01499551695 
19.45 	 -0.007841043729 
19.46 	 0.0009044137224 
19.47 	 0.002585493189 
19.48 	 -0.007660816371 
19.49 	 -0.01313417736 
19.5 	 -0.02021851791 
19.51 	 -0.03199577607 
19.52 	 -0.02656237023 
19.53 	 -0.01952797239 
19.54 	 -0.00661993515 
19.55 	 -0.00185694471 
19.56 	 -0.002297177289 
19.57 	 0.002325728313 
19.58 	 0.02813175441 
19.59 	 0.04337124606 
19.6 	 0.03589664409 
19.61 	 0.02671100154 
19.62 	 0.01818576819 
19.63 	 0.01656479322 
19.64 	 0.01927652247 
19.65 	 0.02425964931 
19.66 	 0.01746548856 
19.67 	 0.025880742 
19.68 	 0.03720779964 
19.69 	 0.04099018248 
19.7 	 0.03459626973 
19.71 	 0.02607102657 
19.72 	 0.01602485082 
19.73 	 0.01281290967 
19.74 	 0.01843643331 
19.75 	 0.01268291736 
19.76 	 0.0158349096 
19.77 	 0.01997752545 
19.78 	 0.0140539041 
19.79 	 0.01553486094 
19.8 	 0.01326349278 
19.81 	 0.003457471716 
19.82 	 0.008190450423 
19.83 	 0.00520864893 
19.84 	 -0.005397875001 
19.85 	 -0.005127661494 
19.86 	 -0.01198185552 
19.87 	 -0.02920248648 
19.88 	 -0.04981520943 
19.89 	 -0.06337356138 
19.9 	 -0.08165483973 
19.91 	 -0.09161095968 
19.92 	 -0.08139458043 
19.93 	 -0.08723815218 
19.94 	 -0.07590107853 
19.95 	 -0.06328321128 
19.96 	 -0.04820381883 
19.97 	 -0.03268415358 
19.98 	 -0.03195365193 
19.99 	 -0.01476295128 
20.0 	 -0.01214127783 
20.01 	 -0.01305179298 
20.02 	 -0.003205639206 
20.03 	 0.004729329387 
20.04 	 0.007110855999 
20.05 	 0.001037143611 
20.06 	 0.005489954604 
20.07 	 0.007010948997 
20.08 	 0.01984895559 
20.09 	 0.02572265385 
20.1 	 0.01940878089 
20.11 	 0.00697113315 
20.12 	 0.004789835505 
20.13 	 0.01546650486 
20.14 	 0.03009561831 
20.15 	 0.04565531817 
20.16 	 0.05412061242 
20.17 	 0.07093107747 
20.18 	 0.06565786893 
20.19 	 0.06766917399 
20.2 	 0.05772306024 
20.21 	 0.0481071609 
20.22 	 0.04314414456 
20.23 	 0.03667018221 
20.24 	 0.02982600027 
20.25 	 0.01450655712 
20.26 	 0.01109451159 
20.27 	 0.00588133044 
20.28 	 0.001988974557 
20.29 	 0.001308609855 
20.3 	 -0.002903943447 
20.31 	 -0.01014837633 
20.32 	 -0.01017833607 
20.33 	 -0.01878360921 
20.34 	 -0.03284226135 
20.35 	 -0.0353337561 
20.36 	 -0.05129358624 
20.37 	 -0.05483572218 
20.38 	 -0.05318463051 
20.39 	 -0.05232404826 
20.4 	 -0.0364741686 
20.41 	 -0.03114079533 
20.42 	 -0.01282940028 
20.43 	 0.008493873723 
20.44 	 0.02582466804 
20.45 	 0.03747195351 
20.46 	 0.04056391836 
20.47 	 0.04342576023 
20.48 	 0.04612749309 
20.49 	 0.04747837914 
20.5 	 0.05858532981 
20.51 	 0.05150099907 
20.52 	 0.04837912353 
20.53 	 0.0485993286 
20.54 	 0.04519727946 
20.55 	 0.04434681132 
20.56 	 0.03205926639 
20.57 	 0.02765659725 
20.58 	 0.01830085911 
20.59 	 0.01651981437 
20.6 	 0.01850111064 
20.61 	 0.0108864513 
20.62 	 -0.004983314211 
20.63 	 -0.008465409027 
20.64 	 -0.008645456862 
20.65 	 -0.01044650223 
20.66 	 -0.02732691258 
20.67 	 -0.03115921851 
20.68 	 -0.03274012944 
20.69 	 -0.04432724037 
20.7 	 -0.05966668611 
20.71 	 -0.06477978564 
20.72 	 -0.05600428938 
20.73 	 -0.05903609931 
20.74 	 -0.05544381465 
20.75 	 -0.04560766119 
20.76 	 -0.03708230031 
20.77 	 -0.03453066045 
20.78 	 -0.03828292659 
20.79 	 -0.04608768411 
20.8 	 -0.05598375705 
20.81 	 -0.04764852378 
20.82 	 -0.03272921091 
20.83 	 -0.03791236365 
20.84 	 -0.02132201538 
20.85 	 -0.009554657472 
20.86 	 -0.008734082364 
20.87 	 -0.003020475456 
20.88 	 -0.005281809948 
20.89 	 -0.00257006304 
20.9 	 -0.003840782751 
20.91 	 -0.004811317443 
20.92 	 0.004814714646 
20.93 	 0.01831315104 
20.94 	 0.01602179991 
20.95 	 0.01292994297 
20.96 	 0.004614861402 
20.97 	 -0.000938510928 
20.98 	 0.004224756942 
20.99 	 0.0007626795291 
21.0 	 5.230776366e-05 
21.01 	 -0.00177875901 
21.02 	 -0.00145849194 
21.03 	 -0.002569110489 
21.04 	 -0.0138660426 
21.05 	 -0.02554320933 
21.06 	 -0.02628359946 
21.07 	 -0.02658370698 
21.08 	 -0.02488258431 
21.09 	 -0.01300516605 
21.1 	 -0.005060169675 
21.11 	 0.0099291915 
21.12 	 0.02708989317 
21.13 	 0.03060212823 
21.14 	 0.03725632971 
21.15 	 0.04086863658 
21.16 	 0.04202942445 
21.17 	 0.04277995812 
21.18 	 0.0405386478 
21.19 	 0.02599969806 
21.2 	 0.03336432993 
21.21 	 0.05186587221 
21.22 	 0.05748942528 
21.23 	 0.05510801835 
21.24 	 0.05527819242 
21.25 	 0.0541875951 
21.26 	 0.03900825837 
21.27 	 0.02987266644 
21.28 	 0.02683085031 
21.29 	 0.02847194559 
21.3 	 0.02888226846 
21.31 	 0.03183416613 
21.32 	 0.03339521181 
21.33 	 0.03677737608 
21.34 	 0.02794197015 
21.35 	 0.02847237723 
21.36 	 0.009280551357 
21.37 	 -0.01644531723 
21.38 	 -0.01556470296 
21.39 	 -0.02013746769 
21.4 	 -0.02136815181 
21.41 	 -0.02189840193 
21.42 	 -0.008700159384 
21.43 	 -0.002786424552 
21.44 	 0.0003555940572 
21.45 	 0.01489467996 
21.46 	 0.03099471462 
21.47 	 0.0278928711 
21.48 	 0.01374417297 
21.49 	 0.006789938526 
21.5 	 0.00853108992 
21.51 	 0.0007763568273 
21.52 	 -0.01567376073 
21.53 	 -0.02226777786 
21.54 	 -0.03848774958 
21.55 	 -0.05242631751 
21.56 	 -0.05632866684 
21.57 	 -0.06591452796 
21.58 	 -0.07420959909 
21.59 	 -0.07050723642 
21.6 	 -0.06066105714 
21.61 	 -0.04677238287 
21.62 	 -0.0256592322 
21.63 	 -0.02283741513 
21.64 	 -0.01052972046 
21.65 	 0.002218253877 
21.66 	 0.00203821389 
21.67 	 0.007041385503 
21.68 	 0.005350408335 
21.69 	 0.002868943329 
21.7 	 -0.003054656439 
21.71 	 -0.01534219254 
21.72 	 -0.01946467827 
21.73 	 -0.0299711196 
21.74 	 -0.03240254772 
21.75 	 -0.02291660145 
21.76 	 -0.01974456738 
21.77 	 -0.001863420291 
21.78 	 0.00642178296 
21.79 	 0.004930929792 
21.8 	 0.004700858805 
21.81 	 0.005091171237 
21.82 	 0.005031204669 
21.83 	 0.01190553372 
21.84 	 0.01811945259 
21.85 	 0.02309261247 
21.86 	 0.01933034994 
21.87 	 0.0218119464 
21.88 	 0.01954060767 
21.89 	 0.008904094569 
21.9 	 0.00718309782 
21.91 	 0.00949459869 
21.92 	 0.009704799522 
21.93 	 0.02055158703 
21.94 	 0.0327592197 
21.95 	 0.04792868757 
21.96 	 0.05991618384 
21.97 	 0.06510947031 
21.98 	 0.05870557098 
21.99 	 0.04468695345 
22.0 	 0.03861325872 
22.01 	 0.01727010279 
22.02 	 0.005893123041 
22.03 	 -0.005023572489 
22.04 	 -0.0154299528 
22.05 	 -0.02318468913 
22.06 	 -0.02855794986 
22.07 	 -0.02440530819 
22.08 	 -0.02349468513 
22.09 	 -0.01538959446 
22.1 	 -0.01635012099 
22.11 	 -0.01531941372 
22.12 	 -0.007064234955 
22.13 	 -0.001000412028 
22.14 	 0.01476942588 
22.15 	 0.02444548995 
22.16 	 0.03262062402 
22.17 	 0.03765380148 
22.18 	 0.03779395695 
22.19 	 0.03751384221 
22.2 	 0.02526631227 
22.21 	 0.02714754654 
22.22 	 0.03654343701 
22.23 	 0.02011332528 
22.24 	 0.01932289434 
22.25 	 0.01356939801 
22.26 	 0.01445000247 
22.27 	 0.01473023493 
22.28 	 -0.003270858048 
22.29 	 0.008606563155 
22.3 	 0.002482831539 
22.31 	 -0.002159983458 
22.32 	 -0.007022935836 
22.33 	 -0.0132467373 
22.34 	 -0.02538418923 
22.35 	 -0.03237846417 
22.36 	 -0.03046722111 
22.37 	 -0.02826578844 
22.38 	 -0.02978668179 
22.39 	 -0.02866592853 
22.4 	 -0.03204795546 
22.41 	 -0.0416538486 
22.42 	 -0.04279450635 
22.43 	 -0.04554615249 
22.44 	 -0.04545603783 
22.45 	 -0.04586624298 
22.46 	 -0.04983864552 
22.47 	 -0.04851776826 
22.48 	 -0.0478573002 
22.49 	 -0.04752703674 
22.5 	 -0.02499302529 
22.51 	 -0.02417246784 
22.52 	 -0.01303549857 
22.53 	 -0.004179964482 
22.54 	 0.0005230033749 
22.55 	 0.006606826047 
22.56 	 -0.001748297979 
22.57 	 -0.01055370591 
22.58 	 -0.01142418645 
22.59 	 -0.004900094019 
22.6 	 -0.004519807407 
22.61 	 -0.002028212595 
22.62 	 0.01050960996 
22.63 	 -0.002928670533 
22.64 	 -0.01557645534 
22.65 	 -0.007761567033 
22.66 	 -0.01909853964 
22.67 	 -0.01957878819 
22.68 	 -0.01703716434 
22.69 	 -0.0223704297 
22.7 	 -0.007881404031 
22.71 	 -0.002267879724 
22.72 	 0.01170082845 
22.73 	 0.01661391189 
22.74 	 0.009099297873 
22.75 	 0.009059317218 
22.76 	 0.01625381622 
22.77 	 0.009599739327 
22.78 	 0.01496310471 
22.79 	 0.02192746896 
22.8 	 0.01600382799 
22.81 	 0.008889465897 
22.82 	 0.008309146518 
22.83 	 0.02278815912 
22.84 	 0.03139353036 
22.85 	 0.0299826954 
22.86 	 0.01536367644 
22.87 	 0.01930615848 
22.88 	 0.009189922653 
22.89 	 0.00861960555 
22.9 	 0.003726609066 
22.91 	 -0.01254343878 
22.92 	 -0.01437454395 
22.93 	 -0.0239704407 
22.94 	 -0.03390656787 
22.95 	 -0.05371881444 
22.96 	 -0.04658436441 
22.97 	 -0.04493331198 
22.98 	 -0.05183755074 
22.99 	 -0.05276809791 
23.0 	 -0.04830530328 
23.01 	 -0.03152487645 
23.02 	 -0.03284567523 
23.03 	 -0.0128632644 
23.04 	 -0.005998983732 
23.05 	 0.008680137174 
23.06 	 0.02125795608 
23.07 	 0.0274918383 
23.08 	 0.03508657353 
23.09 	 0.03701779956 
23.1 	 0.04405216797 
23.11 	 0.0469740078 
23.12 	 0.03851878842 
23.13 	 0.03332558043 
23.14 	 0.02539069326 
23.15 	 0.02181849948 
23.16 	 0.0149342535 
23.17 	 0.01717566192 
23.18 	 0.02241891072 
23.19 	 0.01596493134 
23.2 	 0.01809627156 
23.21 	 0.007099470513 
23.22 	 0.01051159158 
23.23 	 0.004147667019 
23.24 	 0.01210260681 
23.25 	 0.02033771922 
23.26 	 0.02467041363 
23.27 	 0.03048401583 
23.28 	 0.03381610005 
23.29 	 0.04718439306 
23.3 	 0.04344207426 
23.31 	 0.03512693187 
23.32 	 0.03317572287 
23.33 	 0.02885304447 
23.34 	 0.02670172128 
23.35 	 0.03140463528 
23.36 	 0.02310949548 
23.37 	 0.002486716299 
23.38 	 -0.004157401482 
23.39 	 -0.02266887933 
23.4 	 -0.03920912793 
23.41 	 -0.05321780793 
23.42 	 -0.04309154334 
23.43 	 -0.04894517034 
23.44 	 -0.04930540335 
23.45 	 -0.04758434676 
23.46 	 -0.04728417057 
23.47 	 -0.02741186718 
23.48 	 -0.03496655799 
23.49 	 -0.0310641498 
23.5 	 -0.03094408521 
23.51 	 -0.03053385063 
23.52 	 -0.02749197564 
23.53 	 -0.02731188366 
23.54 	 -0.02332943568 
23.55 	 -0.0150443217 
23.56 	 -0.01790611452 
23.57 	 -0.01190241414 
23.58 	 -0.02868283116 
23.59 	 -0.02675165418 
23.6 	 -0.02351968101 
23.61 	 -0.02092809483 
23.62 	 -0.01198258146 
23.63 	 -0.00435788649 
23.64 	 0.01695529008 
23.65 	 0.02091771585 
23.66 	 0.03328534962 
23.67 	 0.04560294258 
23.68 	 0.04012952175 
23.69 	 0.03860854011 
23.7 	 0.03613697928 
23.71 	 0.03659723505 
23.72 	 0.0415702674 
23.73 	 0.04090982877 
23.74 	 0.03626690292 
23.75 	 0.03422559888 
23.76 	 0.03495601224 
23.77 	 0.02198792799 
23.78 	 0.03251441115 
23.79 	 0.03639675789 
23.8 	 0.02368884465 
23.81 	 0.008589434895 
23.82 	 -0.006580014336 
23.83 	 -0.0214492707 
23.84 	 -0.02051875296 
23.85 	 -0.02097909702 
23.86 	 -0.02343067488 
23.87 	 -0.01944825633 
23.88 	 -0.0164264526 
23.89 	 -0.01066293045 
23.9 	 -0.004399119882 
23.91 	 0.0004838428359 
23.92 	 0.008949022407 
23.93 	 0.01893514428 
23.94 	 0.01609331481 
23.95 	 0.01357168374 
23.96 	 0.01010946987 
23.97 	 0.01445208219 
23.98 	 0.02328748812 
23.99 	 0.02484838665 
24.0 	 0.02145619656 
24.01 	 0.02503833768 
24.02 	 0.01572249681 
24.03 	 0.02441779632 
24.04 	 0.03430384344 
24.05 	 0.03428374275 
24.06 	 0.04069763847 
24.07 	 0.03487394178 
24.08 	 0.03281257629 
24.09 	 0.02212585659 
24.1 	 0.0193240323 
24.11 	 0.0164421486 
24.12 	 0.01393050411 
24.13 	 0.01493102601 
24.14 	 0.01560134331 
24.15 	 0.0173423142 
24.16 	 0.0124691967 
24.17 	 0.004083900057 
24.18 	 0.007035623109 
24.19 	 0.0004114119762 
24.2 	 -0.01022528673 
24.21 	 -0.003841441983 
24.22 	 0.002052097002 
24.23 	 -0.001690334613 
24.24 	 0.003302642448 
24.25 	 -0.0006899482872 
24.26 	 -0.007494283773 
24.27 	 0.002601850383 
24.28 	 -0.004892916042 
24.29 	 -0.01614001041 
24.3 	 -0.02356473834 
24.31 	 -0.02580624486 
24.32 	 -0.0391446468 
24.33 	 -0.04629921714 
24.34 	 -0.05267329407 
24.35 	 -0.05826689721 
24.36 	 -0.05721638355 
24.37 	 -0.05952795309 
24.38 	 -0.05751684423 
24.39 	 -0.05571587538 
24.4 	 -0.04543965513 
24.41 	 -0.03984633648 
24.42 	 -0.02852947143 
24.43 	 -0.02323634859 
24.44 	 -0.02189567475 
24.45 	 -0.002483795862 
24.46 	 0.005220820197 
24.47 	 0.01996979517 
24.48 	 0.01960941501 
24.49 	 0.01906891344 
24.5 	 0.02150025327 
24.51 	 0.02091973671 
24.52 	 0.02313093033 
24.53 	 0.02367108855 
24.54 	 0.01512561717 
24.55 	 0.0106726914 
24.56 	 0.008871396858 
24.57 	 0.007370286354 
24.58 	 0.01559519244 
24.59 	 0.02216908926 
24.6 	 0.008850649689 
24.61 	 0.006378929937 
24.62 	 0.002076072642 
24.63 	 -0.003277437615 
24.64 	 -0.01049210892 
24.65 	 -0.02253976011 
24.66 	 -0.03507773472 
24.67 	 -0.03279652713 
24.68 	 -0.04529447694 
24.69 	 -0.04277311074 
24.7 	 -0.03187657476 
24.71 	 -0.03742021557 
24.72 	 -0.008032226895 
24.73 	 -0.01270534302 
24.74 	 -0.006401650878 
24.75 	 -0.001268691984 
24.76 	 0.005245120548 
24.77 	 0.01690211988 
24.78 	 0.02431647864 
24.79 	 0.02780841681 
24.8 	 0.03204080397 
24.81 	 0.02887860933 
24.82 	 0.03038930028 
24.83 	 0.02683686384 
24.84 	 0.01247772159 
24.85 	 0.005893400664 
24.86 	 -0.00362274471 
24.87 	 -0.005634241065 
24.88 	 -0.01487021382 
24.89 	 -0.01540079748 
24.9 	 -0.02864927115 
24.91 	 -0.03062075742 
24.92 	 -0.03078112149 
24.93 	 -0.03016100196 
24.94 	 -0.03030135363 
24.95 	 -0.02073570111 
24.96 	 -0.01346145858 
24.97 	 -0.006757590051 
24.98 	 -0.004656567636 
24.99 	 -0.005907625164 
25.0 	 0.002477284965 
25.01 	 0.005719005351 
25.02 	 0.01440409167 
25.03 	 0.01099168317 
25.04 	 0.009050188032 
25.05 	 0.004407011046 
25.06 	 0.008058971898 
25.07 	 0.001444568607 
25.08 	 9.342403407e-05 
25.09 	 -0.0007474076154 
25.1 	 -0.007842116943 
25.11 	 -0.006951882006 
25.12 	 -0.02191146885 
25.13 	 -0.01408694418 
25.14 	 -0.01804972311 
25.15 	 -0.02231269785 
25.16 	 -0.02707597278 
25.17 	 -0.02029210272 
25.18 	 -0.00870526647 
25.19 	 -0.02268426141 
25.2 	 -0.01876218417 
25.21 	 -0.01294892532 
25.22 	 -0.005524676118 
25.23 	 -0.01352999124 
25.24 	 -0.012559743 
25.25 	 -0.009057932046 
25.26 	 -0.01547227314 
25.27 	 -0.01558270431 
25.28 	 -0.01184074848 
25.29 	 -0.01367225586 
25.3 	 -0.01161136125 
25.31 	 -0.00676873323 
25.32 	 -0.0002550788352 
25.33 	 -0.001716368391 
25.34 	 -0.0009562854708 
25.35 	 0.001604911095 
25.36 	 0.006867776952 
25.37 	 0.02369781099 
25.38 	 0.02264675778 
25.39 	 0.03985700976 
25.4 	 0.04817175975 
25.41 	 0.04441901292 
25.42 	 0.05039231211 
25.43 	 0.05841686268 
25.44 	 0.05107189005 
25.45 	 0.04857992442 
25.46 	 0.05567387877 
25.47 	 0.04666787694 
25.48 	 0.0397531611 
25.49 	 0.03024682965 
25.5 	 0.02536335279 
25.51 	 0.01863874494 
25.52 	 0.02154009168 
25.53 	 0.01754716662 
25.54 	 0.02403072315 
25.55 	 0.02211907788 
25.56 	 0.01693540521 
25.57 	 0.02443958433 
25.58 	 0.02241786105 
25.59 	 0.03460494177 
25.6 	 0.04236927228 
25.61 	 0.04121807859 
25.62 	 0.03596433309 
25.63 	 0.02421656379 
25.64 	 0.01857257649 
25.65 	 0.01905237378 
25.66 	 0.01192745907 
25.67 	 0.01085628555 
25.68 	 -0.004313618865 
25.69 	 -0.01565115849 
25.7 	 -0.02457720882 
25.71 	 -0.03744570195 
25.72 	 -0.03581522109 
25.73 	 -0.04204960362 
25.74 	 -0.04844409516 
25.75 	 -0.04669354971 
25.76 	 -0.04321194147 
25.77 	 -0.04645448982 
25.78 	 -0.04965702318 
25.79 	 -0.05055813054 
25.8 	 -0.04389456051 
25.81 	 -0.03515971689 
25.82 	 -0.03610085886 
25.83 	 -0.02213277264 
25.84 	 -0.008614974249 
25.85 	 -0.001441107639 
25.86 	 -0.0002409461568 
25.87 	 -0.001812506391 
25.88 	 1.803724479e-05 
25.89 	 -0.004155144201 
25.9 	 -0.001714230792 
25.91 	 -0.005026885326 
25.92 	 0.002387099673 
25.93 	 -0.001065652452 
25.94 	 -0.00798055272 
25.95 	 -0.0005965989759 
25.96 	 -0.005710392171 
25.97 	 -0.001318301154 
25.98 	 -0.0009387003591 
25.99 	 -0.008664126273 
26.0 	 -0.004212010809 
26.01 	 -0.00480302505 
26.02 	 -0.004043205234 
26.03 	 0.0008991995112 
26.04 	 0.00713239974 
26.05 	 0.01566702126 
26.06 	 0.002948471037 
26.07 	 0.01646617329 
26.08 	 0.0107719686 
26.09 	 -0.0155750427 
26.1 	 -0.005919753267 
26.11 	 -0.01509612831 
26.12 	 -0.01870906302 
26.13 	 -0.01746900054 
26.14 	 -0.02195248446 
26.15 	 -0.011476719 
26.16 	 -0.006694468587 
26.17 	 -0.005384379384 
26.18 	 0.01002443679 
26.19 	 0.02261151045 
26.2 	 0.02504227149 
26.21 	 0.02528168454 
26.22 	 0.02798261298 
26.23 	 0.02665103301 
26.24 	 0.02243765763 
26.25 	 0.02350755585 
26.26 	 0.02281637268 
26.27 	 0.02295568449 
26.28 	 0.02603680929 
26.29 	 0.0233843913 
26.3 	 0.02485450809 
26.31 	 0.02482369488 
26.32 	 0.02379226167 
26.33 	 0.02355130845 
26.34 	 0.0002260476117 
26.35 	 0.0009156610836 
26.36 	 -0.01584554364 
26.37 	 -0.02792385108 
26.38 	 -0.02935557153 
26.39 	 -0.03574036098 
26.4 	 -0.03718209744 
26.41 	 -0.0597269097 
26.42 	 -0.04842074736 
26.43 	 -0.05158356984 
26.44 	 -0.05001345972 
26.45 	 -0.0372964428 
26.46 	 -0.03601652229 
26.47 	 -0.02838267459 
26.48 	 -0.0265124079 
26.49 	 -0.0170074008 
26.5 	 -0.004010240691 
26.51 	 0.001082012589 
26.52 	 0.001281230145 
26.53 	 -0.0001505693736 
26.54 	 0.005922276399 
26.55 	 0.004110229116 
26.56 	 0.008722158309 
26.57 	 0.01776683214 
26.58 	 0.02508042258 
26.59 	 0.01992627801 
26.6 	 0.01730370204 
26.61 	 0.02355661566 
26.62 	 0.01814230008 
26.63 	 0.007014432528 
26.64 	 0.0009697118292 
26.65 	 -0.0001019339442 
26.66 	 -0.003364942815 
26.67 	 0.00547954227 
26.68 	 0.00970115805 
26.69 	 0.01164136023 
26.7 	 0.01556277039 
26.71 	 0.01927406016 
26.72 	 0.02796841791 
26.73 	 0.03089919465 
26.74 	 0.029817495 
26.75 	 0.03254813793 
26.76 	 0.03276723447 
26.77 	 0.02285003079 
26.78 	 0.0189165249 
26.79 	 0.006187578039 
26.8 	 -0.005590793556 
26.81 	 -0.005711949018 
26.82 	 -0.006653619747 
26.83 	 -0.003462735762 
26.84 	 -0.005014796463 
26.85 	 -0.007427397231 
26.86 	 -0.003726217647 
26.87 	 -0.002796760368 
26.88 	 -0.003388252356 
26.89 	 -0.005440656411 
26.9 	 -0.006472434933 
26.91 	 -0.008184640941 
26.92 	 -0.002752427016 
26.93 	 0.003320176842 
26.94 	 0.002108260233 
26.95 	 0.008721185157 
26.96 	 0.0188562915 
26.97 	 0.02679002109 
26.98 	 0.01158940647 
26.99 	 0.001111714326 
27.0 	 0.002581772256 
27.01 	 -0.001892740419 
27.02 	 0.000316388196 
27.03 	 -0.002304120807 
27.04 	 -0.01280808315 
27.05 	 -0.007682499414 
27.06 	 -0.001727798022 
27.07 	 0.00409014216 
27.08 	 0.01209414078 
27.09 	 0.008646981336 
27.1 	 0.01507713615 
27.11 	 0.01927497249 
27.12 	 0.02061621531 
27.13 	 0.01730015082 
27.14 	 0.02118524436 
27.15 	 0.01888417152 
27.16 	 0.01442316231 
27.17 	 0.02106031401 
27.18 	 0.02380232673 
27.19 	 0.0199114551 
27.2 	 0.01705314483 
27.21 	 0.0201856446 
27.22 	 0.01831847787 
27.23 	 0.02115451944 
27.24 	 0.009366446736 
27.25 	 0.00989810361 
27.26 	 -0.002734617942 
27.27 	 -0.004278698208 
27.28 	 -0.002422395072 
27.29 	 -0.007651356588 
27.3 	 -0.003142516761 
27.31 	 -0.002794575681 
27.32 	 -0.0006024619224 
27.33 	 -0.007049056923 
27.34 	 -0.008561572533 
27.35 	 -0.01193059827 
27.36 	 -0.01981361997 
27.37 	 -0.008547571701 
27.38 	 -0.01029966615 
27.39 	 -0.02238451686 
27.4 	 -0.01471693257 
27.41 	 -0.02637609795 
27.42 	 -0.01501932582 
27.43 	 -0.02116945026 
27.44 	 -0.02610805932 
27.45 	 -0.0306102411 
27.46 	 -0.03631819941 
27.47 	 -0.0285292458 
27.48 	 -0.02744246457 
27.49 	 -0.02950113231 
27.5 	 -0.02946577707 
27.51 	 -0.02739431709 
27.52 	 -0.03567727287 
27.53 	 -0.0326539584 
27.54 	 -0.03448074717 
27.55 	 -0.03419277462 
27.56 	 -0.02930759082 
27.57 	 -0.03293284689 
27.58 	 -0.02493690228 
27.59 	 -0.03041114715 
27.6 	 -0.03415584978 
27.61 	 -0.03707981838 
27.62 	 -0.03620451132 
27.63 	 -0.02880267012 
27.64 	 -0.02393960787 
27.65 	 -0.01879936407 
27.66 	 -0.01932338484 
27.67 	 -0.00998190063 
27.68 	 -0.01333779372 
27.69 	 -0.007632779391 
27.7 	 -0.0008138767419 
27.71 	 0.002835259713 
27.72 	 0.004082811147 
27.73 	 0.004213108548 
27.74 	 0.01576030455 
27.75 	 0.0171682848 
27.76 	 0.01985628366 
27.77 	 0.02463504858 
27.78 	 0.02313618849 
27.79 	 0.02291925996 
27.8 	 0.02216828484 
27.81 	 0.02367197145 
27.82 	 0.02473904439 
27.83 	 0.02233848834 
27.84 	 0.022320693 
27.85 	 0.02124386892 
27.86 	 0.0235090764 
27.87 	 0.02251899234 
27.88 	 0.01053640107 
27.89 	 0.007129688256 
27.9 	 0.003513536847 
27.91 	 0.001630488708 
27.92 	 0.004393616472 
27.93 	 0.0004153788459 
27.94 	 0.004333892211 
27.95 	 0.00303058368 
27.96 	 0.004547000727 
27.97 	 0.01582399107 
27.98 	 0.01086669396 
27.99 	 0.00927946539 
28.0 	 0.009463544154 
28.01 	 0.00987037074 
28.02 	 0.007244193519 
28.03 	 0.006989949711 
28.04 	 0.007971075279 
28.05 	 0.00303267321 
28.06 	 0.005837530752 
28.07 	 0.004215579687 
28.08 	 0.003949671789 
28.09 	 0.001734723882 
28.1 	 0.002058994413 
28.11 	 0.004193071623 
28.12 	 0.005540976414 
28.13 	 0.006681682233 
28.14 	 0.008744038533 
28.15 	 0.00996616539 
28.16 	 0.00959301261 
28.17 	 0.01023988401 
28.18 	 0.01113183864 
28.19 	 0.01186672536 
28.2 	 0.01179926199 
28.21 	 0.01171575927 
28.22 	 0.01697743125 
28.23 	 0.01527895728 
28.24 	 0.01092204198 
28.25 	 0.01370112669 
28.26 	 0.01149883074 
28.27 	 0.008763067971 
28.28 	 0.007513529031 
28.29 	 0.00355540887 
28.3 	 0.00459429768 
28.31 	 0.003797044866 
28.32 	 0.001168043346 
28.33 	 -0.0003282797799 
28.34 	 -0.003261578769 
28.35 	 -0.002294151885 
28.36 	 -0.002638484847 
28.37 	 0.001067034681 
28.38 	 -0.002792187927 
28.39 	 -0.004745994615 
28.4 	 -0.007199000811 
28.41 	 -0.008784215388 
28.42 	 -0.004448517156 
28.43 	 -0.005144254128 
28.44 	 -0.005469561576 
28.45 	 -0.005055011577 
28.46 	 -0.003594643965 
28.47 	 -0.001748751201 
28.48 	 -0.001939650858 
28.49 	 -0.005590707228 
28.5 	 -0.005989413096 
28.51 	 -0.007843662018 
28.52 	 -0.01051349472 
28.53 	 -0.00985046625 
28.54 	 -0.009355116186 
28.55 	 -0.008351581635 
28.56 	 -0.008483821416 
28.57 	 -0.00789372441 
28.58 	 -0.007344764658 
28.59 	 -0.007290982314 
28.6 	 -0.005500648485 
28.61 	 -0.006317770473 
28.62 	 -0.00563871933 
28.63 	 -0.00546520005 
28.64 	 -0.006079611141 
28.65 	 -0.005834457279 
28.66 	 -0.006190358193 
28.67 	 -0.003314579256 
28.68 	 -0.002047173363 
28.69 	 -0.001304833005 
28.7 	 -8.088375411e-05 
28.71 	 -0.0004314743091 
28.72 	 0.001486855593 
28.73 	 0.0005590060749 
28.74 	 -0.0001023802011 
28.75 	 -0.001221438195 
28.76 	 -0.001348204977 
28.77 	 -0.0002007903933 
28.78 	 0.000107221338 
28.79 	 0.001124055306 
28.8 	 0.0004539331269 
28.81 	 0.00110476296 
28.82 	 0.001381082211 
28.83 	 0.0006320859642 
28.84 	 0.001334235537 
28.85 	 0.001480205394 
28.86 	 0.001011070593 
28.87 	 0.000988071048 
28.88 	 0.001417286997 
28.89 	 0.001945682046 
28.9 	 0.002462285475 
28.91 	 0.00251925705 
28.92 	 0.002955081015 
28.93 	 0.003476315745 
28.94 	 0.003526756803 
28.95 	 0.003171548475 
28.96 	 0.003732093837 
28.97 	 0.003778118433 
28.98 	 0.003489209028 
28.99 	 0.002898684306 
29.0 	 0.002395353807 
29.01 	 0.002606339439 
29.02 	 0.00160573023 
29.03 	 0.001690240437 
29.04 	 0.001237504032 
29.05 	 0.0009370954431 
29.06 	 0.0006675251778 
29.07 	 -0.0003853343475 
29.08 	 -0.0004870838637 
29.09 	 -0.0008401120173 
29.1 	 -0.0009383240475 
29.11 	 -0.0009302280507 
29.12 	 -0.0007757749962 
29.13 	 -0.0005316747282 
29.14 	 -0.000360188865 
29.15 	 -0.0003364951644 
29.16 	 -0.0002429794755 
29.17 	 -0.0001456744779 
29.18 	 -0.0001145213514 
29.19 	 -9.734222655e-05 
29.2 	 -3.876728553e-05 
29.21 	 6.333711723e-05 
29.22 	 0.0001657161117 
29.23 	 8.837683812e-05 
29.24 	 -0.0001379077047 
29.25 	 0.000225017856 
29.26 	 0.0002825341803 
29.27 	 3.934343664e-05 
29.28 	 3.670795071e-05 
29.29 	 -2.965296168e-05 
29.3 	 -4.065870258e-05 
29.31 	 0.0001051152291 
29.32 	 -3.032042427e-05 
29.33 	 -6.003333486e-05 
29.34 	 -8.937999891e-05 
29.35 	 -6.519786822e-05 
29.36 	 -0.000145530369 
29.37 	 -0.0002281900176 
29.38 	 -0.0002241250479 
29.39 	 -0.0002262123216 
29.4 	 -0.0002170882368 
29.41 	 -0.0003195799776 
29.42 	 -0.0002126786418 
29.43 	 -0.000155041164 
29.44 	 -0.0001606803444 
29.45 	 -0.0001042303671 
29.46 	 -8.148740265e-05 
29.47 	 -9.144243369e-05 
29.48 	 -0.0001083119157 
29.49 	 -0.0001483503516 
29.5 	 -0.0001258807428 
29.51 	 -0.0001179039375 
29.52 	 -7.12695519e-05 
29.53 	 -2.233402479e-05 
29.54 	 -3.617173611e-05 
29.55 	 -3.443867208e-05 
29.56 	 -4.519808388e-05 
29.57 	 -4.660413156e-05 
29.58 	 -5.609450214e-05 
29.59 	 -5.679949779e-05 
29.6 	 -6.565650534e-05 
29.61 	 -6.593484447e-05 
29.62 	 -7.144984008e-05 
29.63 	 -8.097755733e-05 
29.64 	 -8.26236459e-05 
29.65 	 -9.792083016e-05 
29.66 	 -0.0001066252824 
29.67 	 -0.0001106614107 
29.68 	 -0.0001152030483 
29.69 	 -0.0001223991738 
29.7 	 -0.0001342343502 
29.71 	 -0.0001419866046 
29.72 	 -0.0001440281637 
29.73 	 -0.000154194561 
29.74 	 -0.0001622514159 
29.75 	 -0.0001678801977 
29.76 	 -0.0001738958859 
29.77 	 -0.0001761498315 
29.78 	 -0.0001806268212 
29.79 	 -0.0001859723883 
29.8 	 -0.0001913179554 
29.81 	 -0.000197336979 
29.82 	 -0.0002033317719 
29.83 	 -0.0002096126244 
29.84 	 -0.0002160413136 
29.85 	 -0.0002225128725 
29.86 	 -0.000228971286 
29.87 	 -0.0002356182477 
29.88 	 -0.0002423444742 
29.89 	 -0.0002492831853 
29.9 	 -0.0002562947847 
29.91 	 -0.0002635224003 
29.92 	 -0.0002708785269 
29.93 	 -0.0002784538089 
29.94 	 -0.0002862517779 
29.95 	 -0.0002942624277 
29.96 	 -0.0003025000809 
29.97 	 -0.0003109724874 
29.98 	 -0.0003196869066 
29.99 	 -0.000328649715 
