0.0 	 0.000115035
0.0419385 	 0.000108666
0.083877 	 8.39797e-05
0.125815 	 3.9618e-05
0.167754 	 -1.0842e-05
0.209692 	 -5.3509e-05
0.251631 	 -8.22955e-05
0.293569 	 -9.24964e-05
0.335508 	 -8.12827e-05
0.377446 	 -5.31755e-05
0.419385 	 -1.53103e-05
0.461323 	 2.54754e-05
0.503262 	 5.951e-05
0.5452 	 7.79214e-05
0.587139 	 7.70998e-05
0.629077 	 5.90473e-05
0.671016 	 2.96185e-05
0.712954 	 -6.35404e-06
0.754893 	 -4.16903e-05
0.796831 	 -6.59965e-05
0.83877 	 -7.56889e-05
0.880708 	 -7.06871e-05
0.922647 	 -5.0034e-05
0.964585 	 -1.9765e-05
1.00652 	 1.07003e-05
1.04846 	 3.46576e-05
1.0904 	 4.28751e-05
1.13234 	 2.20577e-05
1.17428 	 -3.20688e-05
1.21622 	 -4.38536e-05
1.25815 	 0.000310012
1.30009 	 0.00172068
1.34203 	 0.00499922
1.38397 	 0.0104041
1.42591 	 0.0170719
1.46785 	 0.0231002
1.50979 	 0.0262158
1.55172 	 0.0246981
1.59366 	 0.018475
1.6356 	 0.0101986
1.67754 	 0.00524712
1.71948 	 0.00925175
1.76142 	 0.0241277
1.80336 	 0.0463381
1.84529 	 0.0689495
1.88723 	 0.0847039
1.92917 	 0.0878963
1.97111 	 0.0758721
2.01305 	 0.0503198
2.05499 	 0.0170335
2.09692 	 -0.0159301
2.13886 	 -0.0406144
2.1808 	 -0.0513325
2.22274 	 -0.0461809
2.26468 	 -0.0274675
2.30662 	 -0.000889388
2.34856 	 0.0262884
2.39049 	 0.0472858
2.43243 	 0.0573304
2.47437 	 0.0545423
2.51631 	 0.040269
2.55825 	 0.0186306
2.60019 	 -0.00470571
2.64212 	 -0.0239716
2.68406 	 -0.0346087
2.726 	 -0.0343085
2.76794 	 -0.0234604
2.80988 	 -0.00486196
2.85182 	 0.0170741
2.89376 	 0.0373559
2.93569 	 0.0515141
2.97763 	 0.0565582
3.01957 	 0.05162
3.06151 	 0.0381522
3.10345 	 0.0195496
3.14539 	 0.000266824
3.18733 	 -0.0152591
3.22926 	 -0.0235964
3.2712 	 -0.02304
3.31314 	 -0.0139706
3.35508 	 0.00123537
3.39702 	 0.0188117
3.43896 	 0.0345876
3.48089 	 0.0450144
3.52283 	 0.0479524
3.56477 	 0.0430779
3.60671 	 0.0318545
3.64865 	 0.0171088
3.69059 	 0.00233353
3.73253 	 -0.00913213
3.77446 	 -0.0148532
3.8164 	 -0.0138043
3.85834 	 -0.00653088
3.90028 	 0.00505011
3.94222 	 0.0181477
3.98416 	 0.0297557
4.02609 	 0.037321
4.06803 	 0.0392941
4.10997 	 0.0354477
4.15191 	 0.0268847
4.19385 	 0.0157355
4.23579 	 0.00462879
4.27773 	 -0.00392898
4.31966 	 -0.00811719
4.3616 	 -0.00718008
4.40354 	 -0.00154569
4.44548 	 0.00732059
4.48742 	 0.0172837
4.52936 	 0.0260451
4.5713 	 0.0316693
4.61323 	 0.0330053
4.65517 	 0.0299122
4.69711 	 0.0232496
4.73905 	 0.0146472
4.78099 	 0.006112
4.82293 	 -0.000433855
4.86486 	 -0.00358259
4.9068 	 -0.00274246
4.94874 	 0.00175734
4.99068 	 0.00877558
5.03262 	 0.016645
5.07456 	 0.0235658
5.1165 	 0.0280164
5.15843 	 0.0290874
5.20037 	 0.0266634
5.24231 	 0.0214205
5.28425 	 0.0146459
5.32619 	 0.00792424
5.36813 	 0.00276817
5.41007 	 0.000279358
5.452 	 0.000916834
5.49394 	 0.00441937
5.53588 	 0.00989175
5.57782 	 0.0160287
5.61976 	 0.0214233
5.6617 	 0.0248875
5.70363 	 0.0257134
5.74557 	 0.0238147
5.78751 	 0.0197225
5.82945 	 0.0144414
5.87139 	 0.009205
5.91333 	 0.00519011
5.95527 	 0.00325414
5.9972 	 0.00375369
6.03914 	 0.00648276
6.08108 	 0.0107403
6.12302 	 0.0155072
6.16496 	 0.0196887
6.2069 	 0.0223635
6.24884 	 0.0229855
6.29077 	 0.0214916
6.33271 	 0.0182985
6.37465 	 0.0141905
6.41659 	 0.0101286
6.45853 	 0.00702738
6.50047 	 0.00555039
6.5424 	 0.00596974
6.58434 	 0.00811969
6.62628 	 0.0114504
6.66822 	 0.0151662
6.71016 	 0.0184143
6.7521 	 0.0204794
6.79404 	 0.02094
6.83597 	 0.0197529
6.87791 	 0.0172488
6.91985 	 0.0140426
6.96179 	 0.0108847
7.00373 	 0.00848608
7.04567 	 0.00735997
7.0876 	 0.00771322
7.12954 	 0.00941109
7.17148 	 0.0120205
7.21342 	 0.0149188
7.25536 	 0.0174418
7.2973 	 0.0190347
7.33924 	 0.0193735
7.38117 	 0.0184291
7.42311 	 0.0164631
7.46505 	 0.0139572
7.50699 	 0.0114971
7.54893 	 0.00963607
7.59087 	 0.0087715
7.63281 	 0.00906101
7.67474 	 0.0103959
7.71668 	 0.0124356
7.75862 	 0.0146936
7.80056 	 0.0166521
7.8425 	 0.0178806
7.88444 	 0.0181293
7.92637 	 0.0173789
7.96831 	 0.0158359
8.01025 	 0.0138782
8.05219 	 0.0119629
8.09413 	 0.01052
8.13607 	 0.0098572
8.17801 	 0.0100944
8.21994 	 0.0111439
8.26188 	 0.0127383
8.30382 	 0.0144969
8.34576 	 0.0160167
8.3877 	 0.0169635
8.42964 	 0.0171452
8.47157 	 0.0165496
8.51351 	 0.0153402
8.55545 	 0.013813
8.59739 	 0.0123243
8.63933 	 0.0112087
8.68127 	 0.0107037
8.72321 	 0.0109002
8.76514 	 0.0117275
8.80708 	 0.012975
