0.0 	 -0.00059 
0.04193 	 5e-05 
0.08386 	 0.00031 
0.12579 	 0.00025 
0.16772 	 0.00044 
0.20965 	 0.00028 
0.25158 	 0.00026 
0.29351 	 0.00018 
0.33544 	 4e-05 
0.37737 	 2e-05 
0.4193 	 -0.00011 
0.46123 	 -0.00015 
0.50316 	 -0.00049 
0.54509 	 -0.00113 
0.58702 	 0.00585 
0.62895 	 0.06215 
0.67088 	 0.2212 
0.71281 	 0.35175 
0.75474 	 0.08662 
0.79667 	 -0.59587 
0.8386 	 -1.08786 
0.88053 	 -0.92205 
0.92246 	 -0.16215 
0.96439 	 0.80303 
1.00632 	 1.61731 
1.04825 	 2.34152 
1.09018 	 2.10491 
1.13211 	 -0.60889 
1.17404 	 -4.1463 
1.21597 	 -4.76147 
1.2579 	 -1.97926 
1.29983 	 1.40169 
1.34176 	 3.15527 
1.38369 	 3.12454 
1.42562 	 2.14851 
1.46755 	 0.90322 
1.50948 	 -0.163 
1.55141 	 -0.72049 
1.59334 	 -0.88956 
1.63527 	 -1.12144 
1.6772 	 -1.4599 
1.71913 	 -1.37295 
1.76106 	 -0.60891 
1.80299 	 0.27916 
1.84492 	 0.73751 
1.88685 	 0.77515 
1.92878 	 0.50507 
1.97071 	 0.04458 
2.01264 	 -0.30803 
2.05457 	 -0.35777 
2.0965 	 -0.21293 
2.13843 	 -0.02171 
2.18036 	 0.16316 
2.22229 	 0.28635 
2.26422 	 0.34455 
2.30615 	 0.32599 
2.34808 	 0.20758 
2.39001 	 0.1033 
2.43194 	 0.08694 
2.47387 	 0.09152 
2.5158 	 0.05029 
2.55773 	 -0.06969 
2.59966 	 -0.20037 
2.64159 	 -0.22818 
2.68352 	 -0.19336 
2.72545 	 -0.19211 
2.76738 	 -0.19517 
2.80931 	 -0.13323 
2.85124 	 -0.01426 
2.89317 	 0.09292 
2.9351 	 0.12222 
2.97703 	 0.06965 
3.01896 	 -0.00228 
3.06089 	 -0.03999 
3.10282 	 -0.03584 
3.14475 	 -0.00125 
3.18668 	 0.03707 
3.22861 	 0.05783 
3.27054 	 0.06394 
3.31247 	 0.0652 
3.3544 	 0.0627 
3.39633 	 0.04569 
3.43826 	 0.01511 
3.48019 	 -0.00981 
3.52212 	 -0.02101 
3.56405 	 -0.02697 
3.60598 	 -0.03311 
3.64791 	 -0.03926 
3.68984 	 -0.04138 
3.73177 	 -0.03106 
3.7737 	 -0.00757 
3.81563 	 0.01664 
3.85756 	 0.02577 
3.89949 	 0.01771 
3.94142 	 0.00501 
3.98335 	 -0.00335 
4.02528 	 -0.00636 
4.06721 	 -0.00582 
4.10914 	 -0.00417 
4.15107 	 -0.00179 
4.193 	 0.00198 
4.23493 	 0.00507 
4.27686 	 0.00343 
4.31879 	 -0.00033 
4.36072 	 -0.00104 
4.40265 	 -0.00107 
4.44458 	 -0.00201 
4.48651 	 -0.00207 
4.52844 	 -0.00111 
4.57037 	 0.00064 
4.6123 	 0.00288 
4.65423 	 0.00556 
4.69616 	 0.00745 
4.73809 	 0.00652 
4.78002 	 0.00304 
4.82195 	 -0.00016 
4.86388 	 -0.00097 
4.90581 	 -0.00052 
4.94774 	 -0.00139 
4.98967 	 -0.00435 
5.0316 	 -0.00708 
5.07353 	 -0.00688 
5.11546 	 -0.00412 
5.15739 	 -0.00102 
5.19932 	 0.00037 
5.24125 	 0.00037 
5.28318 	 0.00065 
5.32511 	 0.00159 
5.36704 	 0.00287 
5.40897 	 0.0035 
5.4509 	 0.00277 
5.49283 	 0.00158 
5.53476 	 0.00046 
5.57669 	 -0.00028 
5.61862 	 -0.00063 
5.66055 	 -0.00092 
5.70248 	 -0.00099 
5.74441 	 -0.00091 
5.78634 	 -0.00063 
5.82827 	 -0.00023 
5.8702 	 0.0 
5.91213 	 0.00019 
5.95406 	 0.00029 
5.99599 	 0.00023 
6.03792 	 6e-05 
6.07985 	 -0.00017 
6.12178 	 -0.00029 
6.16371 	 -7e-05 
6.20564 	 0.00041 
6.24757 	 0.00066 
6.2895 	 0.00035 
6.33143 	 -0.00019 
6.37336 	 -0.00044 
6.41529 	 -0.00028 
6.45722 	 1e-05 
6.49915 	 0.0001 
6.54108 	 -3e-05 
6.58301 	 -0.00026 
6.62494 	 -0.00035 
6.66687 	 -0.00017 
6.7088 	 0.0001 
6.75073 	 0.00028 
6.79266 	 0.00022 
6.83459 	 8e-05 
6.87652 	 7e-05 
6.91845 	 0.00016 
6.96038 	 0.00027 
7.00231 	 0.00021 
7.04424 	 -2e-05 
7.08617 	 -0.00021 
7.1281 	 -0.00028 
7.17003 	 -0.00023 
7.21196 	 -0.00016 
7.25389 	 -0.0001 
7.29582 	 -6e-05 
7.33775 	 -2e-05 
7.37968 	 3e-05 
7.42161 	 7e-05 
7.46354 	 0.00011 
7.50547 	 0.00015 
7.5474 	 0.00014 
7.58933 	 7e-05 
7.63126 	 -3e-05 
7.67319 	 -0.00011 
7.71512 	 -9e-05 
7.75705 	 -1e-05 
7.79898 	 6e-05 
7.84091 	 6e-05 
7.88284 	 -1e-05 
7.92477 	 -6e-05 
7.9667 	 -7e-05 
8.00863 	 -2e-05 
8.05056 	 2e-05 
8.09249 	 1e-05 
8.13442 	 -3e-05 
8.17635 	 -5e-05 
8.21828 	 -1e-05 
8.26021 	 6e-05 
8.30214 	 9e-05 
8.34407 	 7e-05 
8.386 	 2e-05 
8.42793 	 -2e-05 
8.46986 	 -1e-05 
8.51179 	 0.0 
8.55372 	 1e-05 
8.59565 	 -1e-05 
8.63758 	 -4e-05 
8.67951 	 -5e-05 
8.72144 	 -4e-05 
8.76337 	 -1e-05 
8.8053 	 1e-05 
8.84723 	 3e-05 
8.88916 	 3e-05 
8.93109 	 0.00102 
