0.0 	 0.0 
0.01 	 -8.713554e-08 
0.02 	 -7.785991e-08 
0.03 	 -1.741066e-06 
0.04 	 -8.521837e-06 
0.05 	 -2.140399e-05 
0.06 	 -3.971418e-05 
0.07 	 -6.131589e-05 
0.08 	 -8.086427e-05 
0.09 	 -9.386355e-05 
0.1 	 -0.0001008046 
0.11 	 -0.000101833 
0.12 	 -9.387242e-05 
0.13 	 -7.864566e-05 
0.14 	 -6.221119e-05 
0.15 	 -4.45928e-05 
0.16 	 -2.227689e-05 
0.17 	 4.717747e-06 
0.18 	 3.61953e-05 
0.19 	 7.425618e-05 
0.2 	 0.0001212808 
0.21 	 0.0001780546 
0.22 	 0.0002430053 
0.23 	 0.0003138421 
0.24 	 0.0003852364 
0.25 	 0.0004475413 
0.26 	 0.0004963386 
0.27 	 0.0005356307 
0.28 	 0.0005699074 
0.29 	 0.0005995358 
0.3 	 0.0006268092 
0.31 	 0.0006585696 
0.32 	 0.0006975833 
0.33 	 0.000738855 
0.34 	 0.0007755799 
0.35 	 0.000806567 
0.36 	 0.0008315835 
0.37 	 0.0008512524 
0.38 	 0.0008724505 
0.39 	 0.0008964992 
0.4 	 0.0009159486 
0.41 	 0.0009303707 
0.42 	 0.0009492917 
0.43 	 0.0009783041 
0.44 	 0.001013438 
0.45 	 0.001047215 
0.46 	 0.001074079 
0.47 	 0.001092592 
0.48 	 0.001108553 
0.49 	 0.001131864 
0.5 	 0.001166687 
0.51 	 0.00120818 
0.52 	 0.001246827 
0.53 	 0.001279819 
0.54 	 0.001311411 
0.55 	 0.001338129 
0.56 	 0.001353534 
0.57 	 0.001358862 
0.58 	 0.001355133 
0.59 	 0.001342618 
0.6 	 0.001328022 
0.61 	 0.001320394 
0.62 	 0.00132152 
0.63 	 0.001328661 
0.64 	 0.001343472 
0.65 	 0.001368676 
0.66 	 0.00140215 
0.67 	 0.001439446 
0.68 	 0.0014752 
0.69 	 0.001501332 
0.7 	 0.001513699 
0.71 	 0.001515815 
0.72 	 0.00151373 
0.73 	 0.001514625 
0.74 	 0.001523631 
0.75 	 0.001540454 
0.76 	 0.001564647 
0.77 	 0.001597733 
0.78 	 0.001635991 
0.79 	 0.001671394 
0.8 	 0.001703689 
0.81 	 0.001737984 
0.82 	 0.001772969 
0.83 	 0.001805894 
0.84 	 0.001841927 
0.85 	 0.001886239 
0.86 	 0.001932925 
0.87 	 0.001973455 
0.88 	 0.002007079 
0.89 	 0.002035326 
0.9 	 0.002058875 
0.91 	 0.002082738 
0.92 	 0.002109026 
0.93 	 0.002130401 
0.94 	 0.002144388 
0.95 	 0.002159555 
0.96 	 0.002181902 
0.97 	 0.002205509 
0.98 	 0.002221251 
0.99 	 0.002227661 
1.0 	 0.002227048 
1.01 	 0.002222019 
1.02 	 0.002216968 
1.03 	 0.00221588 
1.04 	 0.002220074 
1.05 	 0.002228468 
1.06 	 0.002239513 
1.07 	 0.002253526 
1.08 	 0.002272659 
1.09 	 0.002299157 
1.1 	 0.002336163 
1.11 	 0.002384516 
1.12 	 0.002437888 
1.13 	 0.002487992 
1.14 	 0.002530701 
1.15 	 0.002566832 
1.16 	 0.002599952 
1.17 	 0.002635248 
1.18 	 0.002681332 
1.19 	 0.002740645 
1.2 	 0.002802409 
1.21 	 0.002854821 
1.22 	 0.002896079 
1.23 	 0.002932236 
1.24 	 0.002969694 
1.25 	 0.003012041 
1.26 	 0.003061354 
1.27 	 0.003115061 
1.28 	 0.003163594 
1.29 	 0.003198597 
1.3 	 0.003215012 
1.31 	 0.003211205 
1.32 	 0.003193277 
1.33 	 0.003168285 
1.34 	 0.003139285 
1.35 	 0.003107447 
1.36 	 0.003072141 
1.37 	 0.003032566 
1.38 	 0.002990361 
1.39 	 0.002948722 
1.4 	 0.002907851 
1.41 	 0.002868352 
1.42 	 0.002834982 
1.43 	 0.002804486 
1.44 	 0.002765858 
1.45 	 0.002717392 
1.46 	 0.002668325 
1.47 	 0.002627426 
1.48 	 0.002595727 
1.49 	 0.002563996 
1.5 	 0.002519762 
1.51 	 0.002462272 
1.52 	 0.002401284 
1.53 	 0.002341341 
1.54 	 0.002280478 
1.55 	 0.00221739 
1.56 	 0.002145957 
1.57 	 0.00205956 
1.58 	 0.001964506 
1.59 	 0.001872029 
1.6 	 0.00178417 
1.61 	 0.00169883 
1.62 	 0.001621352 
1.63 	 0.001559344 
1.64 	 0.00151143 
1.65 	 0.001468324 
1.66 	 0.001421142 
1.67 	 0.001366725 
1.68 	 0.001306501 
1.69 	 0.001243609 
1.7 	 0.001181419 
1.71 	 0.001122251 
1.72 	 0.001065295 
1.73 	 0.00100616 
1.74 	 0.0009419604 
1.75 	 0.0008777081 
1.76 	 0.0008241448 
1.77 	 0.000781342 
1.78 	 0.0007335223 
1.79 	 0.0006735694 
1.8 	 0.0006150012 
1.81 	 0.0005732037 
1.82 	 0.0005498836 
1.83 	 0.0005301375 
1.84 	 0.0004912934 
1.85 	 0.0004279121 
1.86 	 0.0003542536 
1.87 	 0.0002732664 
1.88 	 0.0001719906 
1.89 	 4.783534e-05 
1.9 	 -8.488456e-05 
1.91 	 -0.0002091338 
1.92 	 -0.0003138428 
1.93 	 -0.0003992523 
1.94 	 -0.0004781602 
1.95 	 -0.0005612915 
1.96 	 -0.0006491948 
1.97 	 -0.0007486165 
1.98 	 -0.0008730428 
1.99 	 -0.001023108 
2.0 	 -0.001190539 
2.01 	 -0.001368749 
2.02 	 -0.001549059 
2.03 	 -0.001726855 
2.04 	 -0.001906313 
2.05 	 -0.002087517 
2.06 	 -0.002266905 
2.07 	 -0.002442177 
2.08 	 -0.002605595 
2.09 	 -0.002747 
2.1 	 -0.002864072 
2.11 	 -0.002956103 
2.12 	 -0.003017143 
2.13 	 -0.003045472 
2.14 	 -0.003032165 
2.15 	 -0.00295258 
2.16 	 -0.002790951 
2.17 	 -0.002556641 
2.18 	 -0.002271836 
2.19 	 -0.001957015 
2.2 	 -0.001630462 
2.21 	 -0.001310413 
2.22 	 -0.001021378 
2.23 	 -0.0007935553 
2.24 	 -0.0006452238 
2.25 	 -0.00056985 
2.26 	 -0.0005423451 
2.27 	 -0.0005405971 
2.28 	 -0.0005636419 
2.29 	 -0.0006200731 
2.3 	 -0.0007036988 
2.31 	 -0.0007998571 
2.32 	 -0.0009064935 
2.33 	 -0.001023862 
2.34 	 -0.001138777 
2.35 	 -0.001231039 
2.36 	 -0.001271891 
2.37 	 -0.001225728 
2.38 	 -0.001069296 
2.39 	 -0.0008083144 
2.4 	 -0.0004755422 
2.41 	 -0.0001140769 
2.42 	 0.0002395008 
2.43 	 0.0005698224 
2.44 	 0.0008704604 
2.45 	 0.001129034 
2.46 	 0.001346991 
2.47 	 0.001537108 
2.48 	 0.001692073 
2.49 	 0.001788947 
2.5 	 0.001822247 
2.51 	 0.001810747 
2.52 	 0.001780116 
2.53 	 0.001743931 
2.54 	 0.001693203 
2.55 	 0.001619425 
2.56 	 0.001534656 
2.57 	 0.001451721 
2.58 	 0.001362672 
2.59 	 0.001236599 
2.6 	 0.001033599 
2.61 	 0.0007385097 
2.62 	 0.0003767833 
2.63 	 -1.562842e-05 
2.64 	 -0.0004076478 
2.65 	 -0.0007686903 
2.66 	 -0.00109165 
2.67 	 -0.001406308 
2.68 	 -0.001747805 
2.69 	 -0.00211204 
2.7 	 -0.002455673 
2.71 	 -0.002741451 
2.72 	 -0.002957566 
2.73 	 -0.003102423 
2.74 	 -0.00316676 
2.75 	 -0.00313138 
2.76 	 -0.003004177 
2.77 	 -0.002842174 
2.78 	 -0.002711369 
2.79 	 -0.002633142 
2.8 	 -0.002576141 
2.81 	 -0.002492015 
2.82 	 -0.002352599 
2.83 	 -0.002148902 
2.84 	 -0.001865113 
2.85 	 -0.001500232 
2.86 	 -0.001106811 
2.87 	 -0.0007672169 
2.88 	 -0.0005318018 
2.89 	 -0.0003874682 
2.9 	 -0.0002964549 
2.91 	 -0.0002548394 
2.92 	 -0.0002922418 
2.93 	 -0.0004202844 
2.94 	 -0.0006012488 
2.95 	 -0.0007657185 
2.96 	 -0.0008521414 
2.97 	 -0.0008450749 
2.98 	 -0.0007755702 
2.99 	 -0.0006827586 
3.0 	 -0.0005846691 
3.01 	 -0.0004754567 
3.02 	 -0.0003300849 
3.03 	 -0.0001251398 
3.04 	 0.0001316957 
3.05 	 0.0004217986 
3.06 	 0.0007467682 
3.07 	 0.001108785 
3.08 	 0.001482832 
3.09 	 0.00181731 
3.1 	 0.00205339 
3.11 	 0.002172149 
3.12 	 0.002236003 
3.13 	 0.002332996 
3.14 	 0.002485419 
3.15 	 0.002642449 
3.16 	 0.002737962 
3.17 	 0.002746768 
3.18 	 0.002681271 
3.19 	 0.002556967 
3.2 	 0.002378884 
3.21 	 0.002145678 
3.22 	 0.001875431 
3.23 	 0.001615013 
3.24 	 0.001401105 
3.25 	 0.001224767 
3.26 	 0.001046196 
3.27 	 0.0008319236 
3.28 	 0.0005771775 
3.29 	 0.0002992316 
3.3 	 1.463794e-05 
3.31 	 -0.0002589796 
3.32 	 -0.0004962492 
3.33 	 -0.0006709589 
3.34 	 -0.0007596782 
3.35 	 -0.0007594417 
3.36 	 -0.0006971034 
3.37 	 -0.0006000862 
3.38 	 -0.0004659549 
3.39 	 -0.000272597 
3.4 	 -1.810936e-05 
3.41 	 0.0002760597 
3.42 	 0.0006001121 
3.43 	 0.0009425886 
3.44 	 0.00125597 
3.45 	 0.001480218 
3.46 	 0.001593416 
3.47 	 0.001625871 
3.48 	 0.001624996 
3.49 	 0.001608764 
3.5 	 0.001555506 
3.51 	 0.001435234 
3.52 	 0.001240455 
3.53 	 0.000996413 
3.54 	 0.000748572 
3.55 	 0.0005295712 
3.56 	 0.0003305556 
3.57 	 0.000105204 
3.58 	 -0.0001853369 
3.59 	 -0.0005296827 
3.6 	 -0.0008761529 
3.61 	 -0.001164383 
3.62 	 -0.001350114 
3.63 	 -0.001421465 
3.64 	 -0.001378794 
3.65 	 -0.001229462 
3.66 	 -0.001011453 
3.67 	 -0.0007737179 
3.68 	 -0.0005321584 
3.69 	 -0.0002604249 
3.7 	 8.237097e-05 
3.71 	 0.0005144582 
3.72 	 0.001023056 
3.73 	 0.001601361 
3.74 	 0.002255229 
3.75 	 0.002964993 
3.76 	 0.003684311 
3.77 	 0.004361254 
3.78 	 0.004944243 
3.79 	 0.005397946 
3.8 	 0.005730782 
3.81 	 0.00599297 
3.82 	 0.006247335 
3.83 	 0.006543588 
3.84 	 0.006896727 
3.85 	 0.007276805 
3.86 	 0.007620259 
3.87 	 0.007851444 
3.88 	 0.007912622 
3.89 	 0.007795816 
3.9 	 0.007537771 
3.91 	 0.007187145 
3.92 	 0.006776496 
3.93 	 0.00632241 
3.94 	 0.005847875 
3.95 	 0.005379795 
3.96 	 0.004941049 
3.97 	 0.004550015 
3.98 	 0.004203281 
3.99 	 0.003877817 
4.0 	 0.003575102 
4.01 	 0.00334082 
4.02 	 0.003229935 
4.03 	 0.003262815 
4.04 	 0.003411126 
4.05 	 0.00362796 
4.06 	 0.003875108 
4.07 	 0.004115734 
4.08 	 0.004323259 
4.09 	 0.004506896 
4.1 	 0.004687066 
4.11 	 0.00485053 
4.12 	 0.004958926 
4.13 	 0.004975018 
4.14 	 0.004862103 
4.15 	 0.00459523 
4.16 	 0.004188835 
4.17 	 0.003701949 
4.18 	 0.003221697 
4.19 	 0.002838542 
4.2 	 0.002598791 
4.21 	 0.002463007 
4.22 	 0.002334677 
4.23 	 0.00212483 
4.24 	 0.001790536 
4.25 	 0.001341439 
4.26 	 0.00082924 
4.27 	 0.0003194978 
4.28 	 -0.0001543219 
4.29 	 -0.0006164708 
4.3 	 -0.00112795 
4.31 	 -0.00175013 
4.32 	 -0.002513155 
4.33 	 -0.003390265 
4.34 	 -0.004308323 
4.35 	 -0.005183013 
4.36 	 -0.005946682 
4.37 	 -0.006563534 
4.38 	 -0.007026968 
4.39 	 -0.007352462 
4.4 	 -0.007576388 
4.41 	 -0.007744421 
4.42 	 -0.007896112 
4.43 	 -0.008054573 
4.44 	 -0.008214946 
4.45 	 -0.008350715 
4.46 	 -0.008435374 
4.47 	 -0.008461108 
4.48 	 -0.008450458 
4.49 	 -0.008442082 
4.5 	 -0.008467916 
4.51 	 -0.008543005 
4.52 	 -0.00864956 
4.53 	 -0.00873678 
4.54 	 -0.00875133 
4.55 	 -0.008673703 
4.56 	 -0.008531895 
4.57 	 -0.008371631 
4.58 	 -0.008214686 
4.59 	 -0.00804137 
4.6 	 -0.007801484 
4.61 	 -0.007439224 
4.62 	 -0.006919536 
4.63 	 -0.006254893 
4.64 	 -0.005502899 
4.65 	 -0.004735016 
4.66 	 -0.004006326 
4.67 	 -0.003336247 
4.68 	 -0.002706687 
4.69 	 -0.002077071 
4.7 	 -0.001412753 
4.71 	 -0.0007103272 
4.72 	 5.163905e-07 
4.73 	 0.0006773497 
4.74 	 0.001289344 
4.75 	 0.001832382 
4.76 	 0.00231339 
4.77 	 0.00272306 
4.78 	 0.003070672 
4.79 	 0.003429388 
4.8 	 0.003904384 
4.81 	 0.00455904 
4.82 	 0.005372767 
4.83 	 0.006272898 
4.84 	 0.007194535 
4.85 	 0.008109966 
4.86 	 0.009016399 
4.87 	 0.00990057 
4.88 	 0.01071476 
4.89 	 0.01137979 
4.9 	 0.01180774 
4.91 	 0.01194488 
4.92 	 0.01180654 
4.93 	 0.01146964 
4.94 	 0.01105246 
4.95 	 0.01067928 
4.96 	 0.01041115 
4.97 	 0.01016521 
4.98 	 0.009749114 
4.99 	 0.009009865 
5.0 	 0.007895137 
5.01 	 0.006426692 
5.02 	 0.004711586 
5.03 	 0.002945395 
5.04 	 0.001307181 
5.05 	 -0.0001193954 
5.06 	 -0.001322932 
5.07 	 -0.002341183 
5.08 	 -0.003236406 
5.09 	 -0.00406176 
5.1 	 -0.004832246 
5.11 	 -0.005524145 
5.12 	 -0.006112399 
5.13 	 -0.006601623 
5.14 	 -0.007015881 
5.15 	 -0.007369896 
5.16 	 -0.007662419 
5.17 	 -0.007878509 
5.18 	 -0.007996984 
5.19 	 -0.008018521 
5.2 	 -0.007976214 
5.21 	 -0.007909339 
5.22 	 -0.007845423 
5.23 	 -0.007797269 
5.24 	 -0.007768158 
5.25 	 -0.00777138 
5.26 	 -0.007822631 
5.27 	 -0.007920632 
5.28 	 -0.008059647 
5.29 	 -0.008249926 
5.3 	 -0.008515534 
5.31 	 -0.008858956 
5.32 	 -0.009232845 
5.33 	 -0.009549472 
5.34 	 -0.009706442 
5.35 	 -0.00961901 
5.36 	 -0.009256352 
5.37 	 -0.008667498 
5.38 	 -0.007976535 
5.39 	 -0.007335721 
5.4 	 -0.006855333 
5.41 	 -0.006550503 
5.42 	 -0.006343085 
5.43 	 -0.006114467 
5.44 	 -0.005769875 
5.45 	 -0.005312141 
5.46 	 -0.00486206 
5.47 	 -0.004546316 
5.48 	 -0.004389416 
5.49 	 -0.00433421 
5.5 	 -0.004313495 
5.51 	 -0.004292568 
5.52 	 -0.004259286 
5.53 	 -0.004185756 
5.54 	 -0.00401607 
5.55 	 -0.003681103 
5.56 	 -0.003115367 
5.57 	 -0.002277562 
5.58 	 -0.001167155 
5.59 	 0.0001721234 
5.6 	 0.001645659 
5.61 	 0.003113559 
5.62 	 0.004432871 
5.63 	 0.005513133 
5.64 	 0.006349844 
5.65 	 0.007011549 
5.66 	 0.007593595 
5.67 	 0.008179457 
5.68 	 0.008822714 
5.69 	 0.009535478 
5.7 	 0.01026967 
5.71 	 0.01090663 
5.72 	 0.01130026 
5.73 	 0.0113476 
5.74 	 0.01102509 
5.75 	 0.0103932 
5.76 	 0.009573684 
5.77 	 0.008696576 
5.78 	 0.007832453 
5.79 	 0.006970233 
5.8 	 0.006068631 
5.81 	 0.005126585 
5.82 	 0.004206407 
5.83 	 0.003395758 
5.84 	 0.002753721 
5.85 	 0.002280785 
5.86 	 0.001935006 
5.87 	 0.001673512 
5.88 	 0.001482977 
5.89 	 0.001383209 
5.9 	 0.001403033 
5.91 	 0.001547557 
5.92 	 0.001783805 
5.93 	 0.002055198 
5.94 	 0.002301499 
5.95 	 0.002473683 
5.96 	 0.002549033 
5.97 	 0.002529657 
5.98 	 0.002417539 
5.99 	 0.00220738 
6.0 	 0.001912267 
6.01 	 0.001574445 
6.02 	 0.001243049 
6.03 	 0.0009419261 
6.04 	 0.0006527507 
6.05 	 0.0003325714 
6.06 	 -4.561885e-05 
6.07 	 -0.0004734303 
6.08 	 -0.0009212089 
6.09 	 -0.001351061 
6.1 	 -0.001720136 
6.11 	 -0.001989719 
6.12 	 -0.002147106 
6.13 	 -0.00221708 
6.14 	 -0.002248197 
6.15 	 -0.002283457 
6.16 	 -0.002335286 
6.17 	 -0.002392971 
6.18 	 -0.002435733 
6.19 	 -0.002442754 
6.2 	 -0.002408153 
6.21 	 -0.002333109 
6.22 	 -0.002202315 
6.23 	 -0.001977699 
6.24 	 -0.001624727 
6.25 	 -0.001146607 
6.26 	 -0.0005885887 
6.27 	 -1.55793e-05 
6.28 	 0.0005040982 
6.29 	 0.0009137394 
6.3 	 0.001188351 
6.31 	 0.001324283 
6.32 	 0.001332453 
6.33 	 0.001258502 
6.34 	 0.001176283 
6.35 	 0.00116116 
6.36 	 0.001260795 
6.37 	 0.001487333 
6.38 	 0.001847846 
6.39 	 0.00236546 
6.4 	 0.003060886 
6.41 	 0.003916987 
6.42 	 0.004874849 
6.43 	 0.005857124 
6.44 	 0.006789633 
6.45 	 0.007629091 
6.46 	 0.008375628 
6.47 	 0.009042427 
6.48 	 0.009627187 
6.49 	 0.01011826 
6.5 	 0.01050593 
6.51 	 0.01079026 
6.52 	 0.01098781 
6.53 	 0.0111152 
6.54 	 0.01116298 
6.55 	 0.01110289 
6.56 	 0.01092858 
6.57 	 0.01067799 
6.58 	 0.01041346 
6.59 	 0.01019058 
6.6 	 0.01002629 
6.61 	 0.009904391 
6.62 	 0.009811653 
6.63 	 0.009729138 
6.64 	 0.00961197 
6.65 	 0.009408547 
6.66 	 0.009094637 
6.67 	 0.008685599 
6.68 	 0.008221319 
6.69 	 0.007748 
6.7 	 0.007296238 
6.71 	 0.006858625 
6.72 	 0.006394674 
6.73 	 0.005854344 
6.74 	 0.005190531 
6.75 	 0.004364279 
6.76 	 0.003353702 
6.77 	 0.002156449 
6.78 	 0.0007843653 
6.79 	 -0.0007368692 
6.8 	 -0.00237511 
6.81 	 -0.004115141 
6.82 	 -0.005971346 
6.83 	 -0.007961631 
6.84 	 -0.01006654 
6.85 	 -0.01222295 
6.86 	 -0.01434045 
6.87 	 -0.01632232 
6.88 	 -0.01808716 
6.89 	 -0.0195862 
6.9 	 -0.0208194 
6.91 	 -0.02182645 
6.92 	 -0.02266308 
6.93 	 -0.0233846 
6.94 	 -0.02402645 
6.95 	 -0.0245856 
6.96 	 -0.025024 
6.97 	 -0.02529271 
6.98 	 -0.02535724 
6.99 	 -0.02521586 
7.0 	 -0.02489633 
7.01 	 -0.02443336 
7.02 	 -0.02385165 
7.03 	 -0.02315721 
7.04 	 -0.0223363 
7.05 	 -0.02137965 
7.06 	 -0.02030875 
7.07 	 -0.01916602 
7.08 	 -0.01798682 
7.09 	 -0.01678979 
7.1 	 -0.01558235 
7.11 	 -0.01435233 
7.12 	 -0.01306378 
7.13 	 -0.01167959 
7.14 	 -0.01018344 
7.15 	 -0.008581108 
7.16 	 -0.006901754 
7.17 	 -0.005200183 
7.18 	 -0.003545868 
7.19 	 -0.002010914 
7.2 	 -0.0006582513 
7.21 	 0.0004718511 
7.22 	 0.001372044 
7.23 	 0.002066528 
7.24 	 0.00259568 
7.25 	 0.003002239 
7.26 	 0.003320956 
7.27 	 0.003567432 
7.28 	 0.003731791 
7.29 	 0.003785039 
7.3 	 0.003697029 
7.31 	 0.003452009 
7.32 	 0.003056507 
7.33 	 0.002536822 
7.34 	 0.001920245 
7.35 	 0.00122584 
7.36 	 0.0004778631 
7.37 	 -0.0002966812 
7.38 	 -0.001080065 
7.39 	 -0.001851125 
7.4 	 -0.002571682 
7.41 	 -0.003196585 
7.42 	 -0.003700291 
7.43 	 -0.00409374 
7.44 	 -0.004405443 
7.45 	 -0.004655338 
7.46 	 -0.004847042 
7.47 	 -0.004964079 
7.48 	 -0.004973933 
7.49 	 -0.004849623 
7.5 	 -0.004595921 
7.51 	 -0.00425119 
7.52 	 -0.003867656 
7.53 	 -0.003496246 
7.54 	 -0.003180825 
7.55 	 -0.002955663 
7.56 	 -0.002841552 
7.57 	 -0.002841941 
7.58 	 -0.002938385 
7.59 	 -0.00309337 
7.6 	 -0.003259718 
7.61 	 -0.00338677 
7.62 	 -0.00343312 
7.63 	 -0.003383353 
7.64 	 -0.003252906 
7.65 	 -0.003075652 
7.66 	 -0.002876607 
7.67 	 -0.002648938 
7.68 	 -0.002361339 
7.69 	 -0.001988558 
7.7 	 -0.001524743 
7.71 	 -0.0009733564 
7.72 	 -0.0003451624 
7.73 	 0.0003399927 
7.74 	 0.001064588 
7.75 	 0.001822205 
7.76 	 0.002609095 
7.77 	 0.003414852 
7.78 	 0.0042317 
7.79 	 0.005070846 
7.8 	 0.005958349 
7.81 	 0.006909811 
7.82 	 0.007914803 
7.83 	 0.008950819 
7.84 	 0.01000911 
7.85 	 0.01109856 
7.86 	 0.01222623 
7.87 	 0.0133789 
7.88 	 0.01452215 
7.89 	 0.01561051 
7.9 	 0.01659394 
7.91 	 0.0174289 
7.92 	 0.0180862 
7.93 	 0.01854082 
7.94 	 0.01876834 
7.95 	 0.01876132 
7.96 	 0.01853838 
7.97 	 0.01812763 
7.98 	 0.01754923 
7.99 	 0.01681926 
8.0 	 0.01596046 
8.01 	 0.01500806 
8.02 	 0.01400724 
8.03 	 0.01300822 
8.04 	 0.01206332 
8.05 	 0.01122118 
8.06 	 0.01051137 
8.07 	 0.009933239 
8.08 	 0.009482687 
8.09 	 0.009180962 
8.1 	 0.009057583 
8.11 	 0.009118093 
8.12 	 0.009333285 
8.13 	 0.009652769 
8.14 	 0.01002493 
8.15 	 0.01041571 
8.16 	 0.01081516 
8.17 	 0.01121922 
8.18 	 0.01161937 
8.19 	 0.01200757 
8.2 	 0.01237499 
8.21 	 0.01271411 
8.22 	 0.0130261 
8.23 	 0.01332227 
8.24 	 0.01362099 
8.25 	 0.01393746 
8.26 	 0.01426625 
8.27 	 0.01457379 
8.28 	 0.01480943 
8.29 	 0.01492205 
8.3 	 0.01486946 
8.31 	 0.01461993 
8.32 	 0.01415823 
8.33 	 0.0134886 
8.34 	 0.01262046 
8.35 	 0.01156169 
8.36 	 0.01033371 
8.37 	 0.008982143 
8.38 	 0.007571562 
8.39 	 0.006173902 
8.4 	 0.00485465 
8.41 	 0.003656334 
8.42 	 0.002594873 
8.43 	 0.00168349 
8.44 	 0.0009472533 
8.45 	 0.0004037392 
8.46 	 4.27058e-05 
8.47 	 -0.0001718809 
8.48 	 -0.0002818787 
8.49 	 -0.0003219585 
8.5 	 -0.0003235797 
8.51 	 -0.0003143265 
8.52 	 -0.0003139881 
8.53 	 -0.0003366563 
8.54 	 -0.0003939003 
8.55 	 -0.0004947681 
8.56 	 -0.0006442716 
8.57 	 -0.0008481822 
8.58 	 -0.00111394 
8.59 	 -0.001448383 
8.6 	 -0.001864305 
8.61 	 -0.002380179 
8.62 	 -0.003012053 
8.63 	 -0.003772869 
8.64 	 -0.004669507 
8.65 	 -0.005690475 
8.66 	 -0.006801901 
8.67 	 -0.007964469 
8.68 	 -0.009152373 
8.69 	 -0.01034699 
8.7 	 -0.01152232 
8.71 	 -0.01264277 
8.72 	 -0.01366288 
8.73 	 -0.01453139 
8.74 	 -0.01520457 
8.75 	 -0.01566213 
8.76 	 -0.01591637 
8.77 	 -0.01600234 
8.78 	 -0.01595084 
8.79 	 -0.01577248 
8.8 	 -0.01546692 
8.81 	 -0.01503815 
8.82 	 -0.01450356 
8.83 	 -0.01389495 
8.84 	 -0.01325143 
8.85 	 -0.01261104 
8.86 	 -0.01200855 
8.87 	 -0.0114742 
8.88 	 -0.01102672 
8.89 	 -0.01067068 
8.9 	 -0.01039749 
8.91 	 -0.01018722 
8.92 	 -0.01002606 
8.93 	 -0.009921913 
8.94 	 -0.00989444 
8.95 	 -0.009960923 
8.96 	 -0.01013001 
8.97 	 -0.01040273 
8.98 	 -0.01077651 
8.99 	 -0.01124377 
9.0 	 -0.01178845 
9.01 	 -0.01238385 
9.02 	 -0.01299872 
9.03 	 -0.01361152 
9.04 	 -0.01421947 
9.05 	 -0.01482918 
9.06 	 -0.01543597 
9.07 	 -0.01602114 
9.08 	 -0.01656493 
9.09 	 -0.01704785 
9.1 	 -0.01745292 
9.11 	 -0.01777724 
9.12 	 -0.01802747 
9.13 	 -0.01820437 
9.14 	 -0.01830353 
9.15 	 -0.01833092 
9.16 	 -0.01830808 
9.17 	 -0.01825692 
9.18 	 -0.01818208 
9.19 	 -0.01807153 
9.2 	 -0.01791056 
9.21 	 -0.01769368 
9.22 	 -0.01742166 
9.23 	 -0.01709133 
9.24 	 -0.01670116 
9.25 	 -0.01625438 
9.26 	 -0.01574802 
9.27 	 -0.01517499 
9.28 	 -0.01453216 
9.29 	 -0.01382371 
9.3 	 -0.01306902 
9.31 	 -0.01230315 
9.32 	 -0.01156247 
9.33 	 -0.01086844 
9.34 	 -0.01022801 
9.35 	 -0.00964215 
9.36 	 -0.009101598 
9.37 	 -0.008585236 
9.38 	 -0.008069773 
9.39 	 -0.007540797 
9.4 	 -0.006998317 
9.41 	 -0.006448178 
9.42 	 -0.005891973 
9.43 	 -0.0053237 
9.44 	 -0.004730289 
9.45 	 -0.004099824 
9.46 	 -0.003431761 
9.47 	 -0.002740383 
9.48 	 -0.002042267 
9.49 	 -0.001339834 
9.5 	 -0.0006207774 
9.51 	 0.0001363405 
9.52 	 0.0009535582 
9.53 	 0.001838523 
9.54 	 0.00277603 
9.55 	 0.003735517 
9.56 	 0.004686315 
9.57 	 0.005607387 
9.58 	 0.006490495 
9.59 	 0.00733437 
9.6 	 0.008133745 
9.61 	 0.008879819 
9.62 	 0.009567663 
9.63 	 0.01019614 
9.64 	 0.01076392 
9.65 	 0.0112712 
9.66 	 0.01172488 
9.67 	 0.01213798 
9.68 	 0.0125237 
9.69 	 0.01289122 
9.7 	 0.01324579 
9.71 	 0.01359543 
9.72 	 0.01395739 
9.73 	 0.01435253 
9.74 	 0.01479533 
9.75 	 0.01529088 
9.76 	 0.01583726 
9.77 	 0.01642385 
9.78 	 0.01702661 
9.79 	 0.01760803 
9.8 	 0.01812267 
9.81 	 0.01852787 
9.82 	 0.01879726 
9.83 	 0.01892959 
9.84 	 0.01894204 
9.85 	 0.01885319 
9.86 	 0.01867324 
9.87 	 0.01840503 
9.88 	 0.01805432 
9.89 	 0.01764249 
9.9 	 0.01720533 
9.91 	 0.01677972 
9.92 	 0.0163917 
9.93 	 0.01604829 
9.94 	 0.01573121 
9.95 	 0.01540062 
9.96 	 0.01500857 
9.97 	 0.01451394 
9.98 	 0.01390223 
9.99 	 0.01319328 
10.0 	 0.0124277 
10.01 	 0.0116502 
10.02 	 0.01089298 
10.03 	 0.01016615 
10.04 	 0.009464165 
10.05 	 0.008781023 
10.06 	 0.008120226 
10.07 	 0.007491173 
10.08 	 0.006906295 
10.09 	 0.006385834 
10.1 	 0.005956233 
10.11 	 0.005641881 
10.12 	 0.005456307 
10.13 	 0.00539168 
10.14 	 0.00542124 
10.15 	 0.005515331 
10.16 	 0.005652743 
10.17 	 0.005825597 
10.18 	 0.006035717 
10.19 	 0.006282346 
10.2 	 0.006551595 
10.21 	 0.006821722 
10.22 	 0.007076553 
10.23 	 0.007309906 
10.24 	 0.007527099 
10.25 	 0.007739855 
10.26 	 0.007953283 
10.27 	 0.008164385 
10.28 	 0.008370313 
10.29 	 0.008567575 
10.3 	 0.008743923 
10.31 	 0.008881612 
10.32 	 0.008971643 
10.33 	 0.009017036 
10.34 	 0.009020055 
10.35 	 0.008973766 
10.36 	 0.008867227 
10.37 	 0.008691462 
10.38 	 0.008441318 
10.39 	 0.008113412 
10.4 	 0.007702653 
10.41 	 0.007207765 
10.42 	 0.006636031 
10.43 	 0.006000242 
10.44 	 0.005317426 
10.45 	 0.004604752 
10.46 	 0.003874082 
10.47 	 0.003132366 
10.48 	 0.002383839 
10.49 	 0.001633951 
10.5 	 0.0008950545 
10.51 	 0.0001887506 
10.52 	 -0.0004604287 
10.53 	 -0.001036582 
10.54 	 -0.001538235 
10.55 	 -0.001974763 
10.56 	 -0.002359518 
10.57 	 -0.002709386 
10.58 	 -0.003043352 
10.59 	 -0.003374639 
10.6 	 -0.003705634 
10.61 	 -0.004028915 
10.62 	 -0.004333316 
10.63 	 -0.004607784 
10.64 	 -0.004843418 
10.65 	 -0.005035865 
10.66 	 -0.005187108 
10.67 	 -0.005305608 
10.68 	 -0.005397571 
10.69 	 -0.00545902 
10.7 	 -0.005481735 
10.71 	 -0.005465092 
10.72 	 -0.005423451 
10.73 	 -0.005383368 
10.74 	 -0.005371004 
10.75 	 -0.005400125 
10.76 	 -0.005470358 
10.77 	 -0.005575801 
10.78 	 -0.005709077 
10.79 	 -0.005856438 
10.8 	 -0.005996746 
10.81 	 -0.006106179 
10.82 	 -0.006169236 
10.83 	 -0.00618747 
10.84 	 -0.006171545 
10.85 	 -0.006131054 
10.86 	 -0.006073424 
10.87 	 -0.006004138 
10.88 	 -0.005930045 
10.89 	 -0.005864649 
10.9 	 -0.005824959 
10.91 	 -0.00582165 
10.92 	 -0.00585369 
10.93 	 -0.005910176 
10.94 	 -0.005979805 
10.95 	 -0.006056584 
10.96 	 -0.006135463 
10.97 	 -0.006216626 
10.98 	 -0.006309875 
10.99 	 -0.006426983 
11.0 	 -0.006575969 
11.01 	 -0.006761273 
11.02 	 -0.006981871 
11.03 	 -0.007226197 
11.04 	 -0.007477824 
11.05 	 -0.007729833 
11.06 	 -0.007987398 
11.07 	 -0.008258399 
11.08 	 -0.008548846 
11.09 	 -0.008863034 
11.1 	 -0.009199711 
11.11 	 -0.009547407 
11.12 	 -0.009888654 
11.13 	 -0.01021208 
11.14 	 -0.01051537 
11.15 	 -0.01079813 
11.16 	 -0.01106142 
11.17 	 -0.01131346 
11.18 	 -0.01156531 
11.19 	 -0.01182396 
11.2 	 -0.01209306 
11.21 	 -0.01236825 
11.22 	 -0.0126323 
11.23 	 -0.01286596 
11.24 	 -0.01305847 
11.25 	 -0.01320233 
11.26 	 -0.01328933 
11.27 	 -0.01331501 
11.28 	 -0.0132733 
11.29 	 -0.01315217 
11.3 	 -0.01294662 
11.31 	 -0.0126648 
11.32 	 -0.01231632 
11.33 	 -0.01190381 
11.34 	 -0.01142611 
11.35 	 -0.01088627 
11.36 	 -0.01029806 
11.37 	 -0.009686568 
11.38 	 -0.009082654 
11.39 	 -0.008511574 
11.4 	 -0.007981919 
11.41 	 -0.007485633 
11.42 	 -0.007005943 
11.43 	 -0.00652777 
11.44 	 -0.006045054 
11.45 	 -0.005557976 
11.46 	 -0.005066064 
11.47 	 -0.004567575 
11.48 	 -0.004060882 
11.49 	 -0.003541796 
11.5 	 -0.00300159 
11.51 	 -0.002425417 
11.52 	 -0.001797422 
11.53 	 -0.001115652 
11.54 	 -0.0003953598 
11.55 	 0.0003447516 
11.56 	 0.00109593 
11.57 	 0.001859669 
11.58 	 0.002634189 
11.59 	 0.003404892 
11.6 	 0.004149911 
11.61 	 0.004849827 
11.62 	 0.0054955 
11.63 	 0.006088799 
11.64 	 0.006631648 
11.65 	 0.007121769 
11.66 	 0.007559682 
11.67 	 0.007949026 
11.68 	 0.008294529 
11.69 	 0.008599974 
11.7 	 0.008860318 
11.71 	 0.00906105 
11.72 	 0.009191187 
11.73 	 0.009255865 
11.74 	 0.009274095 
11.75 	 0.009265782 
11.76 	 0.00924274 
11.77 	 0.009204573 
11.78 	 0.009139607 
11.79 	 0.009033525 
11.8 	 0.008875605 
11.81 	 0.008660246 
11.82 	 0.008387413 
11.83 	 0.00806265 
11.84 	 0.007693931 
11.85 	 0.007289911 
11.86 	 0.006865381 
11.87 	 0.00643942 
11.88 	 0.006028123 
11.89 	 0.005641215 
11.9 	 0.005279839 
11.91 	 0.004941073 
11.92 	 0.004622053 
11.93 	 0.004318345 
11.94 	 0.004025717 
11.95 	 0.003738886 
11.96 	 0.00344929 
11.97 	 0.00315146 
11.98 	 0.002852108 
11.99 	 0.002572052 
12.0 	 0.00233775 
12.01 	 0.002170623 
12.02 	 0.002078275 
12.03 	 0.002053179 
12.04 	 0.002079871 
12.05 	 0.002146512 
12.06 	 0.00225222 
12.07 	 0.002401541 
12.08 	 0.002598392 
12.09 	 0.002844672 
12.1 	 0.003141223 
12.11 	 0.003490216 
12.12 	 0.00389614 
12.13 	 0.004362638 
12.14 	 0.004887787 
12.15 	 0.005466926 
12.16 	 0.006097209 
12.17 	 0.006775838 
12.18 	 0.007497761 
12.19 	 0.008254629 
12.2 	 0.009031253 
12.21 	 0.009806823 
12.22 	 0.01055937 
12.23 	 0.01126898 
12.24 	 0.01192378 
12.25 	 0.01251951 
12.26 	 0.01305148 
12.27 	 0.0135099 
12.28 	 0.01388426 
12.29 	 0.01417012 
12.3 	 0.01436983 
12.31 	 0.01448967 
12.32 	 0.01453684 
12.33 	 0.01451733 
12.34 	 0.01443496 
12.35 	 0.01429336 
12.36 	 0.01409475 
12.37 	 0.01383608 
12.38 	 0.01351443 
12.39 	 0.01313192 
12.4 	 0.01269112 
12.41 	 0.01219049 
12.42 	 0.01162484 
12.43 	 0.01099013 
12.44 	 0.01029066 
12.45 	 0.009539093 
12.46 	 0.008749155 
12.47 	 0.007930188 
12.48 	 0.007088158 
12.49 	 0.006228553 
12.5 	 0.00535381 
12.51 	 0.00446424 
12.52 	 0.003562612 
12.53 	 0.002655968 
12.54 	 0.001755685 
12.55 	 0.0008759953 
12.56 	 3.21041e-05 
12.57 	 -0.0007627317 
12.58 	 -0.001500826 
12.59 	 -0.00218028 
12.6 	 -0.002803411 
12.61 	 -0.00337833 
12.62 	 -0.003918532 
12.63 	 -0.004437397 
12.64 	 -0.004941928 
12.65 	 -0.00543136 
12.66 	 -0.005899531 
12.67 	 -0.006340335 
12.68 	 -0.006751486 
12.69 	 -0.00713313 
12.7 	 -0.007488748 
12.71 	 -0.007822141 
12.72 	 -0.008131534 
12.73 	 -0.008409971 
12.74 	 -0.008648153 
12.75 	 -0.008838938 
12.76 	 -0.008981112 
12.77 	 -0.009076115 
12.78 	 -0.009126065 
12.79 	 -0.009137067 
12.8 	 -0.009121866 
12.81 	 -0.009099122 
12.82 	 -0.009087385 
12.83 	 -0.00910035 
12.84 	 -0.00914687 
12.85 	 -0.009232232 
12.86 	 -0.00935672 
12.87 	 -0.00951427 
12.88 	 -0.009693344 
12.89 	 -0.009879423 
12.9 	 -0.01006243 
12.91 	 -0.01023936 
12.92 	 -0.01040952 
12.93 	 -0.01056884 
12.94 	 -0.01070657 
12.95 	 -0.01080991 
12.96 	 -0.01086811 
12.97 	 -0.01087308 
12.98 	 -0.01082156 
12.99 	 -0.0107178 
13.0 	 -0.01057458 
13.01 	 -0.01040632 
13.02 	 -0.01022071 
13.03 	 -0.01001926 
13.04 	 -0.009798748 
13.05 	 -0.009548468 
13.06 	 -0.009255847 
13.07 	 -0.008920733 
13.08 	 -0.008556115 
13.09 	 -0.008175514 
13.1 	 -0.007785822 
13.11 	 -0.00738742 
13.12 	 -0.006976065 
13.13 	 -0.006546424 
13.14 	 -0.00609678 
13.15 	 -0.005632162 
13.16 	 -0.005161714 
13.17 	 -0.004697103 
13.18 	 -0.004251806 
13.19 	 -0.003835611 
13.2 	 -0.003451318 
13.21 	 -0.003093312 
13.22 	 -0.002750646 
13.23 	 -0.00241376 
13.24 	 -0.002076868 
13.25 	 -0.001737691 
13.26 	 -0.001399268 
13.27 	 -0.001072598 
13.28 	 -0.0007707202 
13.29 	 -0.000500105 
13.3 	 -0.0002626403 
13.31 	 -5.837592e-05 
13.32 	 0.0001205949 
13.33 	 0.000288893 
13.34 	 0.0004560972 
13.35 	 0.0006232319 
13.36 	 0.0007866397 
13.37 	 0.000941783 
13.38 	 0.001086547 
13.39 	 0.001223856 
13.4 	 0.001359646 
13.41 	 0.00149592 
13.42 	 0.001631028 
13.43 	 0.001767132 
13.44 	 0.001911409 
13.45 	 0.002068163 
13.46 	 0.002233474 
13.47 	 0.002399061 
13.48 	 0.002559517 
13.49 	 0.002714051 
13.5 	 0.002860881 
13.51 	 0.002997022 
13.52 	 0.003125126 
13.53 	 0.003252841 
13.54 	 0.003383511 
13.55 	 0.003513417 
13.56 	 0.003639245 
13.57 	 0.003761626 
13.58 	 0.003883048 
13.59 	 0.004004449 
13.6 	 0.004122274 
13.61 	 0.004231038 
13.62 	 0.004328298 
13.63 	 0.004413382 
13.64 	 0.004483635 
13.65 	 0.004537531 
13.66 	 0.004577626 
13.67 	 0.004605134 
13.68 	 0.0046178 
13.69 	 0.004616933 
13.7 	 0.004607899 
13.71 	 0.0045957 
13.72 	 0.004586052 
13.73 	 0.004585411 
13.74 	 0.004596995 
13.75 	 0.004620178 
13.76 	 0.004656402 
13.77 	 0.004710299 
13.78 	 0.00478479 
13.79 	 0.004879579 
13.8 	 0.004991235 
13.81 	 0.005115615 
13.82 	 0.005252189 
13.83 	 0.005401321 
13.84 	 0.005560038 
13.85 	 0.005723172 
13.86 	 0.005884775 
13.87 	 0.00604045 
13.88 	 0.006190069 
13.89 	 0.006338461 
13.9 	 0.006492813 
13.91 	 0.006656622 
13.92 	 0.00682473 
13.93 	 0.006984535 
13.94 	 0.007121808 
13.95 	 0.007225963 
13.96 	 0.007291611 
13.97 	 0.007315943 
13.98 	 0.007295646 
13.99 	 0.007222973 
14.0 	 0.007086371 
14.01 	 0.00687755 
14.02 	 0.006593221 
14.03 	 0.006231572 
14.04 	 0.005791208 
14.05 	 0.005271299 
14.06 	 0.004671144 
14.07 	 0.003995902 
14.08 	 0.003264121 
14.09 	 0.002502392 
14.1 	 0.001734793 
14.11 	 0.000981003 
14.12 	 0.0002576378 
14.13 	 -0.0004233551 
14.14 	 -0.001055067 
14.15 	 -0.001634066 
14.16 	 -0.00216332 
14.17 	 -0.002651127 
14.18 	 -0.003100501 
14.19 	 -0.003507987 
14.2 	 -0.003871385 
14.21 	 -0.004193054 
14.22 	 -0.004477624 
14.23 	 -0.004727121 
14.24 	 -0.004942314 
14.25 	 -0.005124144 
14.26 	 -0.005272339 
14.27 	 -0.005389632 
14.28 	 -0.0054819 
14.29 	 -0.005553305 
14.3 	 -0.005604497 
14.31 	 -0.005630613 
14.32 	 -0.005621182 
14.33 	 -0.005566416 
14.34 	 -0.005465497 
14.35 	 -0.005326982 
14.36 	 -0.005161544 
14.37 	 -0.00497449 
14.38 	 -0.004763842 
14.39 	 -0.004525605 
14.4 	 -0.004257102 
14.41 	 -0.003957136 
14.42 	 -0.00362803 
14.43 	 -0.003273632 
14.44 	 -0.002894069 
14.45 	 -0.002488681 
14.46 	 -0.002063996 
14.47 	 -0.00163357 
14.48 	 -0.00120809 
14.49 	 -0.0007915626 
14.5 	 -0.0003883633 
14.51 	 -4.763804e-06 
14.52 	 0.0003541872 
14.53 	 0.0006864236 
14.54 	 0.0009941287 
14.55 	 0.001281552 
14.56 	 0.00155063 
14.57 	 0.001797994 
14.58 	 0.00202055 
14.59 	 0.002219306 
14.6 	 0.00239428 
14.61 	 0.002543279 
14.62 	 0.002662031 
14.63 	 0.002743825 
14.64 	 0.002782115 
14.65 	 0.002774185 
14.66 	 0.002721286 
14.67 	 0.002624793 
14.68 	 0.002489744 
14.69 	 0.002329866 
14.7 	 0.002161938 
14.71 	 0.001999642 
14.72 	 0.00185272 
14.73 	 0.001728119 
14.74 	 0.001631108 
14.75 	 0.001565259 
14.76 	 0.001532666 
14.77 	 0.001533694 
14.78 	 0.001568097 
14.79 	 0.001636656 
14.8 	 0.001738241 
14.81 	 0.001865984 
14.82 	 0.002007 
14.83 	 0.002144542 
14.84 	 0.002264239 
14.85 	 0.002358716 
14.86 	 0.002422734 
14.87 	 0.002447812 
14.88 	 0.002426318 
14.89 	 0.002357625 
14.9 	 0.002246049 
14.91 	 0.002097326 
14.92 	 0.001918897 
14.93 	 0.00171999 
14.94 	 0.0015108 
14.95 	 0.001300448 
14.96 	 0.001091385 
14.97 	 0.0008770472 
14.98 	 0.0006518733 
14.99 	 0.0004158921 
15.0 	 0.0001690926 
15.01 	 -8.660291e-05 
15.02 	 -0.0003432006 
15.03 	 -0.0005927886 
15.04 	 -0.0008349547 
15.05 	 -0.001069883 
15.06 	 -0.001292819 
15.07 	 -0.001501788 
15.08 	 -0.00170026 
15.09 	 -0.001892133 
15.1 	 -0.002076355 
15.11 	 -0.002244659 
15.12 	 -0.002384143 
15.13 	 -0.00248408 
15.14 	 -0.002543583 
15.15 	 -0.002569259 
15.16 	 -0.002566735 
15.17 	 -0.002543074 
15.18 	 -0.002512404 
15.19 	 -0.002490225 
15.2 	 -0.00248773 
15.21 	 -0.002510016 
15.22 	 -0.002556799 
15.23 	 -0.002625094 
15.24 	 -0.002712497 
15.25 	 -0.002823152 
15.26 	 -0.0029667 
15.27 	 -0.003152783 
15.28 	 -0.003385698 
15.29 	 -0.003661205 
15.3 	 -0.003970621 
15.31 	 -0.004304517 
15.32 	 -0.004653336 
15.33 	 -0.005008418 
15.34 	 -0.005361507 
15.35 	 -0.00570472 
15.36 	 -0.006032432 
15.37 	 -0.006340136 
15.38 	 -0.006620815 
15.39 	 -0.006867566 
15.4 	 -0.007079781 
15.41 	 -0.007259873 
15.42 	 -0.007406245 
15.43 	 -0.007512784 
15.44 	 -0.007574481 
15.45 	 -0.007593075 
15.46 	 -0.007574708 
15.47 	 -0.007525871 
15.48 	 -0.007449611 
15.49 	 -0.007342136 
15.5 	 -0.007200347 
15.51 	 -0.007027687 
15.52 	 -0.006829465 
15.53 	 -0.006609012 
15.54 	 -0.006368331 
15.55 	 -0.006109472 
15.56 	 -0.005834785 
15.57 	 -0.005548674 
15.58 	 -0.005254866 
15.59 	 -0.004951806 
15.6 	 -0.004636134 
15.61 	 -0.004306073 
15.62 	 -0.003959154 
15.63 	 -0.003592263 
15.64 	 -0.003204373 
15.65 	 -0.002794236 
15.66 	 -0.002358836 
15.67 	 -0.001897522 
15.68 	 -0.001413269 
15.69 	 -0.0009125415 
15.7 	 -0.0004057276 
15.71 	 9.59584e-05 
15.72 	 0.0005836785 
15.73 	 0.001052236 
15.74 	 0.001498557 
15.75 	 0.001918341 
15.76 	 0.002307118 
15.77 	 0.002662123 
15.78 	 0.002980644 
15.79 	 0.00326097 
15.8 	 0.003501675 
15.81 	 0.003700351 
15.82 	 0.003856768 
15.83 	 0.003971067 
15.84 	 0.004043294 
15.85 	 0.004077527 
15.86 	 0.004079648 
15.87 	 0.004056744 
15.88 	 0.004019663 
15.89 	 0.003979268 
15.9 	 0.003941839 
15.91 	 0.003909927 
15.92 	 0.003884868 
15.93 	 0.003867157 
15.94 	 0.003856506 
15.95 	 0.003853535 
15.96 	 0.003860708 
15.97 	 0.003878559 
15.98 	 0.003905744 
15.99 	 0.003943125 
16.0 	 0.003993736 
16.01 	 0.004061109 
16.02 	 0.004149135 
16.03 	 0.004264562 
16.04 	 0.004414128 
16.05 	 0.004600033 
16.06 	 0.004820221 
16.07 	 0.005068723 
16.08 	 0.005338319 
16.09 	 0.005623455 
16.1 	 0.005917764 
16.11 	 0.006214221 
16.12 	 0.006508003 
16.13 	 0.006794067 
16.14 	 0.007065035 
16.15 	 0.007310522 
16.16 	 0.007516003 
16.17 	 0.007665266 
16.18 	 0.007745678 
16.19 	 0.007752009 
16.2 	 0.007687527 
16.21 	 0.007561149 
16.22 	 0.007381764 
16.23 	 0.007156389 
16.24 	 0.006892541 
16.25 	 0.006597598 
16.26 	 0.006277199 
16.27 	 0.005937544 
16.28 	 0.00558661 
16.29 	 0.005232153 
16.3 	 0.004880231 
16.31 	 0.004536463 
16.32 	 0.004207467 
16.33 	 0.003899144 
16.34 	 0.003612935 
16.35 	 0.003345807 
16.36 	 0.003094967 
16.37 	 0.002857926 
16.38 	 0.00263212 
16.39 	 0.002418403 
16.4 	 0.002219384 
16.41 	 0.002035721 
16.42 	 0.001863861 
16.43 	 0.001699564 
16.44 	 0.00154382 
16.45 	 0.001397906 
16.46 	 0.001256676 
16.47 	 0.001109923 
16.48 	 0.000948446 
16.49 	 0.0007689321 
16.5 	 0.0005696135 
16.51 	 0.0003462068 
16.52 	 9.604465e-05 
16.53 	 -0.0001787927 
16.54 	 -0.0004717596 
16.55 	 -0.000773739 
16.56 	 -0.001076051 
16.57 	 -0.001372914 
16.58 	 -0.00165904 
16.59 	 -0.001926397 
16.6 	 -0.002166565 
16.61 	 -0.002374734 
16.62 	 -0.002551206 
16.63 	 -0.002701551 
16.64 	 -0.002833203 
16.65 	 -0.002949482 
16.66 	 -0.003049968 
16.67 	 -0.003134146 
16.68 	 -0.0032006 
16.69 	 -0.003246817 
16.7 	 -0.003274366 
16.71 	 -0.003292838 
16.72 	 -0.003317016 
16.73 	 -0.003359481 
16.74 	 -0.003427673 
16.75 	 -0.003524968 
16.76 	 -0.003649149 
16.77 	 -0.003793767 
16.78 	 -0.003949695 
16.79 	 -0.004104424 
16.8 	 -0.004246992 
16.81 	 -0.004370223 
16.82 	 -0.004467597 
16.83 	 -0.004532625 
16.84 	 -0.004560204 
16.85 	 -0.004548083 
16.86 	 -0.004495683 
16.87 	 -0.004404608 
16.88 	 -0.004276444 
16.89 	 -0.004107402 
16.9 	 -0.0038915 
16.91 	 -0.003627184 
16.92 	 -0.003320935 
16.93 	 -0.002985566 
16.94 	 -0.002634954 
16.95 	 -0.002281525 
16.96 	 -0.001936358 
16.97 	 -0.001610555 
16.98 	 -0.001313038 
16.99 	 -0.001047379 
17.0 	 -0.0008136182 
17.01 	 -0.0006109402 
17.02 	 -0.0004387651 
17.03 	 -0.0002955739 
17.04 	 -0.0001788083 
17.05 	 -8.466875e-05 
17.06 	 -7.751777e-06 
17.07 	 5.581906e-05 
17.08 	 0.0001093401 
17.09 	 0.0001570749 
17.1 	 0.0002006004 
17.11 	 0.0002390388 
17.12 	 0.0002726989 
17.13 	 0.0003030399 
17.14 	 0.0003306998 
17.15 	 0.0003556848 
17.16 	 0.0003782977 
17.17 	 0.0003969315 
17.18 	 0.0004086517 
17.19 	 0.0004133213 
17.2 	 0.0004145458 
17.21 	 0.0004177917 
17.22 	 0.0004264893 
17.23 	 0.000442195 
17.24 	 0.0004657036 
17.25 	 0.000494573 
17.26 	 0.0005239456 
17.27 	 0.0005485187 
17.28 	 0.0005643171 
17.29 	 0.0005722836 
17.3 	 0.0005793242 
17.31 	 0.0005951418 
17.32 	 0.0006288154 
17.33 	 0.0006845494 
17.34 	 0.0007597847 
17.35 	 0.0008509677 
17.36 	 0.0009562173 
17.37 	 0.001072021 
17.38 	 0.001193898 
17.39 	 0.001317517 
17.4 	 0.001437886 
17.41 	 0.001552002 
17.42 	 0.001660396 
17.43 	 0.00176418 
17.44 	 0.001862706 
17.45 	 0.001952951 
17.46 	 0.002030812 
17.47 	 0.002095091 
17.48 	 0.002151093 
17.49 	 0.002206463 
17.5 	 0.002262377 
17.51 	 0.002313634 
17.52 	 0.002353948 
17.53 	 0.002379696 
17.54 	 0.00239069 
17.55 	 0.002387084 
17.56 	 0.002368785 
17.57 	 0.00233622 
17.58 	 0.002290461 
17.59 	 0.00223413 
17.6 	 0.002170517 
17.61 	 0.002100446 
17.62 	 0.002022529 
17.63 	 0.001935499 
17.64 	 0.001837568 
17.65 	 0.001727522 
17.66 	 0.001603983 
17.67 	 0.001461588 
17.68 	 0.001294605 
17.69 	 0.001101825 
17.7 	 0.0008845552 
17.71 	 0.0006451997 
17.72 	 0.0003860435 
17.73 	 0.0001102008 
17.74 	 -0.0001752507 
17.75 	 -0.0004625891 
17.76 	 -0.0007468478 
17.77 	 -0.001026222 
17.78 	 -0.001301687 
17.79 	 -0.001575475 
17.8 	 -0.001851457 
17.81 	 -0.002135676 
17.82 	 -0.002434734 
17.83 	 -0.002754543 
17.84 	 -0.003099054 
17.85 	 -0.003468612 
17.86 	 -0.003860142 
17.87 	 -0.004268219 
17.88 	 -0.004686052 
17.89 	 -0.005105901 
17.9 	 -0.005519654 
17.91 	 -0.005920671 
17.92 	 -0.006306061 
17.93 	 -0.006675278 
17.94 	 -0.007027413 
17.95 	 -0.007361693 
17.96 	 -0.007677497 
17.97 	 -0.00797415 
17.98 	 -0.008248014 
17.99 	 -0.008491213 
18.0 	 -0.008697512 
18.01 	 -0.008864953 
18.02 	 -0.008993474 
18.03 	 -0.009083525 
18.04 	 -0.009135931 
18.05 	 -0.009152866 
18.06 	 -0.009140172 
18.07 	 -0.00910503 
18.08 	 -0.009049971 
18.09 	 -0.00897171 
18.1 	 -0.00886579 
18.11 	 -0.008731739 
18.12 	 -0.008573031 
18.13 	 -0.008393336 
18.14 	 -0.008194287 
18.15 	 -0.007974223 
18.16 	 -0.007728269 
18.17 	 -0.00745278 
18.18 	 -0.007144089 
18.19 	 -0.00679512 
18.2 	 -0.006400851 
18.21 	 -0.005961492 
18.22 	 -0.005481131 
18.23 	 -0.004966816 
18.24 	 -0.004427547 
18.25 	 -0.003872281 
18.26 	 -0.003306287 
18.27 	 -0.002731504 
18.28 	 -0.002150213 
18.29 	 -0.001566818 
18.3 	 -0.0009894877 
18.31 	 -0.0004274078 
18.32 	 0.0001147528 
18.33 	 0.0006353717 
18.34 	 0.001132016 
18.35 	 0.001603357 
18.36 	 0.002051316 
18.37 	 0.002477431 
18.38 	 0.002882184 
18.39 	 0.00326628 
18.4 	 0.003628407 
18.41 	 0.003965225 
18.42 	 0.004272719 
18.43 	 0.004548129 
18.44 	 0.00478969 
18.45 	 0.004995947 
18.46 	 0.005167396 
18.47 	 0.00530479 
18.48 	 0.005409565 
18.49 	 0.005487127 
18.5 	 0.005543502 
18.51 	 0.005579834 
18.52 	 0.005594127 
18.53 	 0.005586199 
18.54 	 0.005561224 
18.55 	 0.00552981 
18.56 	 0.005502722 
18.57 	 0.005485298 
18.58 	 0.005476691 
18.59 	 0.005473967 
18.6 	 0.005474257 
18.61 	 0.005474577 
18.62 	 0.005473677 
18.63 	 0.005471251 
18.64 	 0.005466559 
18.65 	 0.005458589 
18.66 	 0.005443974 
18.67 	 0.005416213 
18.68 	 0.005370493 
18.69 	 0.005307394 
18.7 	 0.005229596 
18.71 	 0.005138162 
18.72 	 0.005033556 
18.73 	 0.004919994 
18.74 	 0.004803314 
18.75 	 0.004686181 
18.76 	 0.00457132 
18.77 	 0.00446412 
18.78 	 0.004371235 
18.79 	 0.004298651 
18.8 	 0.004247863 
18.81 	 0.004213448 
18.82 	 0.004185664 
18.83 	 0.004153236 
18.84 	 0.004105501 
18.85 	 0.004034172 
18.86 	 0.003934079 
18.87 	 0.003805047 
18.88 	 0.003653128 
18.89 	 0.003489682 
18.9 	 0.003326912 
18.91 	 0.003173304 
18.92 	 0.003031102 
18.93 	 0.002896671 
18.94 	 0.002764969 
18.95 	 0.002632744 
18.96 	 0.002499198 
18.97 	 0.002364394 
18.98 	 0.002226957 
18.99 	 0.002084091 
19.0 	 0.001931562 
19.01 	 0.001764213 
19.02 	 0.001578319 
19.03 	 0.001373352 
19.04 	 0.001152116 
19.05 	 0.0009198399 
19.06 	 0.0006824259 
19.07 	 0.0004433959 
19.08 	 0.000204529 
19.09 	 -3.064445e-05 
19.1 	 -0.000257498 
19.11 	 -0.0004711572 
19.12 	 -0.0006680837 
19.13 	 -0.0008472553 
19.14 	 -0.001008411 
19.15 	 -0.001152393 
19.16 	 -0.001281236 
19.17 	 -0.001398842 
19.18 	 -0.001508281 
19.19 	 -0.001605802 
19.2 	 -0.001684258 
19.21 	 -0.001738435 
19.22 	 -0.001765145 
19.23 	 -0.001763522 
19.24 	 -0.001733675 
19.25 	 -0.001675506 
19.26 	 -0.001589286 
19.27 	 -0.001477896 
19.28 	 -0.001348882 
19.29 	 -0.001211378 
19.3 	 -0.001074792 
19.31 	 -0.0009500927 
19.32 	 -0.0008450706 
19.33 	 -0.0007610039 
19.34 	 -0.0006960432 
19.35 	 -0.0006473975 
19.36 	 -0.0006119132 
19.37 	 -0.0005866883 
19.38 	 -0.0005683603 
19.39 	 -0.000553901 
19.4 	 -0.0005434844 
19.41 	 -0.0005384837 
19.42 	 -0.0005379469 
19.43 	 -0.0005404168 
19.44 	 -0.0005450574 
19.45 	 -0.0005527729 
19.46 	 -0.0005678457 
19.47 	 -0.0005959915 
19.48 	 -0.0006395916 
19.49 	 -0.0006941006 
19.5 	 -0.0007524418 
19.51 	 -0.0008104767 
19.52 	 -0.0008661041 
19.53 	 -0.0009188201 
19.54 	 -0.0009695877 
19.55 	 -0.001019004 
19.56 	 -0.001065661 
19.57 	 -0.001107541 
19.58 	 -0.001144622 
19.59 	 -0.001177796 
19.6 	 -0.001208688 
19.61 	 -0.001241366 
19.62 	 -0.001281264 
19.63 	 -0.001331878 
19.64 	 -0.001395063 
19.65 	 -0.001473742 
19.66 	 -0.001570778 
19.67 	 -0.001687443 
19.68 	 -0.001822245 
19.69 	 -0.001969784 
19.7 	 -0.002124426 
19.71 	 -0.002283867 
19.72 	 -0.002449285 
19.73 	 -0.00262159 
19.74 	 -0.002796014 
19.75 	 -0.00296384 
19.76 	 -0.003117532 
19.77 	 -0.0032529 
19.78 	 -0.003366169 
19.79 	 -0.003450604 
19.8 	 -0.00350138 
19.81 	 -0.003519725 
19.82 	 -0.003510878 
19.83 	 -0.003481988 
19.84 	 -0.003440693 
19.85 	 -0.003393811 
19.86 	 -0.003346244 
19.87 	 -0.003304052 
19.88 	 -0.003274134 
19.89 	 -0.003257875 
19.9 	 -0.003251018 
19.91 	 -0.00324791 
19.92 	 -0.003245242 
19.93 	 -0.003243207 
19.94 	 -0.003243023 
19.95 	 -0.003242755 
19.96 	 -0.003237573 
19.97 	 -0.003223835 
19.98 	 -0.003198386 
19.99 	 -0.003156907 
20.0 	 -0.003096515 
20.01 	 -0.003016977 
20.02 	 -0.00291893 
20.03 	 -0.002804463 
20.04 	 -0.002675116 
20.05 	 -0.002528939 
20.06 	 -0.002363941 
20.07 	 -0.0021804 
20.08 	 -0.001980627 
20.09 	 -0.001768365 
20.1 	 -0.001547577 
20.11 	 -0.001323041 
20.12 	 -0.001099837 
20.13 	 -0.0008827286 
20.14 	 -0.0006778964 
20.15 	 -0.0004914279 
20.16 	 -0.0003276806 
20.17 	 -0.0001921181 
20.18 	 -8.958814e-05 
20.19 	 -1.997161e-05 
20.2 	 1.907765e-05 
20.21 	 2.855172e-05 
20.22 	 8.238529e-06 
20.23 	 -4.141193e-05 
20.24 	 -0.0001175514 
20.25 	 -0.0002160944 
20.26 	 -0.0003334337 
20.27 	 -0.0004680171 
20.28 	 -0.0006193357 
20.29 	 -0.000784605 
20.3 	 -0.0009587877 
20.31 	 -0.00113558 
20.32 	 -0.001306592 
20.33 	 -0.001462981 
20.34 	 -0.001599763 
20.35 	 -0.001714794 
20.36 	 -0.001806168 
20.37 	 -0.0018728 
20.38 	 -0.00191384 
20.39 	 -0.001929826 
20.4 	 -0.001923662 
20.41 	 -0.001897067 
20.42 	 -0.001849449 
20.43 	 -0.001780343 
20.44 	 -0.00168922 
20.45 	 -0.001575061 
20.46 	 -0.001436794 
20.47 	 -0.001275651 
20.48 	 -0.001096693 
20.49 	 -0.0009041659 
20.5 	 -0.0007002709 
20.51 	 -0.0004880583 
20.52 	 -0.0002701585 
20.53 	 -4.687041e-05 
20.54 	 0.0001816998 
20.55 	 0.0004139928 
20.56 	 0.0006484576 
20.57 	 0.0008842779 
20.58 	 0.001122512 
20.59 	 0.001365611 
20.6 	 0.001613369 
20.61 	 0.00186312 
20.62 	 0.002113251 
20.63 	 0.002361449 
20.64 	 0.002603212 
20.65 	 0.002835697 
20.66 	 0.003058033 
20.67 	 0.00326668 
20.68 	 0.003456932 
20.69 	 0.003625997 
20.7 	 0.003769064 
20.71 	 0.003879773 
20.72 	 0.00395577 
20.73 	 0.003998522 
20.74 	 0.004010199 
20.75 	 0.003995168 
20.76 	 0.00396099 
20.77 	 0.003914756 
20.78 	 0.003861036 
20.79 	 0.003803758 
20.8 	 0.003744788 
20.81 	 0.003681348 
20.82 	 0.003610832 
20.83 	 0.003533688 
20.84 	 0.003450296 
20.85 	 0.003359629 
20.86 	 0.003259352 
20.87 	 0.003145679 
20.88 	 0.003016475 
20.89 	 0.002875785 
20.9 	 0.002732261 
20.91 	 0.002594464 
20.92 	 0.002467138 
20.93 	 0.00235109 
20.94 	 0.002247656 
20.95 	 0.002158953 
20.96 	 0.002084442 
20.97 	 0.002020822 
20.98 	 0.001966152 
20.99 	 0.00192046 
21.0 	 0.001881921 
21.01 	 0.001846976 
21.02 	 0.001810636 
21.03 	 0.001766065 
21.04 	 0.001706937 
21.05 	 0.00162993 
21.06 	 0.001535346 
21.07 	 0.001424481 
21.08 	 0.001298788 
21.09 	 0.001162241 
21.1 	 0.001020075 
21.11 	 0.0008778278 
21.12 	 0.0007425252 
21.13 	 0.0006210661 
21.14 	 0.0005170988 
21.15 	 0.0004306014 
21.16 	 0.0003612476 
21.17 	 0.0003088296 
21.18 	 0.000272332 
21.19 	 0.0002512698 
21.2 	 0.0002451299 
21.21 	 0.0002528732 
21.22 	 0.0002735355 
21.23 	 0.0003061036 
21.24 	 0.0003485324 
21.25 	 0.0003968692 
21.26 	 0.0004453415 
21.27 	 0.0004884146 
21.28 	 0.0005228061 
21.29 	 0.0005485289 
21.3 	 0.0005673223 
21.31 	 0.0005777669 
21.32 	 0.0005747092 
21.33 	 0.0005527546 
21.34 	 0.0005081287 
21.35 	 0.0004400302 
21.36 	 0.0003529036 
21.37 	 0.0002540128 
21.38 	 0.0001501503 
21.39 	 4.691388e-05 
21.4 	 -5.318836e-05 
21.41 	 -0.0001492993 
21.42 	 -0.000240813 
21.43 	 -0.0003283355 
21.44 	 -0.0004128139 
21.45 	 -0.0004927311 
21.46 	 -0.0005640407 
21.47 	 -0.0006232734 
21.48 	 -0.0006671628 
21.49 	 -0.0006915996 
21.5 	 -0.0006950106 
21.51 	 -0.0006810331 
21.52 	 -0.000655593 
21.53 	 -0.0006231198 
21.54 	 -0.0005870678 
21.55 	 -0.0005526967 
21.56 	 -0.0005266302 
21.57 	 -0.0005137179 
21.58 	 -0.0005142869 
21.59 	 -0.0005242268 
21.6 	 -0.0005396831 
21.61 	 -0.0005602059 
21.62 	 -0.0005867363 
21.63 	 -0.0006178532 
21.64 	 -0.0006486781 
21.65 	 -0.0006724162 
21.66 	 -0.0006822559 
21.67 	 -0.0006755909 
21.68 	 -0.0006539394 
21.69 	 -0.0006183185 
21.7 	 -0.0005710006 
21.71 	 -0.0005191405 
21.72 	 -0.000471103 
21.73 	 -0.0004302467 
21.74 	 -0.0003963885 
21.75 	 -0.0003688513 
21.76 	 -0.0003467372 
21.77 	 -0.0003304512 
21.78 	 -0.0003202203 
21.79 	 -0.0003138104 
21.8 	 -0.0003083972 
21.81 	 -0.0003037876 
21.82 	 -0.0003033951 
21.83 	 -0.0003120653 
21.84 	 -0.0003320544 
21.85 	 -0.0003617833 
21.86 	 -0.0003989828 
21.87 	 -0.0004426167 
21.88 	 -0.0004918881 
21.89 	 -0.0005456808 
21.9 	 -0.0006023197 
21.91 	 -0.0006595856 
21.92 	 -0.0007168724 
21.93 	 -0.0007760534 
21.94 	 -0.0008389599 
21.95 	 -0.0009054217 
21.96 	 -0.0009727587 
21.97 	 -0.001038141 
21.98 	 -0.001099646 
21.99 	 -0.001153682 
22.0 	 -0.001196521 
22.01 	 -0.001227435 
22.02 	 -0.001247795 
22.03 	 -0.001257644 
22.04 	 -0.001254294 
22.05 	 -0.001233012 
22.06 	 -0.001189033 
22.07 	 -0.001121753 
22.08 	 -0.001033792 
22.09 	 -0.0009269051 
22.1 	 -0.0008017008 
22.11 	 -0.0006598322 
22.12 	 -0.0005053477 
22.13 	 -0.0003433529 
22.14 	 -0.0001792855 
22.15 	 -1.733392e-05 
22.16 	 0.0001413537 
22.17 	 0.0002948911 
22.18 	 0.0004390008 
22.19 	 0.0005711494 
22.2 	 0.000690428 
22.21 	 0.0007952081 
22.22 	 0.0008845168 
22.23 	 0.000958098 
22.24 	 0.001014116 
22.25 	 0.001050538 
22.26 	 0.001067676 
22.27 	 0.001067202 
22.28 	 0.001051455 
22.29 	 0.001024148 
22.3 	 0.0009898263 
22.31 	 0.0009518269 
22.32 	 0.0009114532 
22.33 	 0.0008689162 
22.34 	 0.0008224327 
22.35 	 0.0007682533 
22.36 	 0.0007036246 
22.37 	 0.0006277325 
22.38 	 0.0005421102 
22.39 	 0.0004507691 
22.4 	 0.0003571836 
22.41 	 0.0002625037 
22.42 	 0.0001668095 
22.43 	 7.014084e-05 
22.44 	 -2.754817e-05 
22.45 	 -0.0001256895 
22.46 	 -0.0002230601 
22.47 	 -0.000319746 
22.48 	 -0.0004158302 
22.49 	 -0.0005108546 
22.5 	 -0.0006071286 
22.51 	 -0.0007078015 
22.52 	 -0.0008138484 
22.53 	 -0.0009257635 
22.54 	 -0.001042609 
22.55 	 -0.001160282 
22.56 	 -0.001274986 
22.57 	 -0.001385323 
22.58 	 -0.001490575 
22.59 	 -0.001589758 
22.6 	 -0.001681765 
22.61 	 -0.001765273 
22.62 	 -0.001839102 
22.63 	 -0.001904435 
22.64 	 -0.001964143 
22.65 	 -0.002020276 
22.66 	 -0.002074064 
22.67 	 -0.002126405 
22.68 	 -0.00217849 
22.69 	 -0.002230736 
22.7 	 -0.002282844 
22.71 	 -0.002334618 
22.72 	 -0.00238482 
22.73 	 -0.002431126 
22.74 	 -0.002471477 
22.75 	 -0.00250665 
22.76 	 -0.002540308 
22.77 	 -0.002576676 
22.78 	 -0.00261875 
22.79 	 -0.002665424 
22.8 	 -0.002712574 
22.81 	 -0.002757842 
22.82 	 -0.002802364 
22.83 	 -0.002848818 
22.84 	 -0.002897564 
22.85 	 -0.00294506 
22.86 	 -0.002985075 
22.87 	 -0.003010779 
22.88 	 -0.00301634 
22.89 	 -0.002997088 
22.9 	 -0.002949604 
22.91 	 -0.002872829 
22.92 	 -0.002769635 
22.93 	 -0.002646152 
22.94 	 -0.002509532 
22.95 	 -0.002365639 
22.96 	 -0.002219231 
22.97 	 -0.002075368 
22.98 	 -0.001934974 
22.99 	 -0.001794626 
23.0 	 -0.001653015 
23.01 	 -0.001510431 
23.02 	 -0.001365994 
23.03 	 -0.001218445 
23.04 	 -0.0010656 
23.05 	 -0.0009038752 
23.06 	 -0.0007306051 
23.07 	 -0.0005437406 
23.08 	 -0.0003397244 
23.09 	 -0.0001155031 
23.1 	 0.0001293634 
23.11 	 0.0003940849 
23.12 	 0.0006769412 
23.13 	 0.0009736269 
23.14 	 0.001279404 
23.15 	 0.001592799 
23.16 	 0.001912421 
23.17 	 0.002233536 
23.18 	 0.002552453 
23.19 	 0.002868185 
23.2 	 0.003177661 
23.21 	 0.003475242 
23.22 	 0.003756231 
23.23 	 0.004019372 
23.24 	 0.004266103 
23.25 	 0.004496897 
23.26 	 0.004709224 
23.27 	 0.004899608 
23.28 	 0.005068068 
23.29 	 0.005217315 
23.3 	 0.005348991 
23.31 	 0.005465106 
23.32 	 0.005568989 
23.33 	 0.0056636 
23.34 	 0.005752358 
23.35 	 0.005840264 
23.36 	 0.005931467 
23.37 	 0.006025327 
23.38 	 0.00611934 
23.39 	 0.006213047 
23.4 	 0.006305283 
23.41 	 0.006393783 
23.42 	 0.006475473 
23.43 	 0.006547393 
23.44 	 0.006608221 
23.45 	 0.006656316 
23.46 	 0.006688771 
23.47 	 0.006699862 
23.48 	 0.006684885 
23.49 	 0.006645217 
23.5 	 0.006584544 
23.51 	 0.006506252 
23.52 	 0.006413322 
23.53 	 0.0063072 
23.54 	 0.006187818 
23.55 	 0.006053925 
23.56 	 0.005903224 
23.57 	 0.005732522 
23.58 	 0.005538303 
23.59 	 0.005319677 
23.6 	 0.005077176 
23.61 	 0.004810177 
23.62 	 0.004519739 
23.63 	 0.004208495 
23.64 	 0.003879656 
23.65 	 0.003538113 
23.66 	 0.003189014 
23.67 	 0.002835472 
23.68 	 0.002479838 
23.69 	 0.0021262 
23.7 	 0.001779011 
23.71 	 0.001439922 
23.72 	 0.00110744 
23.73 	 0.0007800093 
23.74 	 0.0004574568 
23.75 	 0.0001401819 
23.76 	 -0.0001711492 
23.77 	 -0.0004771275 
23.78 	 -0.0007805155 
23.79 	 -0.00108344 
23.8 	 -0.001386732 
23.81 	 -0.00169076 
23.82 	 -0.001994418 
23.83 	 -0.002297042 
23.84 	 -0.002597676 
23.85 	 -0.002892946 
23.86 	 -0.003180161 
23.87 	 -0.003458642 
23.88 	 -0.003727223 
23.89 	 -0.003982758 
23.9 	 -0.004222249 
23.91 	 -0.004444503 
23.92 	 -0.004648417 
23.93 	 -0.004832 
23.94 	 -0.004993374 
23.95 	 -0.0051312 
23.96 	 -0.005245682 
23.97 	 -0.005340457 
23.98 	 -0.005418784 
23.99 	 -0.00547986 
24.0 	 -0.005522535 
24.01 	 -0.005545538 
24.02 	 -0.005545374 
24.03 	 -0.005517913 
24.04 	 -0.005458944 
24.05 	 -0.005365941 
24.06 	 -0.005240403 
24.07 	 -0.005086403 
24.08 	 -0.004907074 
24.09 	 -0.00470415 
24.1 	 -0.00448082 
24.11 	 -0.004242647 
24.12 	 -0.003995106 
24.13 	 -0.003741135 
24.14 	 -0.003481784 
24.15 	 -0.003216882 
24.16 	 -0.00294586 
24.17 	 -0.002671013 
24.18 	 -0.002395059 
24.19 	 -0.002116962 
24.2 	 -0.001836389 
24.21 	 -0.001555189 
24.22 	 -0.001274633 
24.23 	 -0.0009959695 
24.24 	 -0.0007204186 
24.25 	 -0.0004488101 
24.26 	 -0.0001811319 
24.27 	 8.179592e-05 
24.28 	 0.000337183 
24.29 	 0.0005836603 
24.3 	 0.0008206968 
24.31 	 0.00104626 
24.32 	 0.001259115 
24.33 	 0.001459982 
24.34 	 0.001651554 
24.35 	 0.001837384 
24.36 	 0.002019227 
24.37 	 0.002195624 
24.38 	 0.002363584 
24.39 	 0.002522474 
24.4 	 0.002672336 
24.41 	 0.002811618 
24.42 	 0.002938714 
24.43 	 0.003052763 
24.44 	 0.003154123 
24.45 	 0.003243033 
24.46 	 0.003319629 
24.47 	 0.003384529 
24.48 	 0.003438355 
24.49 	 0.003483688 
24.5 	 0.003523777 
24.51 	 0.003558987 
24.52 	 0.00358746 
24.53 	 0.003605915 
24.54 	 0.003610424 
24.55 	 0.003598544 
24.56 	 0.00356785 
24.57 	 0.003515046 
24.58 	 0.003438126 
24.59 	 0.003337339 
24.6 	 0.003213758 
24.61 	 0.0030694 
24.62 	 0.002907667 
24.63 	 0.002730936 
24.64 	 0.002541944 
24.65 	 0.002345081 
24.66 	 0.002144682 
24.67 	 0.001943103 
24.68 	 0.001740815 
24.69 	 0.001539259 
24.7 	 0.001340311 
24.71 	 0.001143598 
24.72 	 0.000947206 
24.73 	 0.0007505009 
24.74 	 0.0005532073 
24.75 	 0.0003547193 
24.76 	 0.000155941 
24.77 	 -4.174538e-05 
24.78 	 -0.0002376678 
24.79 	 -0.000430754 
24.8 	 -0.0006201939 
24.81 	 -0.0008066496 
24.82 	 -0.000990822 
24.83 	 -0.001172534 
24.84 	 -0.001350461 
24.85 	 -0.001521728 
24.86 	 -0.001684019 
24.87 	 -0.001838441 
24.88 	 -0.001986098 
24.89 	 -0.002126251 
24.9 	 -0.00225937 
24.91 	 -0.002385369 
24.92 	 -0.002502944 
24.93 	 -0.00261057 
24.94 	 -0.002706179 
24.95 	 -0.002788277 
24.96 	 -0.002858387 
24.97 	 -0.002921472 
24.98 	 -0.002980964 
24.99 	 -0.003036282 
25.0 	 -0.00308547 
25.01 	 -0.003125583 
25.02 	 -0.003152929 
25.03 	 -0.003165414 
25.04 	 -0.003163006 
25.05 	 -0.003146523 
25.06 	 -0.00311671 
25.07 	 -0.003074963 
25.08 	 -0.003023249 
25.09 	 -0.00296199 
25.1 	 -0.002890874 
25.11 	 -0.002810972 
25.12 	 -0.002724374 
25.13 	 -0.002633417 
25.14 	 -0.002540503 
25.15 	 -0.002447064 
25.16 	 -0.002352647 
25.17 	 -0.002257292 
25.18 	 -0.002162358 
25.19 	 -0.002066649 
25.2 	 -0.001966891 
25.21 	 -0.001861103 
25.22 	 -0.001748893 
25.23 	 -0.001630415 
25.24 	 -0.001504358 
25.25 	 -0.001368171 
25.26 	 -0.001220783 
25.27 	 -0.001063847 
25.28 	 -0.0009000565 
25.29 	 -0.0007305423 
25.3 	 -0.0005561954 
25.31 	 -0.0003810971 
25.32 	 -0.0002103131 
25.33 	 -4.69065e-05 
25.34 	 0.0001071754 
25.35 	 0.0002516108 
25.36 	 0.0003879307 
25.37 	 0.0005172764 
25.38 	 0.0006398149 
25.39 	 0.0007561214 
25.4 	 0.0008662679 
25.41 	 0.0009695304 
25.42 	 0.001066457 
25.43 	 0.001158921 
25.44 	 0.001247504 
25.45 	 0.001331238 
25.46 	 0.001409577 
25.47 	 0.001482951 
25.48 	 0.001553765 
25.49 	 0.001625404 
25.5 	 0.001698943 
25.51 	 0.001772849 
25.52 	 0.001845224 
25.53 	 0.001913737 
25.54 	 0.001975157 
25.55 	 0.002026533 
25.56 	 0.002065291 
25.57 	 0.002089529 
25.58 	 0.002099904 
25.59 	 0.002099463 
25.6 	 0.002089968 
25.61 	 0.002070934 
25.62 	 0.002042071 
25.63 	 0.00200375 
25.64 	 0.001955649 
25.65 	 0.001898831 
25.66 	 0.001836782 
25.67 	 0.001770321 
25.68 	 0.001698276 
25.69 	 0.001621526 
25.7 	 0.001540873 
25.71 	 0.001455887 
25.72 	 0.001367672 
25.73 	 0.001279556 
25.74 	 0.00119457 
25.75 	 0.00111522 
25.76 	 0.001044099 
25.77 	 0.0009820964 
25.78 	 0.0009279968 
25.79 	 0.0008809409 
25.8 	 0.0008401566 
25.81 	 0.0008031117 
25.82 	 0.0007667438 
25.83 	 0.0007300371 
25.84 	 0.0006943646 
25.85 	 0.0006616896 
25.86 	 0.0006334714 
25.87 	 0.0006083799 
25.88 	 0.0005837428 
25.89 	 0.0005592581 
25.9 	 0.0005359501 
25.91 	 0.0005149979 
25.92 	 0.0004971737 
25.93 	 0.0004834426 
25.94 	 0.0004734187 
25.95 	 0.0004639466 
25.96 	 0.0004521651 
25.97 	 0.000435402 
25.98 	 0.0004122091 
25.99 	 0.0003839058 
26.0 	 0.0003518681 
26.01 	 0.0003170342 
26.02 	 0.0002800623 
26.03 	 0.0002409735 
26.04 	 0.0002006749 
26.05 	 0.0001611567 
26.06 	 0.0001241293 
26.07 	 8.839451e-05 
26.08 	 5.084411e-05 
26.09 	 1.078706e-05 
26.1 	 -3.175157e-05 
26.11 	 -7.791385e-05 
26.12 	 -0.0001289499 
26.13 	 -0.0001863027 
26.14 	 -0.0002505793 
26.15 	 -0.0003201836 
26.16 	 -0.000391417 
26.17 	 -0.0004617372 
26.18 	 -0.0005320352 
26.19 	 -0.0006038541 
26.2 	 -0.0006788841 
26.21 	 -0.0007600074 
26.22 	 -0.0008497203 
26.23 	 -0.0009490657 
26.24 	 -0.001059671 
26.25 	 -0.001183194 
26.26 	 -0.001318353 
26.27 	 -0.001464163 
26.28 	 -0.001619943 
26.29 	 -0.001780953 
26.3 	 -0.001940841 
26.31 	 -0.002094583 
26.32 	 -0.002238147 
26.33 	 -0.002369248 
26.34 	 -0.002486712 
26.35 	 -0.002589622 
26.36 	 -0.002677757 
26.37 	 -0.002751428 
26.38 	 -0.002810108 
26.39 	 -0.002851164 
26.4 	 -0.002871902 
26.41 	 -0.002870891 
26.42 	 -0.002847861 
26.43 	 -0.002804462 
26.44 	 -0.00274403 
26.45 	 -0.002670621 
26.46 	 -0.002587132 
26.47 	 -0.002494264 
26.48 	 -0.002390523 
26.49 	 -0.002273667 
26.5 	 -0.002142901 
26.51 	 -0.001999077 
26.52 	 -0.001844185 
26.53 	 -0.001679315 
26.54 	 -0.001505014 
26.55 	 -0.001324046 
26.56 	 -0.001140318 
26.57 	 -0.0009573328 
26.58 	 -0.0007779465 
26.59 	 -0.0006039092 
26.6 	 -0.000436687 
26.61 	 -0.000278493 
26.62 	 -0.0001304303 
26.63 	 7.972079e-06 
26.64 	 0.0001368143 
26.65 	 0.0002568786 
26.66 	 0.000369286 
26.67 	 0.0004725795 
26.68 	 0.0005642329 
26.69 	 0.0006441101 
26.7 	 0.0007137264 
26.71 	 0.000774179 
26.72 	 0.000825514 
26.73 	 0.0008685965 
26.74 	 0.0009050767 
26.75 	 0.0009346617 
26.76 	 0.0009572125 
26.77 	 0.0009739282 
26.78 	 0.0009851081 
26.79 	 0.0009908791 
26.8 	 0.0009919804 
26.81 	 0.000988668 
26.82 	 0.0009813612 
26.83 	 0.000971514 
26.84 	 0.0009609257 
26.85 	 0.0009510496 
26.86 	 0.0009421457 
26.87 	 0.0009322239 
26.88 	 0.000918954 
26.89 	 0.0009032781 
26.9 	 0.0008876485 
26.91 	 0.0008729344 
26.92 	 0.0008581927 
26.93 	 0.0008415584 
26.94 	 0.0008225283 
26.95 	 0.0008017006 
26.96 	 0.0007795055 
26.97 	 0.0007550458 
26.98 	 0.0007279695 
26.99 	 0.0007010521 
27.0 	 0.0006759891 
27.01 	 0.0006518972 
27.02 	 0.0006284601 
27.03 	 0.0006053991 
27.04 	 0.0005813073 
27.05 	 0.0005563295 
27.06 	 0.0005317434 
27.07 	 0.0005069747 
27.08 	 0.000479832 
27.09 	 0.000447256 
27.1 	 0.0004062421 
27.11 	 0.0003566671 
27.12 	 0.0003028531 
27.13 	 0.0002493277 
27.14 	 0.0001969921 
27.15 	 0.0001462472 
27.16 	 9.967017e-05 
27.17 	 5.934182e-05 
27.18 	 2.759913e-05 
27.19 	 8.783124e-06 
27.2 	 5.989726e-06 
27.21 	 1.951339e-05 
27.22 	 4.871839e-05 
27.23 	 9.376439e-05 
27.24 	 0.0001541911 
27.25 	 0.0002287244 
27.26 	 0.0003164522 
27.27 	 0.0004154869 
27.28 	 0.0005241547 
27.29 	 0.000643179 
27.3 	 0.0007733384 
27.31 	 0.0009132789 
27.32 	 0.001060402 
27.33 	 0.001210427 
27.34 	 0.001358092 
27.35 	 0.001499639 
27.36 	 0.001633284 
27.37 	 0.001756923 
27.38 	 0.00186784 
27.39 	 0.00196622 
27.4 	 0.002053033 
27.41 	 0.002126804 
27.42 	 0.002185749 
27.43 	 0.002229677 
27.44 	 0.002259302 
27.45 	 0.002276018 
27.46 	 0.002282351 
27.47 	 0.002279761 
27.48 	 0.002269686 
27.49 	 0.002256186 
27.5 	 0.002241817 
27.51 	 0.002225119 
27.52 	 0.002204473 
27.53 	 0.002179499 
27.54 	 0.002150054 
27.55 	 0.002115168 
27.56 	 0.002073395 
27.57 	 0.00202453 
27.58 	 0.001969566 
27.59 	 0.001910438 
27.6 	 0.001848834 
27.61 	 0.001786023 
27.62 	 0.001723877 
27.63 	 0.00166391 
27.64 	 0.001606663 
27.65 	 0.00155308 
27.66 	 0.001503835 
27.67 	 0.00145682 
27.68 	 0.001409549 
27.69 	 0.001361908 
27.7 	 0.001312865 
27.71 	 0.001258391 
27.72 	 0.001194678 
27.73 	 0.001120991 
27.74 	 0.001037666 
27.75 	 0.0009438869 
27.76 	 0.0008390451 
27.77 	 0.000723166 
27.78 	 0.0005968561 
27.79 	 0.000461993 
27.8 	 0.0003201869 
27.81 	 0.0001723253 
27.82 	 2.044156e-05 
27.83 	 -0.0001331658 
27.84 	 -0.0002871346 
27.85 	 -0.000440415 
27.86 	 -0.0005914658 
27.87 	 -0.0007382926 
27.88 	 -0.0008798451 
27.89 	 -0.001015421 
27.9 	 -0.001143344 
27.91 	 -0.001261862 
27.92 	 -0.001370618 
27.93 	 -0.00147046 
27.94 	 -0.001562538 
27.95 	 -0.001647703 
27.96 	 -0.001726501 
27.97 	 -0.001800297 
27.98 	 -0.001869962 
27.99 	 -0.001934119 
28.0 	 -0.0019913 
28.01 	 -0.00204126 
28.02 	 -0.002083534 
28.03 	 -0.002117337 
28.04 	 -0.002142774 
28.05 	 -0.002160298 
28.06 	 -0.002170248 
28.07 	 -0.002173819 
28.08 	 -0.002171897 
28.09 	 -0.002163955 
28.1 	 -0.002149845 
28.11 	 -0.002130552 
28.12 	 -0.002106889 
28.13 	 -0.002079384 
28.14 	 -0.002048699 
28.15 	 -0.00201458 
28.16 	 -0.001976033 
28.17 	 -0.001933155 
28.18 	 -0.001887185 
28.19 	 -0.001839032 
28.2 	 -0.001789492 
28.21 	 -0.001740049 
28.22 	 -0.001692534 
28.23 	 -0.001647978 
28.24 	 -0.001606039 
28.25 	 -0.001565976 
28.26 	 -0.001527127 
28.27 	 -0.001489182 
28.28 	 -0.001451794 
28.29 	 -0.001413832 
28.3 	 -0.001374434 
28.31 	 -0.001333436 
28.32 	 -0.001290837 
28.33 	 -0.001246683 
28.34 	 -0.001201048 
28.35 	 -0.001153892 
28.36 	 -0.001105195 
28.37 	 -0.001055409 
28.38 	 -0.00100499 
28.39 	 -0.0009537474 
28.4 	 -0.0009012342 
28.41 	 -0.000847633 
28.42 	 -0.0007935386 
28.43 	 -0.0007390009 
28.44 	 -0.0006837139 
28.45 	 -0.0006274417 
28.46 	 -0.0005703538 
28.47 	 -0.0005133002 
28.48 	 -0.0004564924 
28.49 	 -0.0003991165 
28.5 	 -0.0003411258 
28.51 	 -0.0002831909 
28.52 	 -0.0002256107 
28.53 	 -0.0001689553 
28.54 	 -0.0001149913 
28.55 	 -6.492843e-05 
28.56 	 -1.776168e-05 
28.57 	 2.748855e-05 
28.58 	 7.059708e-05 
28.59 	 0.000111297 
28.6 	 0.0001493441 
28.61 	 0.0001842266 
28.62 	 0.000215408 
28.63 	 0.0002426292 
28.64 	 0.000265952 
28.65 	 0.0002855173 
28.66 	 0.0003012768 
28.67 	 0.0003127774 
28.68 	 0.0003195807 
28.69 	 0.000321877 
28.7 	 0.0003199753 
28.71 	 0.0003139867 
28.72 	 0.000304162 
28.73 	 0.0002911738 
28.74 	 0.0002760255 
28.75 	 0.0002593543 
28.76 	 0.0002413867 
28.77 	 0.0002223293 
28.78 	 0.0002023373 
28.79 	 0.0001816707 
28.8 	 0.0001606748 
28.81 	 0.0001394787 
28.82 	 0.0001182005 
28.83 	 9.70692e-05 
28.84 	 7.631038e-05 
28.85 	 5.615896e-05 
28.86 	 3.678561e-05 
28.87 	 1.825558e-05 
28.88 	 5.917752e-07 
28.89 	 -1.609561e-05 
28.9 	 -3.151121e-05 
28.91 	 -4.543469e-05 
28.92 	 -5.803716e-05 
28.93 	 -6.961038e-05 
28.94 	 -8.026236e-05 
28.95 	 -8.999494e-05 
28.96 	 -9.885086e-05 
28.97 	 -0.0001069882 
28.98 	 -0.0001144456 
28.99 	 -0.0001210536 
29.0 	 -0.000126697 
29.01 	 -0.0001313292 
29.02 	 -0.0001349136 
29.03 	 -0.0001374449 
29.04 	 -0.0001389025 
29.05 	 -0.0001392839 
29.06 	 -0.0001386968 
29.07 	 -0.0001373448 
29.08 	 -0.0001353763 
29.09 	 -0.0001328039 
29.1 	 -0.0001296416 
29.11 	 -0.0001259792 
29.12 	 -0.000121907 
29.13 	 -0.0001174915 
29.14 	 -0.0001127931 
29.15 	 -0.0001078359 
29.16 	 -0.0001025974 
29.17 	 -9.712825e-05 
29.18 	 -9.156015e-05 
29.19 	 -8.594836e-05 
29.2 	 -8.026505e-05 
29.21 	 -7.453646e-05 
29.22 	 -6.883686e-05 
29.23 	 -6.318824e-05 
29.24 	 -5.758255e-05 
29.25 	 -5.204298e-05 
29.26 	 -4.660436e-05 
29.27 	 -4.130353e-05 
29.28 	 -3.619622e-05 
29.29 	 -3.131909e-05 
29.3 	 -2.669765e-05 
29.31 	 -2.235984e-05 
29.32 	 -1.830468e-05 
29.33 	 -1.452383e-05 
29.34 	 -1.101279e-05 
29.35 	 -7.763694e-06 
29.36 	 -4.770497e-06 
29.37 	 -2.032259e-06 
29.38 	 4.449869e-07 
29.39 	 2.663003e-06 
29.4 	 4.63628e-06 
29.41 	 6.378235e-06 
29.42 	 7.891302e-06 
29.43 	 9.181459e-06 
29.44 	 1.026165e-05 
29.45 	 1.11377e-05 
29.46 	 1.181966e-05 
29.47 	 1.232057e-05 
29.48 	 1.26548e-05 
29.49 	 1.285203e-05 
29.5 	 1.294148e-05 
29.51 	 1.293871e-05 
29.52 	 1.285677e-05 
29.53 	 1.271098e-05 
29.54 	 1.251382e-05 
29.55 	 1.227658e-05 
29.56 	 1.201482e-05 
29.57 	 1.174272e-05 
29.58 	 1.14687e-05 
29.59 	 1.119931e-05 
29.6 	 1.094053e-05 
29.61 	 1.069366e-05 
29.62 	 1.045676e-05 
29.63 	 1.022959e-05 
29.64 	 1.001176e-05 
29.65 	 9.80319e-06 
29.66 	 9.604385e-06 
29.67 	 9.413163e-06 
29.68 	 9.226519e-06 
29.69 	 9.043131e-06 
29.7 	 8.862471e-06 
29.71 	 8.683496e-06 
29.72 	 8.504462e-06 
29.73 	 8.324312e-06 
29.74 	 8.143485e-06 
29.75 	 7.963025e-06 
29.76 	 7.783808e-06 
29.77 	 7.606446e-06 
29.78 	 7.431647e-06 
29.79 	 7.26034e-06 
29.8 	 7.093209e-06 
29.81 	 6.930622e-06 
29.82 	 6.772965e-06 
29.83 	 6.620733e-06 
29.84 	 6.474496e-06 
29.85 	 6.334861e-06 
29.86 	 6.202394e-06 
29.87 	 6.077603e-06 
29.88 	 5.961007e-06 
29.89 	 5.853153e-06 
29.9 	 5.754596e-06 
29.91 	 5.665881e-06 
29.92 	 5.587538e-06 
29.93 	 5.520112e-06 
29.94 	 5.46417e-06 
29.95 	 5.42031e-06 
29.96 	 5.389167e-06 
29.97 	 5.371415e-06 
29.98 	 5.367771e-06 
29.99 	 5.37899e-06 
