0.0 	 0.0
0.001 	 0.0
0.002 	 -0.0
0.003 	 0.0
0.004 	 -0.0
0.005 	 -0.0
0.006 	 0.0
0.007 	 -0.0
0.008 	 -0.0
0.009 	 0.0
0.01 	 0.0
0.011 	 -0.0
0.012 	 -0.0
0.013 	 0.0
0.014 	 0.0
0.015 	 0.0
0.016 	 -0.0
0.017 	 -0.0
0.018 	 0.0
0.019 	 0.0
0.02 	 0.0
0.021 	 -0.0
0.022 	 -0.0
0.023 	 -0.0
0.024 	 0.0
0.025 	 0.0
0.026 	 0.0
0.027 	 -0.0
0.028 	 -0.0
0.029 	 -0.0
0.03 	 0.0
0.031 	 0.0
0.032 	 0.0
0.033 	 -0.0
0.034 	 -0.0
0.035 	 -0.0
0.036 	 0.0
0.037 	 0.0
0.038 	 0.0
0.039 	 -0.0
0.04 	 -0.0
0.041 	 -0.0
0.042 	 -0.0
0.043 	 0.0
0.044 	 0.0
0.045 	 0.0
0.046 	 -0.0
0.047 	 -0.0
0.048 	 -0.0
0.049 	 -0.0
0.05 	 0.0
0.051 	 0.0
0.052 	 0.0
0.053 	 0.0
0.054 	 -0.0
0.055 	 -0.0
0.056 	 -0.0
0.057 	 -0.0
0.058 	 0.0
0.059 	 0.0
0.06 	 0.0
0.061 	 0.0
0.062 	 -0.0
0.063 	 -0.0
0.064 	 -0.0
0.065 	 -0.0
0.066 	 0.0
0.067 	 0.0
0.068 	 0.0
0.069 	 0.0
0.07 	 -0.0
0.071 	 -0.0
0.072 	 -0.0
0.073 	 -0.0
0.074 	 0.0
0.075 	 0.0
0.076 	 0.0
0.077 	 0.0
0.078 	 0.0
0.079 	 -0.0
0.08 	 -0.0
0.081 	 -0.0
0.082 	 -0.0
0.083 	 0.0
0.084 	 0.0
0.085 	 0.0
0.086 	 0.0
0.087 	 0.0
0.088 	 -0.0
0.089 	 -0.0
0.09 	 -0.0
0.091 	 -0.0
0.092 	 0.0
0.093 	 0.0
0.094 	 0.0
0.095 	 0.0
0.096 	 0.0
0.097 	 -0.0
0.098 	 -0.0
0.099 	 -0.0
0.1 	 -0.0
0.101 	 -0.0
0.102 	 0.0
0.103 	 0.0
0.104 	 0.0
0.105 	 0.0
0.106 	 0.0
0.107 	 -0.0
0.108 	 -0.0
0.109 	 -0.0
0.11 	 -0.0
0.111 	 -0.0
0.112 	 0.0
0.113 	 0.0
0.114 	 0.0
0.115 	 0.0
0.116 	 0.0
0.117 	 -0.0
0.118 	 -0.0
0.119 	 -0.0
0.12 	 -0.0
0.121 	 -0.0
0.122 	 0.0
0.123 	 0.0
0.124 	 0.0
0.125 	 0.0
0.126 	 0.0
0.127 	 -0.0
0.128 	 -0.0
0.129 	 -0.0
0.13 	 -0.0
0.131 	 -0.0
0.132 	 -0.0
0.133 	 0.0
0.134 	 0.0
0.135 	 0.0
0.136 	 0.0
0.137 	 0.0
0.138 	 -0.0
0.139 	 -0.0
0.14 	 -0.0
0.141 	 -0.0
0.142 	 -0.0
0.143 	 -0.0
0.144 	 0.0
0.145 	 0.0
0.146 	 0.0
0.147 	 0.0
0.148 	 0.0
0.149 	 -0.0
0.15 	 -0.0
0.151 	 -0.0
0.152 	 -0.0
0.153 	 -0.0
0.154 	 -0.0
0.155 	 0.0
0.156 	 0.0
0.157 	 0.0
0.158 	 0.0
0.159 	 0.0
0.16 	 0.0
0.161 	 -0.0
0.162 	 -0.0
0.163 	 -0.0
0.164 	 -0.0
0.165 	 -0.0
0.166 	 -0.0
0.167 	 0.0
0.168 	 0.0
0.169 	 0.0
0.17 	 0.0
0.171 	 0.0
0.172 	 0.0
0.173 	 -0.0
0.174 	 -0.0
0.175 	 -0.0
0.176 	 -0.0
0.177 	 -0.0
0.178 	 -0.0
0.179 	 0.0
0.18 	 0.0
0.181 	 0.0
0.182 	 0.0
0.183 	 0.0
0.184 	 0.0
0.185 	 -0.0
0.186 	 -0.0
0.187 	 -0.0
0.188 	 -0.0
0.189 	 -0.0
0.19 	 -0.0
0.191 	 0.0
0.192 	 0.0
0.193 	 0.0
0.194 	 0.0
0.195 	 0.0
0.196 	 0.0
0.197 	 0.0
0.198 	 -0.0
0.199 	 -0.0
0.2 	 -0.0
0.201 	 -0.0
0.202 	 -0.0
0.203 	 -0.0
0.204 	 0.0
0.205 	 0.0
0.206 	 0.0
0.207 	 0.0
0.208 	 0.0
0.209 	 0.0
0.21 	 0.0
0.211 	 -0.0
0.212 	 -0.0
0.213 	 -0.0
0.214 	 -0.0
0.215 	 -0.0
0.216 	 -0.0
0.217 	 0.0
0.218 	 0.0
0.219 	 0.0
0.22 	 0.0
0.221 	 0.0
0.222 	 0.0
0.223 	 0.0
0.224 	 -0.0
0.225 	 -0.0
0.226 	 -0.0
0.227 	 -0.0
0.228 	 -0.0
0.229 	 -0.0
0.23 	 -0.0
0.231 	 0.0
0.232 	 0.0
0.233 	 0.0
0.234 	 0.0
0.235 	 0.0
0.236 	 0.0
0.237 	 0.0
0.238 	 -0.0
0.239 	 -0.0
0.24 	 -0.0
0.241 	 -0.0
0.242 	 -0.0
0.243 	 -0.0
0.244 	 -0.0
0.245 	 0.0
0.246 	 0.0
0.247 	 0.0
0.248 	 0.0
0.249 	 0.0
0.25 	 0.0
0.251 	 0.0
0.252 	 -0.0
0.253 	 -0.0
0.254 	 -0.0
0.255 	 -0.0
0.256 	 -0.0
0.257 	 -0.0
0.258 	 -0.0
0.259 	 0.0
0.26 	 0.0
0.261 	 0.0
0.262 	 0.0
0.263 	 0.0
0.264 	 0.0
0.265 	 0.0
0.266 	 -0.0
0.267 	 -0.0
0.268 	 -0.0
0.269 	 -0.0
0.27 	 -0.0
0.271 	 -0.0
0.272 	 -0.0
0.273 	 -0.0
0.274 	 0.0
0.275 	 0.0
0.276 	 0.0
0.277 	 0.0
0.278 	 0.0
0.279 	 0.0
0.28 	 0.0
0.281 	 -0.0
0.282 	 -0.0
0.283 	 -0.0
0.284 	 -0.0
0.285 	 -0.0
0.286 	 -0.0
0.287 	 -0.0
0.288 	 -0.0
0.289 	 0.0
0.29 	 0.0
0.291 	 0.0
0.292 	 0.0
0.293 	 0.0
0.294 	 0.0
0.295 	 0.0
0.296 	 -0.0
0.297 	 -0.0
0.298 	 -0.0
0.299 	 -0.0
0.3 	 -0.0
0.301 	 -0.0
0.302 	 -0.0
0.303 	 -0.0
0.304 	 0.0
0.305 	 0.0
0.306 	 0.0
0.307 	 0.0
0.308 	 0.0
0.309 	 0.0
0.31 	 0.0
0.311 	 0.0
0.312 	 -0.0
0.313 	 -0.0
0.314 	 -0.0
0.315 	 -0.0
0.316 	 -0.0
0.317 	 -0.0
0.318 	 -0.0
0.319 	 -0.0
0.32 	 0.0
0.321 	 0.0
0.322 	 0.0
0.323 	 0.0
0.324 	 0.0
0.325 	 0.0
0.326 	 0.0
0.327 	 0.0
0.328 	 -0.0
0.329 	 -0.0
0.33 	 -0.0
0.331 	 -0.0
0.332 	 -0.0
0.333 	 -0.0
0.334 	 -0.0
0.335 	 -0.0
0.336 	 0.0
0.337 	 0.0
0.338 	 0.0
0.339 	 0.0
0.34 	 0.0
0.341 	 0.0
0.342 	 0.0
0.343 	 0.0
0.344 	 -0.0
0.345 	 -0.0
0.346 	 -0.0
0.347 	 -0.0
0.348 	 -0.0
0.349 	 -0.0
0.35 	 -0.0
0.351 	 -0.0
0.352 	 0.0
0.353 	 0.0
0.354 	 0.0
0.355 	 0.0
0.356 	 0.0
0.357 	 0.0
0.358 	 0.0
0.359 	 0.0
0.36 	 0.0
0.361 	 -0.0
0.362 	 -0.0
0.363 	 -0.0
0.364 	 -0.0
0.365 	 -0.0
0.366 	 -0.0
0.367 	 -0.0
0.368 	 -0.0
0.369 	 0.0
0.37 	 0.0
0.371 	 0.0
0.372 	 0.0
0.373 	 0.0
0.374 	 0.0
0.375 	 0.0
0.376 	 0.0
0.377 	 0.0
0.378 	 -0.0
0.379 	 -0.0
0.38 	 -0.0
0.381 	 -0.0
0.382 	 -0.0
0.383 	 -0.0
0.384 	 -0.0
0.385 	 -0.0
0.386 	 0.0
0.387 	 0.0
0.388 	 1.4013e-45
0.389 	 1.4013e-45
0.39 	 2.8026e-45
0.391 	 2.8026e-45
0.392 	 2.8026e-45
0.393 	 1.4013e-45
0.394 	 0.0
0.395 	 -1.4013e-45
0.396 	 -5.60519e-45
0.397 	 -9.80909e-45
0.398 	 -1.4013e-44
0.399 	 -1.82169e-44
0.4 	 -2.10195e-44
0.401 	 -1.96182e-44
0.402 	 -1.4013e-44
0.403 	 -2.8026e-45
0.404 	 1.82169e-44
0.405 	 4.48416e-44
0.406 	 7.84727e-44
0.407 	 1.14906e-43
0.408 	 1.45735e-43
0.409 	 1.63952e-43
0.41 	 1.54143e-43
0.411 	 1.03696e-43
0.412 	 1.4013e-45
0.413 	 -1.61149e-43
0.414 	 -3.82554e-43
0.415 	 -6.48801e-43
0.416 	 -9.26258e-43
0.417 	 -1.16308e-42
0.418 	 -1.28219e-42
0.419 	 -1.1897e-42
0.42 	 -7.86128e-43
0.421 	 2.10195e-44
0.422 	 1.28779e-42
0.423 	 3.00298e-42
0.424 	 5.05448e-42
0.425 	 7.19427e-42
0.426 	 9.01315e-42
0.427 	 9.94502e-42
0.428 	 9.29061e-42
0.429 	 6.29323e-42
0.43 	 2.69049e-43
0.431 	 -9.21354e-42
0.432 	 -2.20985e-41
0.433 	 -3.75926e-41
0.434 	 -5.39164e-41
0.435 	 -6.81325e-41
0.436 	 -7.61199e-41
0.437 	 -7.2768e-41
0.438 	 -5.2494e-41
0.439 	 -1.0123e-41
0.44 	 5.78246e-41
0.441 	 1.5151e-40
0.442 	 2.65934e-40
0.443 	 3.89156e-40
0.444 	 5.00964e-40
0.445 	 5.72478e-40
0.446 	 5.67296e-40
0.447 	 4.44761e-40
0.448 	 1.65803e-40
0.449 	 -2.98404e-40
0.45 	 -9.55234e-40
0.451 	 -1.77771e-39
0.452 	 -2.69154e-39
0.453 	 -3.56467e-39
0.454 	 -4.20269e-39
0.455 	 -4.35392e-39
0.456 	 -3.72859e-39
0.457 	 -2.03526e-39
0.458 	 9.63192e-40
0.459 	 5.37503e-39
0.46 	 1.10911e-38
0.461 	 1.76923e-38
0.462 	 2.43685e-38
0.463 	 2.98706e-38
0.464 	 3.25219e-38
0.465 	 3.03171e-38
0.466 	 2.1134e-38
0.467 	 3.07769e-39
0.468 	 -2.5043e-38
0.469 	 -6.31275e-38
0.47 	 -1.09139e-37
0.471 	 -1.58494e-37
0.472 	 -2.03621e-37
0.473 	 -2.33849e-37
0.474 	 -2.35825e-37
0.475 	 -1.94634e-37
0.476 	 -9.57814e-38
0.477 	 7.19119e-38
0.478 	 3.12558e-37
0.479 	 6.1888e-37
0.48 	 9.67804e-37
0.481 	 1.31675e-36
0.482 	 1.60163e-36
0.483 	 1.73778e-36
0.484 	 1.62506e-36
0.485 	 1.15835e-36
0.486 	 2.44085e-37
0.487 	 -1.17704e-36
0.488 	 -3.10244e-36
0.489 	 -5.43739e-36
0.49 	 -7.96646e-36
0.491 	 -1.03326e-35
0.492 	 -1.20308e-35
0.493 	 -1.24257e-35
0.494 	 -1.08001e-35
0.495 	 -6.44206e-36
0.496 	 1.22671e-36
0.497 	 1.24839e-35
0.498 	 2.71111e-35
0.499 	 4.41915e-35
0.5 	 6.19309e-35
0.501 	 7.75466e-35
0.502 	 8.72738e-35
0.503 	 8.65456e-35
0.504 	 7.03985e-35
0.505 	 3.41387e-35
0.506 	 -2.57191e-35
0.507 	 -1.10274e-34
0.508 	 -2.16912e-34
0.509 	 -3.3798e-34
0.51 	 -4.59697e-34
0.511 	 -5.61589e-34
0.512 	 -6.16794e-34
0.513 	 -5.9359e-34
0.514 	 -4.5846e-34
0.515 	 -1.80899e-34
0.516 	 2.6004e-34
0.517 	 8.67742e-34
0.518 	 1.61924e-33
0.519 	 2.45671e-33
0.52 	 3.28086e-33
0.521 	 3.94806e-33
0.522 	 4.27359e-33
0.523 	 4.04304e-33
0.524 	 3.03401e-33
0.525 	 1.04893e-33
0.526 	 -2.04098e-33
0.527 	 -6.24298e-33
0.528 	 -1.13857e-32
0.529 	 -1.70653e-32
0.53 	 -2.26042e-32
0.531 	 -2.70365e-32
0.532 	 -2.91323e-32
0.533 	 -2.74761e-32
0.534 	 -2.06106e-32
0.535 	 -7.25171e-33
0.536 	 1.3427e-32
0.537 	 4.14556e-32
0.538 	 7.57035e-32
0.539 	 1.13537e-31
0.54 	 1.50563e-31
0.541 	 1.80533e-31
0.542 	 1.95505e-31
0.543 	 1.86335e-31
0.544 	 1.4358e-31
0.545 	 5.88497e-32
0.546 	 -7.34166e-32
0.547 	 -2.53823e-31
0.548 	 -4.75732e-31
0.549 	 -7.23096e-31
0.55 	 -9.68803e-31
0.551 	 -1.174e-30
0.552 	 -1.28893e-30
0.553 	 -1.25584e-30
0.554 	 -1.01432e-30
0.555 	 -5.09458e-31
0.556 	 2.97431e-31
0.557 	 1.41578e-30
0.558 	 2.81169e-30
0.559 	 4.39423e-30
0.56 	 6.00467e-30
0.561 	 7.41109e-30
0.562 	 8.31194e-30
0.563 	 8.35143e-30
0.564 	 7.14971e-30
0.565 	 4.34949e-30
0.566 	 -3.20975e-31
0.567 	 -6.97076e-30
0.568 	 -1.54608e-29
0.569 	 -2.53192e-29
0.57 	 -3.56695e-29
0.571 	 -4.51896e-29
0.572 	 -5.21178e-29
0.573 	 -5.43268e-29
0.574 	 -4.9482e-29
0.575 	 -3.52963e-29
0.576 	 -9.88427e-30
0.577 	 2.77947e-29
0.578 	 7.74324e-29
0.579 	 1.36854e-28
0.58 	 2.01556e-28
0.581 	 2.64389e-28
0.582 	 3.15496e-28
0.583 	 3.426e-28
0.584 	 3.3178e-28
0.585 	 2.68774e-28
0.586 	 1.40885e-28
0.587 	 -6.05686e-29
0.588 	 -3.37374e-28
0.589 	 -6.81351e-28
0.59 	 -1.07144e-27
0.591 	 -1.47142e-27
0.592 	 -1.82889e-27
0.593 	 -2.076e-27
0.594 	 -2.13281e-27
0.595 	 -1.9135e-27
0.596 	 -1.33608e-27
0.597 	 -3.35286e-28
0.598 	 1.12156e-27
0.599 	 3.01697e-27
0.6 	 5.26562e-27
0.601 	 7.69904e-27
0.602 	 1.00557e-26
0.603 	 1.19798e-26
0.604 	 1.30331e-26
0.605 	 1.27216e-26
0.606 	 1.05416e-26
0.607 	 6.04439e-27
0.608 	 -1.08129e-27
0.609 	 -1.09125e-26
0.61 	 -2.31898e-26
0.611 	 -3.72208e-26
0.612 	 -5.18036e-26
0.613 	 -6.51903e-26
0.614 	 -7.51086e-26
0.615 	 -7.88629e-26
0.616 	 -7.35302e-26
0.617 	 -5.62621e-26
0.618 	 -2.46936e-26
0.619 	 2.25573e-26
0.62 	 8.53265e-26
0.621 	 1.61332e-25
0.622 	 2.45664e-25
0.623 	 3.30423e-25
0.624 	 4.04619e-25
0.625 	 4.54432e-25
0.626 	 4.63947e-25
0.627 	 4.16435e-25
0.628 	 2.96224e-25
0.629 	 9.11403e-26
0.63 	 -2.04594e-25
0.631 	 -5.872e-25
0.632 	 -1.04024e-24
0.633 	 -1.53198e-24
0.634 	 -2.01375e-24
0.635 	 -2.41987e-24
0.636 	 -2.66967e-24
0.637 	 -2.67231e-24
0.638 	 -2.3345e-24
0.639 	 -1.57154e-24
0.64 	 -3.21206e-25
0.641 	 1.44002e-24
0.642 	 3.67974e-24
0.643 	 6.2931e-24
0.644 	 9.08946e-24
0.645 	 1.17849e-23
0.646 	 1.40036e-23
0.647 	 1.52916e-23
0.648 	 1.51448e-23
0.649 	 1.30537e-23
0.65 	 8.56464e-24
0.651 	 1.35671e-24
0.652 	 -8.67096e-24
0.653 	 -2.13071e-23
0.654 	 -3.5942e-23
0.655 	 -5.14998e-23
0.656 	 -6.64028e-23
0.657 	 -7.85864e-23
0.658 	 -8.55765e-23
0.659 	 -8.46468e-23
0.66 	 -7.30607e-23
0.661 	 -4.84002e-23
0.662 	 -8.97221e-24
0.663 	 4.57299e-23
0.664 	 1.14547e-22
0.665 	 1.94208e-22
0.666 	 2.7898e-22
0.667 	 3.60495e-22
0.668 	 4.27829e-22
0.669 	 4.67918e-22
0.67 	 4.66369e-22
0.671 	 4.08714e-22
0.672 	 2.82098e-22
0.673 	 7.73693e-23
0.674 	 -2.08561e-22
0.675 	 -5.70266e-22
0.676 	 -9.91503e-22
0.677 	 -1.44342e-21
0.678 	 -1.88361e-21
0.679 	 -2.25645e-21
0.68 	 -2.49507e-21
0.681 	 -2.52537e-21
0.682 	 -2.27212e-21
0.683 	 -1.66739e-21
0.684 	 -6.6084e-22
0.685 	 7.6849e-22
0.686 	 2.59984e-21
0.687 	 4.7591e-21
0.688 	 7.10943e-21
0.689 	 9.4459e-21
0.69 	 1.14963e-20
0.691 	 1.29295e-20
0.692 	 1.33743e-20
0.693 	 1.24473e-20
0.694 	 9.79359e-21
0.695 	 5.13548e-21
0.696 	 -1.67006e-21
0.697 	 -1.0571e-20
0.698 	 -2.12622e-20
0.699 	 -3.3136e-20
0.7 	 -4.52524e-20
0.701 	 -5.63347e-20
0.702 	 -6.48032e-20
0.703 	 -6.88526e-20
0.704 	 -6.65796e-20
0.705 	 -5.61629e-20
0.706 	 -3.60916e-20
0.707 	 -5.43274e-21
0.708 	 3.588e-20
0.709 	 8.676e-20
0.71 	 1.44718e-19
0.711 	 2.05687e-19
0.712 	 2.63963e-19
0.713 	 3.1231e-19
0.714 	 3.42258e-19
0.715 	 3.4464e-19
0.716 	 3.10366e-19
0.717 	 2.3143e-19
0.718 	 1.02122e-19
0.719 	 -7.96311e-20
0.72 	 -3.10906e-19
0.721 	 -5.82529e-19
0.722 	 -8.78111e-19
0.723 	 -1.17355e-18
0.724 	 -1.43723e-18
0.725 	 -1.63104e-18
0.726 	 -1.71242e-18
0.727 	 -1.63755e-18
0.728 	 -1.36559e-18
0.729 	 -8.63909e-19
0.73 	 -1.14094e-19
0.731 	 8.8179e-19
0.732 	 2.09514e-18
0.733 	 3.46571e-18
0.734 	 4.89835e-18
0.735 	 6.26233e-18
0.736 	 7.39421e-18
0.737 	 8.10506e-18
0.738 	 8.19235e-18
0.739 	 7.457e-18
0.74 	 5.72497e-18
0.741 	 2.87282e-18
0.742 	 -1.14444e-18
0.743 	 -6.26526e-18
0.744 	 -1.22962e-17
0.745 	 -1.88928e-17
0.746 	 -2.55496e-17
0.747 	 -3.1605e-17
0.748 	 -3.62621e-17
0.749 	 -3.86305e-17
0.75 	 -3.7789e-17
0.751 	 -3.28705e-17
0.752 	 -2.31652e-17
0.753 	 -8.23877e-18
0.754 	 1.19442e-17
0.755 	 3.69006e-17
0.756 	 6.55269e-17
0.757 	 9.6031e-17
0.758 	 1.25913e-16
0.759 	 1.52011e-16
0.76 	 1.70627e-16
0.761 	 1.77741e-16
0.762 	 1.6932e-16
0.763 	 1.41712e-16
0.764 	 9.21151e-17
0.765 	 1.91002e-17
0.766 	 -7.68644e-17
0.767 	 -1.92921e-16
0.768 	 -3.23429e-16
0.769 	 -4.5974e-16
0.77 	 -5.90196e-16
0.771 	 -7.00424e-16
0.772 	 -7.73989e-16
0.773 	 -7.93406e-16
0.774 	 -7.41556e-16
0.775 	 -6.0344e-16
0.776 	 -3.68221e-16
0.777 	 -3.14146e-17
0.778 	 4.0293e-16
0.779 	 9.20274e-16
0.78 	 1.49412e-15
0.781 	 2.08526e-15
0.782 	 2.6421e-15
0.783 	 3.10219e-15
0.784 	 3.39521e-15
0.785 	 3.44757e-15
0.786 	 3.18848e-15
0.787 	 2.55744e-15
0.788 	 1.51267e-15
0.789 	 4.01418e-17
0.79 	 -1.83775e-15
0.791 	 -4.05453e-15
0.792 	 -6.49418e-15
0.793 	 -8.98882e-15
0.794 	 -1.13207e-14
0.795 	 -1.32294e-14
0.796 	 -1.44247e-14
0.797 	 -1.46058e-14
0.798 	 -1.34866e-14
0.799 	 -1.08258e-14
0.8 	 -6.46089e-15
0.801 	 -3.43904e-16
0.802 	 7.42464e-15
0.803 	 1.65665e-14
0.804 	 2.66053e-14
0.805 	 3.68593e-14
0.806 	 4.64503e-14
0.807 	 5.43345e-14
0.808 	 5.9354e-14
0.809 	 6.03139e-14
0.81 	 5.60806e-14
0.811 	 4.57004e-14
0.812 	 2.8531e-14
0.813 	 4.37834e-15
0.814 	 -2.63735e-14
0.815 	 -6.26511e-14
0.816 	 -1.02616e-13
0.817 	 -1.43638e-13
0.818 	 -1.82331e-13
0.819 	 -2.1467e-13
0.82 	 -2.36192e-13
0.821 	 -2.42279e-13
0.822 	 -2.28534e-13
0.823 	 -1.91223e-13
0.824 	 -1.27769e-13
0.825 	 -3.72609e-14
0.826 	 7.90592e-14
0.827 	 2.17381e-13
0.828 	 3.71036e-13
0.829 	 5.30393e-13
0.83 	 6.82978e-13
0.831 	 8.13885e-13
0.832 	 9.06485e-13
0.833 	 9.43461e-13
0.834 	 9.08146e-13
0.835 	 7.86118e-13
0.836 	 5.66986e-13
0.837 	 2.46238e-13
0.838 	 -1.72983e-13
0.839 	 -6.7834e-13
0.84 	 -1.2472e-12
0.841 	 -1.84618e-12
0.842 	 -2.43145e-12
0.843 	 -2.95006e-12
0.844 	 -3.34235e-12
0.845 	 -3.54543e-12
0.846 	 -3.49778e-12
0.847 	 -3.14481e-12
0.848 	 -2.44503e-12
0.849 	 -1.37656e-12
0.85 	 5.6512e-14
0.851 	 1.81861e-12
0.852 	 3.83844e-12
0.853 	 6.00692e-12
0.854 	 8.17772e-12
0.855 	 1.01711e-11
0.856 	 1.17815e-11
0.857 	 1.27886e-11
0.858 	 1.29724e-11
0.859 	 1.21318e-11
0.86 	 1.01051e-11
0.861 	 6.79214e-12
0.862 	 2.17627e-12
0.863 	 -3.65597e-12
0.864 	 -1.04993e-11
0.865 	 -1.80206e-11
0.866 	 -2.57582e-11
0.867 	 -3.31314e-11
0.868 	 -3.94626e-11
0.869 	 -4.40109e-11
0.87 	 -4.60187e-11
0.871 	 -4.47699e-11
0.872 	 -3.96567e-11
0.873 	 -3.02513e-11
0.874 	 -1.63794e-11
0.875 	 1.8121e-12
0.876 	 2.37991e-11
0.877 	 4.86424e-11
0.878 	 7.49758e-11
0.879 	 1.01026e-10
0.88 	 1.24667e-10
0.881 	 1.43519e-10
0.882 	 1.55084e-10
0.883 	 1.56915e-10
0.884 	 1.46829e-10
0.885 	 1.23125e-10
0.886 	 8.48242e-11
0.887 	 3.18899e-11
0.888 	 -3.4574e-11
0.889 	 -1.12179e-10
0.89 	 -1.97181e-10
0.891 	 -2.84494e-10
0.892 	 -3.67822e-10
0.893 	 -4.39906e-10
0.894 	 -4.92893e-10
0.895 	 -5.18832e-10
0.896 	 -5.10266e-10
0.897 	 -4.60913e-10
0.898 	 -3.66375e-10
0.899 	 -2.24858e-10
0.9 	 -3.78125e-11
0.901 	 1.8954e-10
0.902 	 4.47874e-10
0.903 	 7.23674e-10
0.904 	 9.99461e-10
0.905 	 1.25436e-09
0.906 	 1.46503e-09
0.907 	 1.60699e-09
0.908 	 1.65622e-09
0.909 	 1.5911e-09
0.91 	 1.3945e-09
0.911 	 1.05588e-09
0.912 	 5.73397e-10
0.913 	 -4.43999e-11
0.914 	 -7.77218e-10
0.915 	 -1.59237e-09
0.916 	 -2.44494e-09
0.917 	 -3.27882e-09
0.918 	 -4.0289e-09
0.919 	 -4.6242e-09
0.92 	 -4.99212e-09
0.921 	 -5.06349e-09
0.922 	 -4.77832e-09
0.923 	 -4.0919e-09
0.924 	 -2.98088e-09
0.925 	 -1.44878e-09
0.926 	 4.69446e-10
0.927 	 2.70435e-09
0.928 	 5.15096e-09
0.929 	 7.67017e-09
0.93 	 1.00929e-08
0.931 	 1.2227e-08
0.932 	 1.38676e-08
0.933 	 1.48092e-08
0.934 	 1.48607e-08
0.935 	 1.3862e-08
0.936 	 1.17006e-08
0.937 	 8.32768e-09
0.938 	 3.77303e-09
0.939 	 -1.84411e-09
0.94 	 -8.30829e-09
0.941 	 -1.5307e-08
0.942 	 -2.24369e-08
0.943 	 -2.92169e-08
0.944 	 -3.51099e-08
0.945 	 -3.95515e-08
0.946 	 -4.19855e-08
0.947 	 -4.19048e-08
0.948 	 -3.88949e-08
0.949 	 -3.26789e-08
0.95 	 -2.3159e-08
0.951 	 -1.04524e-08
0.952 	 5.08176e-09
0.953 	 2.28294e-08
0.954 	 4.19232e-08
0.955 	 6.12629e-08
0.956 	 7.95551e-08
0.957 	 9.53727e-08
0.958 	 1.07233e-07
0.959 	 1.13693e-07
0.96 	 1.13453e-07
0.961 	 1.05472e-07
0.962 	 8.90744e-08
0.963 	 6.40599e-08
0.964 	 3.0784e-08
0.965 	 -9.779e-09
0.966 	 -5.60096e-08
0.967 	 -1.05656e-07
0.968 	 -1.55893e-07
0.969 	 -2.03431e-07
0.97 	 -2.44664e-07
0.971 	 -2.75877e-07
0.972 	 -2.93475e-07
0.973 	 -2.94246e-07
0.974 	 -2.75636e-07
0.975 	 -2.36013e-07
0.976 	 -1.74914e-07
0.977 	 -9.32418e-08
0.978 	 6.59854e-09
0.979 	 1.20647e-07
0.98 	 2.43433e-07
0.981 	 3.68129e-07
0.982 	 4.86812e-07
0.983 	 5.90841e-07
0.984 	 6.71328e-07
0.985 	 7.19698e-07
0.986 	 7.28295e-07
0.987 	 6.91015e-07
0.988 	 6.03919e-07
0.989 	 4.65789e-07
0.99 	 2.7857e-07
0.991 	 4.76655e-08
0.992 	 -2.17953e-07
0.993 	 -5.05864e-07
0.994 	 -8.0055e-07
0.995 	 -1.08401e-06
0.996 	 -1.33659e-06
0.997 	 -1.53807e-06
0.998 	 -1.66889e-06
0.999 	 -1.7115e-06
1.0 	 -1.65174e-06
1.001 	 -1.48022e-06
1.002 	 -1.19345e-06
1.003 	 -7.94904e-07
1.004 	 -2.95557e-07
1.005 	 2.85824e-07
1.006 	 9.22949e-07
1.007 	 1.58277e-06
1.008 	 2.22675e-06
1.009 	 2.81268e-06
1.01 	 3.29692e-06
1.011 	 3.63696e-06
1.012 	 3.79428e-06
1.013 	 3.73726e-06
1.014 	 3.44393e-06
1.015 	 2.90451e-06
1.016 	 2.12342e-06
1.017 	 1.1206e-06
1.018 	 -6.79444e-08
1.019 	 -1.39063e-06
1.02 	 -2.78175e-06
1.021 	 -4.164e-06
1.022 	 -5.45204e-06
1.023 	 -6.55687e-06
1.024 	 -7.39102e-06
1.025 	 -7.87404e-06
1.026 	 -7.93832e-06
1.027 	 -7.53454e-06
1.028 	 -6.63668e-06
1.029 	 -5.24604e-06
1.03 	 -3.39399e-06
1.031 	 -1.14312e-06
1.032 	 1.41338e-06
1.033 	 4.15434e-06
1.034 	 6.93515e-06
1.035 	 9.5943e-06
1.036 	 1.19615e-05
1.037 	 1.3867e-05
1.038 	 1.51523e-05
1.039 	 1.56805e-05
1.04 	 1.53464e-05
1.041 	 1.40865e-05
1.042 	 1.18862e-05
1.043 	 8.78519e-06
1.044 	 4.88037e-06
1.045 	 3.24959e-07
1.046 	 -4.67545e-06
1.047 	 -9.87055e-06
1.048 	 -1.49762e-05
1.049 	 -1.96886e-05
1.05 	 -2.37001e-05
1.051 	 -2.67178e-05
1.052 	 -2.84815e-05
1.053 	 -2.87821e-05
1.054 	 -2.74782e-05
1.055 	 -2.45096e-05
1.056 	 -1.99078e-05
1.057 	 -1.38013e-05
1.058 	 -6.41564e-06
1.059 	 1.93193e-06
1.06 	 1.08442e-05
1.061 	 1.9861e-05
1.062 	 2.84809e-05
1.063 	 3.61878e-05
1.064 	 4.24793e-05
1.065 	 4.68968e-05
1.066 	 4.90555e-05
1.067 	 4.86714e-05
1.068 	 4.55846e-05
1.069 	 3.9777e-05
1.07 	 3.13831e-05
1.071 	 2.06921e-05
1.072 	 8.14135e-06
1.073 	 -5.69875e-06
1.074 	 -2.01492e-05
1.075 	 -3.44544e-05
1.076 	 -4.78199e-05
1.077 	 -5.94556e-05
1.078 	 -6.86208e-05
1.079 	 -7.46684e-05
1.08 	 -7.7087e-05
1.081 	 -7.55375e-05
1.082 	 -6.98807e-05
1.083 	 -6.01967e-05
1.084 	 -4.67909e-05
1.085 	 -3.0189e-05
1.086 	 -1.11179e-05
1.087 	 9.52449e-06
1.088 	 3.07115e-05
1.089 	 5.13391e-05
1.09 	 7.02832e-05
1.091 	 8.64616e-05
1.092 	 9.88953e-05
1.093 	 0.000106767
1.094 	 0.000109472
1.095 	 0.000106661
1.096 	 9.82675e-05
1.097 	 8.45212e-05
1.098 	 6.5947e-05
1.099 	 4.3345e-05
1.1 	 1.77557e-05
1.101 	 -9.58988e-06
1.102 	 -3.73313e-05
1.103 	 -6.40495e-05
1.104 	 -8.83424e-05
1.105 	 -0.000108901
1.106 	 -0.000124583
1.107 	 -0.000134477
1.108 	 -0.000137958
1.109 	 -0.000134724
1.11 	 -0.000124819
1.111 	 -0.000108635
1.112 	 -8.68941e-05
1.113 	 -6.06175e-05
1.114 	 -3.10688e-05
1.115 	 3.09404e-07
1.116 	 3.1972e-05
1.117 	 6.23537e-05
1.118 	 8.99521e-05
1.119 	 0.000113408
1.12 	 0.000131577
1.121 	 0.000143588
1.122 	 0.000148893
1.123 	 0.000147283
1.124 	 0.000138907
1.125 	 0.000124248
1.126 	 0.000104101
1.127 	 7.95185e-05
1.128 	 5.1753e-05
1.129 	 2.21838e-05
1.13 	 -7.75848e-06
1.131 	 -3.66695e-05
1.132 	 -6.32443e-05
1.133 	 -8.63427e-05
1.134 	 -0.000105043
1.135 	 -0.000118682
1.136 	 -0.000126875
1.137 	 -0.000129525
1.138 	 -0.000126811
1.139 	 -0.000119157
1.14 	 -0.000107201
1.141 	 -9.17386e-05
1.142 	 -7.36697e-05
1.143 	 -5.3942e-05
1.144 	 -3.34932e-05
1.145 	 -1.32005e-05
1.146 	 6.1628e-06
1.147 	 2.3959e-05
1.148 	 3.97065e-05
1.149 	 5.30874e-05
1.15 	 6.39423e-05
1.151 	 7.22549e-05
1.152 	 7.8127e-05
1.153 	 8.1748e-05
1.154 	 8.33606e-05
1.155 	 8.32262e-05
1.156 	 8.15946e-05
1.157 	 7.86774e-05
1.158 	 7.46306e-05
1.159 	 6.95453e-05
1.16 	 6.34483e-05
1.161 	 5.6312e-05
1.162 	 4.80716e-05
1.163 	 3.86495e-05
1.164 	 2.79823e-05
1.165 	 1.60497e-05
1.166 	 2.90066e-06
1.167 	 -1.13246e-05
1.168 	 -2.63804e-05
1.169 	 -4.19092e-05
1.17 	 -5.74473e-05
1.171 	 -7.24384e-05
1.172 	 -8.62594e-05
1.173 	 -9.82527e-05
1.174 	 -0.000107766
1.175 	 -0.000114194
1.176 	 -0.000117024
1.177 	 -0.000115872
1.178 	 -0.000110521
1.179 	 -0.000100942
1.18 	 -8.73117e-05
1.181 	 -7.0013e-05
1.182 	 -4.96224e-05
1.183 	 -2.6887e-05
1.184 	 -2.68864e-06
1.185 	 2.20004e-05
1.186 	 4.61688e-05
1.187 	 6.88198e-05
1.188 	 8.90253e-05
1.189 	 0.000105975
1.19 	 0.000119018
1.191 	 0.000127696
1.192 	 0.000131763
1.193 	 0.000131191
1.194 	 0.000126167
1.195 	 0.000117068
1.196 	 0.000104437
1.197 	 8.89403e-05
1.198 	 7.13236e-05
1.199 	 5.2367e-05
1.2 	 3.28379e-05
1.201 	 1.34497e-05
1.202 	 -5.17268e-06
1.203 	 -2.25182e-05
1.204 	 -3.82046e-05
1.205 	 -5.19828e-05
1.206 	 -6.373e-05
1.207 	 -7.34341e-05
1.208 	 -8.11702e-05
1.209 	 -8.7073e-05
1.21 	 -9.13064e-05
1.211 	 -9.40344e-05
1.212 	 -9.53953e-05
1.213 	 -9.5482e-05
1.214 	 -9.43305e-05
1.215 	 -9.19157e-05
1.216 	 -8.81579e-05
1.217 	 -8.29361e-05
1.218 	 -7.61092e-05
1.219 	 -6.75418e-05
1.22 	 -5.71322e-05
1.221 	 -4.48402e-05
1.222 	 -3.07117e-05
1.223 	 -1.48982e-05
1.224 	 2.33285e-06
1.225 	 2.05952e-05
1.226 	 3.93924e-05
1.227 	 5.81351e-05
1.228 	 7.61682e-05
1.229 	 9.2804e-05
1.23 	 0.000107361
1.231 	 0.000119205
1.232 	 0.000127786
1.233 	 0.000132679
1.234 	 0.000133605
1.235 	 0.000130457
1.236 	 0.000123308
1.237 	 0.000112404
1.238 	 9.81575e-05
1.239 	 8.11193e-05
1.24 	 6.19477e-05
1.241 	 4.13705e-05
1.242 	 2.01432e-05
1.243 	 -9.92577e-07
1.244 	 -2.13483e-05
1.245 	 -4.03216e-05
1.246 	 -5.74225e-05
1.247 	 -7.22893e-05
1.248 	 -8.46953e-05
1.249 	 -9.45448e-05
1.25 	 -0.00010186
1.251 	 -0.000106759
1.252 	 -0.000109433
1.253 	 -0.000110113
1.254 	 -0.000109042
1.255 	 -0.00010645
1.256 	 -0.00010253
1.257 	 -9.74216e-05
1.258 	 -9.12064e-05
1.259 	 -8.39076e-05
1.26 	 -7.54996e-05
1.261 	 -6.59242e-05
1.262 	 -5.51119e-05
1.263 	 -4.30071e-05
1.264 	 -2.95925e-05
1.265 	 -1.49132e-05
1.266 	 9.05865e-07
1.267 	 1.76467e-05
1.268 	 3.49948e-05
1.269 	 5.25437e-05
1.27 	 6.98082e-05
1.271 	 8.62463e-05
1.272 	 0.000101287
1.273 	 0.000114363
1.274 	 0.000124946
1.275 	 0.000132578
1.276 	 0.000136904
1.277 	 0.000137696
1.278 	 0.000134868
1.279 	 0.000128487
1.28 	 0.000118764
1.281 	 0.000106048
1.282 	 9.08025e-05
1.283 	 7.35757e-05
1.284 	 5.49705e-05
1.285 	 3.56076e-05
1.286 	 1.60912e-05
1.287 	 -3.02298e-06
1.288 	 -2.12534e-05
1.289 	 -3.82121e-05
1.29 	 -5.36153e-05
1.291 	 -6.72846e-05
1.292 	 -7.91403e-05
1.293 	 -8.9187e-05
1.294 	 -9.74932e-05
1.295 	 -0.000104167
1.296 	 -0.000109333
1.297 	 -0.000113105
1.298 	 -0.000115567
1.299 	 -0.000116761
1.3 	 -0.000116676
1.301 	 -0.000115249
1.302 	 -0.00011237
1.303 	 -0.000107902
1.304 	 -0.000101694
1.305 	 -9.36094e-05
1.306 	 -8.35482e-05
1.307 	 -7.14708e-05
1.308 	 -5.74185e-05
1.309 	 -4.15274e-05
1.31 	 -2.40365e-05
1.311 	 -5.28583e-06
1.312 	 1.42917e-05
1.313 	 3.41883e-05
1.314 	 5.38443e-05
1.315 	 7.26779e-05
1.316 	 9.01158e-05
1.317 	 0.000105626
1.318 	 0.000118746
1.319 	 0.000129109
1.32 	 0.000136463
1.321 	 0.000140678
1.322 	 0.000141754
1.323 	 0.000139807
1.324 	 0.000135061
1.325 	 0.000127821
1.326 	 0.000118454
1.327 	 0.000107355
1.328 	 9.49201e-05
1.329 	 8.15254e-05
1.33 	 6.75011e-05
1.331 	 5.31188e-05
1.332 	 3.85841e-05
1.333 	 2.4036e-05
1.334 	 9.55463e-06
1.335 	 -4.82548e-06
1.336 	 -1.90973e-05
1.337 	 -3.32608e-05
1.338 	 -4.73015e-05
1.339 	 -6.11713e-05
1.34 	 -7.47736e-05
1.341 	 -8.79531e-05
1.342 	 -0.000100493
1.343 	 -0.000112119
1.344 	 -0.000122512
1.345 	 -0.000131323
1.346 	 -0.000138198
1.347 	 -0.000142803
1.348 	 -0.000144847
1.349 	 -0.00014411
1.35 	 -0.00014046
1.351 	 -0.000133872
1.352 	 -0.000124431
1.353 	 -0.000112334
1.354 	 -9.78817e-05
1.355 	 -8.14648e-05
1.356 	 -6.35394e-05
1.357 	 -4.46032e-05
1.358 	 -2.51673e-05
1.359 	 -5.7279e-06
1.36 	 1.3259e-05
1.361 	 3.1399e-05
1.362 	 4.83745e-05
1.363 	 6.3953e-05
1.364 	 7.79877e-05
1.365 	 9.04117e-05
1.366 	 0.000101225
1.367 	 0.000110476
1.368 	 0.000118244
1.369 	 0.000124616
1.37 	 0.000129666
1.371 	 0.00013344
1.372 	 0.000135944
1.373 	 0.00013714
1.374 	 0.000136942
1.375 	 0.000135231
1.376 	 0.000131862
1.377 	 0.000126686
1.378 	 0.000119568
1.379 	 0.00011041
1.38 	 9.91698e-05
1.381 	 8.58788e-05
1.382 	 7.0652e-05
1.383 	 5.36935e-05
1.384 	 3.52948e-05
1.385 	 1.58256e-05
1.386 	 -4.282e-06
1.387 	 -2.4554e-05
1.388 	 -4.44991e-05
1.389 	 -6.36345e-05
1.39 	 -8.15115e-05
1.391 	 -9.77382e-05
1.392 	 -0.000111998
1.393 	 -0.000124062
1.394 	 -0.000133793
1.395 	 -0.000141148
1.396 	 -0.000146166
1.397 	 -0.000148953
1.398 	 -0.000149669
1.399 	 -0.000148504
1.4 	 -0.000145653
1.401 	 -0.000141306
1.402 	 -0.00013562
1.403 	 -0.000128716
1.404 	 -0.000120673
1.405 	 -0.000111522
1.406 	 -0.000101261
1.407 	 -8.98619e-05
1.408 	 -7.72887e-05
1.409 	 -6.35147e-05
1.41 	 -4.85415e-05
1.411 	 -3.24158e-05
1.412 	 -1.52427e-05
1.413 	 2.8053e-06
1.414 	 2.1486e-05
1.415 	 4.04914e-05
1.416 	 5.94574e-05
1.417 	 7.798e-05
1.418 	 9.5635e-05
1.419 	 0.000112001
1.42 	 0.000126682
1.421 	 0.000139332
1.422 	 0.00014967
1.423 	 0.000157498
1.424 	 0.000162708
1.425 	 0.000165282
1.426 	 0.00016529
1.427 	 0.000162876
1.428 	 0.000158243
1.429 	 0.000151634
1.43 	 0.000143311
1.431 	 0.000133534
1.432 	 0.000122546
1.433 	 0.000110552
1.434 	 9.77191e-05
1.435 	 8.41661e-05
1.436 	 6.99697e-05
1.437 	 5.51713e-05
1.438 	 3.97898e-05
1.439 	 2.38366e-05
1.44 	 7.33265e-06
1.441 	 -9.67563e-06
1.442 	 -2.7102e-05
1.443 	 -4.48102e-05
1.444 	 -6.26078e-05
1.445 	 -8.02469e-05
1.446 	 -9.74292e-05
1.447 	 -0.000113818
1.448 	 -0.000129054
1.449 	 -0.000142775
1.45 	 -0.000154636
1.451 	 -0.000164333
1.452 	 -0.000171619
1.453 	 -0.000176322
1.454 	 -0.000178353
1.455 	 -0.000177709
1.456 	 -0.000174475
1.457 	 -0.000168809
1.458 	 -0.00016093
1.459 	 -0.0001511
1.46 	 -0.000139605
1.461 	 -0.00012673
1.462 	 -0.000112748
1.463 	 -9.78999e-05
1.464 	 -8.23861e-05
1.465 	 -6.63645e-05
1.466 	 -4.99493e-05
1.467 	 -3.32187e-05
1.468 	 -1.6224e-05
1.469 	 9.96979e-07
1.47 	 1.84063e-05
1.471 	 3.59515e-05
1.472 	 5.35537e-05
1.473 	 7.10971e-05
1.474 	 8.84225e-05
1.475 	 0.000105325
1.476 	 0.000121556
1.477 	 0.000136831
1.478 	 0.000150838
1.479 	 0.000163256
1.48 	 0.000173774
1.481 	 0.000182105
1.482 	 0.000188014
1.483 	 0.00019133
1.484 	 0.000191962
1.485 	 0.000189904
1.486 	 0.000185238
1.487 	 0.000178124
1.488 	 0.000168788
1.489 	 0.000157502
1.49 	 0.000144559
1.491 	 0.000130253
1.492 	 0.000114857
1.493 	 9.86102e-05
1.494 	 8.17071e-05
1.495 	 6.42979e-05
1.496 	 4.64936e-05
1.497 	 2.83757e-05
1.498 	 1.00093e-05
1.499 	 -8.54341e-06
1.5 	 -2.72121e-05
1.501 	 -4.59089e-05
1.502 	 -6.45235e-05
1.503 	 -8.29203e-05
1.504 	 -0.000100938
1.505 	 -0.00011839
1.506 	 -0.000135065
1.507 	 -0.000150729
1.508 	 -0.000165126
1.509 	 -0.000177983
1.51 	 -0.000189018
1.511 	 -0.000197953
1.512 	 -0.00020453
1.513 	 -0.000208535
1.514 	 -0.000209817
1.515 	 -0.00020831
1.516 	 -0.000204048
1.517 	 -0.000197163
1.518 	 -0.000187883
1.519 	 -0.000176503
1.52 	 -0.000163359
1.521 	 -0.00014879
1.522 	 -0.000133103
1.523 	 -0.000116541
1.524 	 -9.92728e-05
1.525 	 -8.13901e-05
1.526 	 -6.29239e-05
1.527 	 -4.38727e-05
1.528 	 -2.4236e-05
1.529 	 -4.04677e-06
1.53 	 1.66043e-05
1.531 	 3.7559e-05
1.532 	 5.85968e-05
1.533 	 7.9454e-05
1.534 	 9.98507e-05
1.535 	 0.000119519
1.536 	 0.000138226
1.537 	 0.000155779
1.538 	 0.000172023
1.539 	 0.00018682
1.54 	 0.000200023
1.541 	 0.000211452
1.542 	 0.000220881
1.543 	 0.000228037
1.544 	 0.000232634
1.545 	 0.000234407
1.546 	 0.000233168
1.547 	 0.000228857
1.548 	 0.000221571
1.549 	 0.000211578
1.55 	 0.000199288
1.551 	 0.000185199
1.552 	 0.000169818
1.553 	 0.000153579
1.554 	 0.000136772
1.555 	 0.000119501
1.556 	 0.000101681
1.557 	 8.30871e-05
1.558 	 6.34255e-05
1.559 	 4.24388e-05
1.56 	 2.00002e-05
1.561 	 -3.81498e-06
1.562 	 -2.87017e-05
1.563 	 -5.41493e-05
1.564 	 -7.95134e-05
1.565 	 -0.000104122
1.566 	 -0.000127387
1.567 	 -0.000148902
1.568 	 -0.000168486
1.569 	 -0.000186184
1.57 	 -0.000202201
1.571 	 -0.00021679
1.572 	 -0.000230137
1.573 	 -0.000242246
1.574 	 -0.000252882
1.575 	 -0.000261572
1.576 	 -0.000267685
1.577 	 -0.000270561
1.578 	 -0.000269671
1.579 	 -0.000264765
1.58 	 -0.000255968
1.581 	 -0.000243795
1.582 	 -0.000229079
1.583 	 -0.000212807
1.584 	 -0.000195922
1.585 	 -0.000179111
1.586 	 -0.000162649
1.587 	 -0.000146329
1.588 	 -0.000129511
1.589 	 -0.000111278
1.59 	 -9.06703e-05
1.591 	 -6.69499e-05
1.592 	 -3.98285e-05
1.593 	 -9.60296e-06
1.594 	 2.28387e-05
1.595 	 5.61505e-05
1.596 	 8.87751e-05
1.597 	 0.00011925
1.598 	 0.000146502
1.599 	 0.00017006
1.6 	 0.000190125
1.601 	 0.000207487
1.602 	 0.000223286
1.603 	 0.000238688
1.604 	 0.000254535
1.605 	 0.000271077
1.606 	 0.000287836
1.607 	 0.000303654
1.608 	 0.000316925
1.609 	 0.00032595
1.61 	 0.000329351
1.611 	 0.00032642
1.612 	 0.000317338
1.613 	 0.000303177
1.614 	 0.000285697
1.615 	 0.000266953
1.616 	 0.000248823
1.617 	 0.000232543
1.618 	 0.000218394
1.619 	 0.000205594
1.62 	 0.00019246
1.621 	 0.000176797
1.622 	 0.000156433
1.623 	 0.000129786
1.624 	 9.63158e-05
1.625 	 5.67536e-05
1.626 	 1.30365e-05
1.627 	 -3.20412e-05
1.628 	 -7.53953e-05
1.629 	 -0.000114307
1.63 	 -0.000147013
1.631 	 -0.000173087
1.632 	 -0.000193513
1.633 	 -0.000210425
1.634 	 -0.000226562
1.635 	 -0.00024457
1.636 	 -0.000266297
1.637 	 -0.000292279
1.638 	 -0.000321518
1.639 	 -0.000351638
1.64 	 -0.000379381
1.641 	 -0.000401333
1.642 	 -0.000414723
1.643 	 -0.000418081
1.644 	 -0.000411615
1.645 	 -0.000397192
1.646 	 -0.000377922
1.647 	 -0.00035743
1.648 	 -0.000338994
1.649 	 -0.000324735
1.65 	 -0.000315081
1.651 	 -0.000308614
1.652 	 -0.000302379
1.653 	 -0.000292566
1.654 	 -0.00027543
1.655 	 -0.000248224
1.656 	 -0.000209925
1.657 	 -0.000161582
1.658 	 -0.000106178
1.659 	 -4.80371e-05
1.66 	 8.08941e-06
1.661 	 5.80593e-05
1.662 	 9.92467e-05
1.663 	 0.000131108
1.664 	 0.000155269
1.665 	 0.0001751
1.666 	 0.00019488
1.667 	 0.00021874
1.668 	 0.000249626
1.669 	 0.000288535
1.67 	 0.000334206
1.671 	 0.00038333
1.672 	 0.000431254
1.673 	 0.000472999
1.674 	 0.000504364
1.675 	 0.000522857
1.676 	 0.000528227
1.677 	 0.000522484
1.678 	 0.000509389
1.679 	 0.000493542
1.68 	 0.000479279
1.681 	 0.000469642
1.682 	 0.000465651
1.683 	 0.000466066
1.684 	 0.00046768
1.685 	 0.000466075
1.686 	 0.000456672
1.687 	 0.000435819
1.688 	 0.000401665
1.689 	 0.000354623
1.69 	 0.00029732
1.691 	 0.000234034
1.692 	 0.000169773
1.693 	 0.000109195
1.694 	 5.56265e-05
1.695 	 1.03985e-05
1.696 	 -2.73548e-05
1.697 	 -6.03939e-05
1.698 	 -9.26496e-05
1.699 	 -0.000128249
1.7 	 -0.000170514
1.701 	 -0.000221164
1.702 	 -0.000279893
1.703 	 -0.0003444
1.704 	 -0.000410866
1.705 	 -0.000474745
1.706 	 -0.000531689
1.707 	 -0.000578404
1.708 	 -0.000613237
1.709 	 -0.000636401
1.71 	 -0.000649779
1.711 	 -0.000656394
1.712 	 -0.000659657
1.713 	 -0.000662582
1.714 	 -0.000667127
1.715 	 -0.000673802
1.716 	 -0.000681612
1.717 	 -0.000688325
1.718 	 -0.000690985
1.719 	 -0.000686558
1.72 	 -0.00067256
1.721 	 -0.000647545
1.722 	 -0.000611356
1.723 	 -0.000565115
1.724 	 -0.000510968
1.725 	 -0.000451649
1.726 	 -0.000389971
1.727 	 -0.00032833
1.728 	 -0.00026833
1.729 	 -0.000210578
1.73 	 -0.000154676
1.731 	 -9.93996e-05
1.732 	 -4.30163e-05
1.733 	 1.63116e-05
1.734 	 8.01182e-05
1.735 	 0.000149283
1.736 	 0.000223792
1.737 	 0.000302654
1.738 	 0.000383974
1.739 	 0.00046519
1.74 	 0.000543418
1.741 	 0.000615877
1.742 	 0.000680304
1.743 	 0.000735303
1.744 	 0.000780549
1.745 	 0.000816816
1.746 	 0.000845805
1.747 	 0.000869781
1.748 	 0.000891095
1.749 	 0.00091166
1.75 	 0.000932494
1.751 	 0.000953414
1.752 	 0.000972979
1.753 	 0.000988673
1.754 	 0.00099735
1.755 	 0.000995825
1.756 	 0.000981515
1.757 	 0.000952996
1.758 	 0.000910342
1.759 	 0.000855172
1.76 	 0.00079038
1.761 	 0.000719594
1.762 	 0.000646466
1.763 	 0.00057395
1.764 	 0.000503725
1.765 	 0.000435885
1.766 	 0.000368978
1.767 	 0.000300393
1.768 	 0.000227011
1.769 	 0.000145982
1.77 	 5.5469e-05
1.771 	 -4.4832e-05
1.772 	 -0.000153482
1.773 	 -0.000267471
1.774 	 -0.000382731
1.775 	 -0.000494874
1.776 	 -0.000599997
1.777 	 -0.000695384
1.778 	 -0.000779945
1.779 	 -0.000854298
1.78 	 -0.000920498
1.781 	 -0.000981449
1.782 	 -0.00104016
1.783 	 -0.00109897
1.784 	 -0.00115899
1.785 	 -0.00121975
1.786 	 -0.00127924
1.787 	 -0.00133425
1.788 	 -0.00138101
1.789 	 -0.00141584
1.79 	 -0.00143586
1.791 	 -0.00143949
1.792 	 -0.00142664
1.793 	 -0.0013987
1.794 	 -0.00135813
1.795 	 -0.001308
1.796 	 -0.00125137
1.797 	 -0.00119069
1.798 	 -0.00112746
1.799 	 -0.00106202
1.8 	 -0.000993557
1.801 	 -0.000920413
1.802 	 -0.000840462
1.803 	 -0.000751592
1.804 	 -0.000652155
1.805 	 -0.000541333
1.806 	 -0.000419344
1.807 	 -0.000287484
1.808 	 -0.000147991
1.809 	 -3.76603e-06
1.81 	 0.000141998
1.811 	 0.000286231
1.812 	 0.000426369
1.813 	 0.000560656
1.814 	 0.00068831
1.815 	 0.000809528
1.816 	 0.000925319
1.817 	 0.0010372
1.818 	 0.00114676
1.819 	 0.00125526
1.82 	 0.00136318
1.821 	 0.00147
1.822 	 0.00157406
1.823 	 0.00167274
1.824 	 0.00176278
1.825 	 0.00184075
1.826 	 0.00190363
1.827 	 0.00194928
1.828 	 0.00197687
1.829 	 0.00198695
1.83 	 0.00198132
1.831 	 0.00196268
1.832 	 0.00193399
1.833 	 0.00189791
1.834 	 0.00185617
1.835 	 0.00180922
1.836 	 0.0017561
1.837 	 0.00169465
1.838 	 0.00162197
1.839 	 0.00153507
1.84 	 0.00143156
1.841 	 0.0013102
1.842 	 0.00117133
1.843 	 0.00101685
1.844 	 0.000850041
1.845 	 0.000674988
1.846 	 0.00049595
1.847 	 0.000316668
1.848 	 0.000139807
1.849 	 -3.33638e-05
1.85 	 -0.000202995
1.851 	 -0.000370399
1.852 	 -0.000537559
1.853 	 -0.000706521
1.854 	 -0.000878794
1.855 	 -0.00105487
1.856 	 -0.00123398
1.857 	 -0.00141404
1.858 	 -0.00159194
1.859 	 -0.00176393
1.86 	 -0.00192616
1.861 	 -0.00207517
1.862 	 -0.00220833
1.863 	 -0.00232411
1.864 	 -0.0024221
1.865 	 -0.00250297
1.866 	 -0.0025681
1.867 	 -0.00261925
1.868 	 -0.00265814
1.869 	 -0.00268607
1.87 	 -0.00270362
1.871 	 -0.00271055
1.872 	 -0.00270574
1.873 	 -0.00268739
1.874 	 -0.00265328
1.875 	 -0.00260115
1.876 	 -0.00252907
1.877 	 -0.00243584
1.878 	 -0.00232124
1.879 	 -0.00218614
1.88 	 -0.0020325
1.881 	 -0.00186311
1.882 	 -0.00168124
1.883 	 -0.00149021
1.884 	 -0.00129286
1.885 	 -0.00109122
1.886 	 -0.000886226
1.887 	 -0.000677735
1.888 	 -0.0004647
1.889 	 -0.000245576
1.89 	 -1.88391e-05
1.891 	 0.000216462
1.892 	 0.000460247
1.893 	 0.000711129
1.894 	 0.000966381
1.895 	 0.00122218
1.896 	 0.00147405
1.897 	 0.00171748
1.898 	 0.00194851
1.899 	 0.00216429
1.9 	 0.00236331
1.901 	 0.0025455
1.902 	 0.00271198
1.903 	 0.00286458
1.904 	 0.00300526
1.905 	 0.00313555
1.906 	 0.00325604
1.907 	 0.00336609
1.908 	 0.00346387
1.909 	 0.00354653
1.91 	 0.00361067
1.911 	 0.00365285
1.912 	 0.00367018
1.913 	 0.00366072
1.914 	 0.00362377
1.915 	 0.00355992
1.916 	 0.0034709
1.917 	 0.00335927
1.918 	 0.00322794
1.919 	 0.00307979
1.92 	 0.00291719
1.921 	 0.0027418
1.922 	 0.00255437
1.923 	 0.00235483
1.924 	 0.00214244
1.925 	 0.00191611
1.926 	 0.00167474
1.927 	 0.00141762
1.928 	 0.00114473
1.929 	 0.000856975
1.93 	 0.000556255
1.931 	 0.000245433
1.932 	 -7.1886e-05
1.933 	 -0.000391673
1.934 	 -0.000709881
1.935 	 -0.00102285
1.936 	 -0.00132769
1.937 	 -0.00162247
1.938 	 -0.00190635
1.939 	 -0.00217941
1.94 	 -0.0024424
1.941 	 -0.00269628
1.942 	 -0.00294177
1.943 	 -0.00317891
1.944 	 -0.00340672
1.945 	 -0.00362313
1.946 	 -0.00382505
1.947 	 -0.00400872
1.948 	 -0.00417017
1.949 	 -0.00430577
1.95 	 -0.00441279
1.951 	 -0.00448969
1.952 	 -0.00453635
1.953 	 -0.00455395
1.954 	 -0.00454465
1.955 	 -0.00451113
1.956 	 -0.004456
1.957 	 -0.00438135
1.958 	 -0.00428832
1.959 	 -0.00417696
1.96 	 -0.00404633
1.961 	 -0.00389474
1.962 	 -0.00372021
1.963 	 -0.00352099
1.964 	 -0.00329599
1.965 	 -0.00304518
1.966 	 -0.00276973
1.967 	 -0.002472
1.968 	 -0.00215532
1.969 	 -0.00182367
1.97 	 -0.0014812
1.971 	 -0.00113188
1.972 	 -0.000779067
1.973 	 -0.000425308
1.974 	 -7.22363e-05
1.975 	 0.000279367
1.976 	 0.000629381
1.977 	 0.000978044
1.978 	 0.00132561
1.979 	 0.00167199
1.98 	 0.00201647
1.981 	 0.00235751
1.982 	 0.00269264
1.983 	 0.00301862
1.984 	 0.00333157
1.985 	 0.00362738
1.986 	 0.00390206
1.987 	 0.00415217
1.988 	 0.00437519
1.989 	 0.00456968
1.99 	 0.00473538
1.991 	 0.00487309
1.992 	 0.00498429
1.993 	 0.00507079
1.994 	 0.00513425
1.995 	 0.00517571
1.996 	 0.00519534
1.997 	 0.00519231
1.998 	 0.0051649
1.999 	 0.0051108
2.0 	 0.00502758
2.001 	 0.00491315
2.002 	 0.00476628
2.003 	 0.00458692
2.004 	 0.00437631
2.005 	 0.00413697
2.006 	 0.00387233
2.007 	 0.00358636
2.008 	 0.00328305
2.009 	 0.00296594
2.01 	 0.00263776
2.011 	 0.00230029
2.012 	 0.00195434
2.013 	 0.00159998
2.014 	 0.00123689
2.015 	 0.000864733
2.016 	 0.000483623
2.017 	 9.43896e-05
2.018 	 -0.000301213
2.019 	 -0.000700474
2.02 	 -0.00109985
2.021 	 -0.00149523
2.022 	 -0.00188226
2.023 	 -0.00225672
2.024 	 -0.00261486
2.025 	 -0.0029537
2.026 	 -0.00327117
2.027 	 -0.00356616
2.028 	 -0.00383843
2.029 	 -0.00408839
2.03 	 -0.0043168
2.031 	 -0.00452441
2.032 	 -0.00471165
2.033 	 -0.00487833
2.034 	 -0.00502351
2.035 	 -0.00514542
2.036 	 -0.00524167
2.037 	 -0.00530951
2.038 	 -0.00534619
2.039 	 -0.00534942
2.04 	 -0.00531775
2.041 	 -0.00525085
2.042 	 -0.00514965
2.043 	 -0.00501626
2.044 	 -0.0048537
2.045 	 -0.00466551
2.046 	 -0.00445527
2.047 	 -0.00422613
2.048 	 -0.00398045
2.049 	 -0.00371964
2.05 	 -0.00344408
2.051 	 -0.00315345
2.052 	 -0.00284698
2.053 	 -0.00252398
2.054 	 -0.00218426
2.055 	 -0.00182849
2.056 	 -0.00145843
2.057 	 -0.00107694
2.058 	 -0.000687802
2.059 	 -0.000295433
2.06 	 9.55408e-05
2.061 	 0.000480706
2.062 	 0.000856238
2.063 	 0.00121916
2.064 	 0.00156748
2.065 	 0.00190011
2.066 	 0.00221676
2.067 	 0.0025176
2.068 	 0.00280298
2.069 	 0.00307308
2.07 	 0.00332766
2.071 	 0.00356582
2.072 	 0.003786
2.073 	 0.00398598
2.074 	 0.00416307
2.075 	 0.00431438
2.076 	 0.00443713
2.077 	 0.00452899
2.078 	 0.00458839
2.079 	 0.00461473
2.08 	 0.00460846
2.081 	 0.00457105
2.082 	 0.00450476
2.083 	 0.00441235
2.084 	 0.00429668
2.085 	 0.00416035
2.086 	 0.00400531
2.087 	 0.00383275
2.088 	 0.00364298
2.089 	 0.00343563
2.09 	 0.00320991
2.091 	 0.00296503
2.092 	 0.00270061
2.093 	 0.00241707
2.094 	 0.00211585
2.095 	 0.00179954
2.096 	 0.0014717
2.097 	 0.00113659
2.098 	 0.000798827
2.099 	 0.000462849
2.1 	 0.000132564
2.101 	 -0.00018898
2.102 	 -0.000499743
2.103 	 -0.000798672
2.104 	 -0.00108552
2.105 	 -0.00136053
2.106 	 -0.00162409
2.107 	 -0.00187636
2.108 	 -0.00211699
2.109 	 -0.00234492
2.11 	 -0.00255833
2.111 	 -0.00275475
2.112 	 -0.00293123
2.113 	 -0.00308466
2.114 	 -0.00321209
2.115 	 -0.00331105
2.116 	 -0.00337983
2.117 	 -0.00341765
2.118 	 -0.00342472
2.119 	 -0.00340224
2.12 	 -0.00335214
2.121 	 -0.00327689
2.122 	 -0.00317913
2.123 	 -0.00306134
2.124 	 -0.00292554
2.125 	 -0.00277307
2.126 	 -0.00260455
2.127 	 -0.00241987
2.128 	 -0.00221848
2.129 	 -0.00199966
2.13 	 -0.00176291
2.131 	 -0.00150833
2.132 	 -0.00123689
2.133 	 -0.000950628
2.134 	 -0.000652627
2.135 	 -0.000346823
2.136 	 -3.77e-05
2.137 	 0.000270132
2.138 	 0.000572364
2.139 	 0.000865364
2.14 	 0.00114642
2.141 	 0.00141385
2.142 	 0.00166686
2.143 	 0.00190539
2.144 	 0.00212969
2.145 	 0.00234
2.146 	 0.00253617
2.147 	 0.00271746
2.148 	 0.00288236
2.149 	 0.00302863
2.15 	 0.00315352
2.151 	 0.00325397
2.152 	 0.00332698
2.153 	 0.00336992
2.154 	 0.00338085
2.155 	 0.00335868
2.156 	 0.00330332
2.157 	 0.0032156
2.158 	 0.00309718
2.159 	 0.00295031
2.16 	 0.00277755
2.161 	 0.00258145
2.162 	 0.00236433
2.163 	 0.00212798
2.164 	 0.00187363
2.165 	 0.0016019
2.166 	 0.00131292
2.167 	 0.00100658
2.168 	 0.000682838
2.169 	 0.000342013
2.17 	 -1.4883e-05
2.171 	 -0.000385942
2.172 	 -0.000768274
2.173 	 -0.00115807
2.174 	 -0.0015508
2.175 	 -0.00194157
2.176 	 -0.00232549
2.177 	 -0.00269808
2.178 	 -0.0030556
2.179 	 -0.00339522
2.18 	 -0.00371512
2.181 	 -0.00401431
2.182 	 -0.00429238
2.183 	 -0.00454918
2.184 	 -0.00478445
2.185 	 -0.00499746
2.186 	 -0.00518683
2.187 	 -0.00535044
2.188 	 -0.00548552
2.189 	 -0.00558881
2.19 	 -0.00565693
2.191 	 -0.00568671
2.192 	 -0.00567549
2.193 	 -0.00562146
2.194 	 -0.00552378
2.195 	 -0.00538266
2.196 	 -0.0051993
2.197 	 -0.00497568
2.198 	 -0.00471434
2.199 	 -0.00441807
2.2 	 -0.00408961
2.201 	 -0.00373144
2.202 	 -0.00334554
2.203 	 -0.00293338
2.204 	 -0.00249592
2.205 	 -0.00203375
2.206 	 -0.00154737
2.207 	 -0.00103741
2.208 	 -0.000505
2.209 	 4.80148e-05
2.21 	 0.000618862
2.211 	 0.00120379
2.212 	 0.00179814
2.213 	 0.00239657
2.214 	 0.00299334
2.215 	 0.00358274
2.216 	 0.00415941
2.217 	 0.00471868
2.218 	 0.00525678
2.219 	 0.00577086
2.22 	 0.0062589
2.221 	 0.00671947
2.222 	 0.0071514
2.223 	 0.00755346
2.224 	 0.00792401
2.225 	 0.00826083
2.226 	 0.008561
2.227 	 0.00882102
2.228 	 0.00903697
2.229 	 0.00920482
2.23 	 0.00932079
2.231 	 0.00938165
2.232 	 0.00938503
2.233 	 0.00932957
2.234 	 0.009215
2.235 	 0.00904205
2.236 	 0.0088123
2.237 	 0.00852794
2.238 	 0.00819149
2.239 	 0.00780553
2.24 	 0.00737247
2.241 	 0.00689439
2.242 	 0.00637296
2.243 	 0.00580949
2.244 	 0.00520507
2.245 	 0.00456075
2.246 	 0.00387786
2.247 	 0.00315821
2.248 	 0.0024044
2.249 	 0.00161994
2.25 	 0.000809319
2.251 	 -2.20339e-05
2.252 	 -0.000867975
2.253 	 -0.00172191
2.254 	 -0.00257717
2.255 	 -0.00342733
2.256 	 -0.00426653
2.257 	 -0.0050897
2.258 	 -0.00589259
2.259 	 -0.00667173
2.26 	 -0.00742419
2.261 	 -0.00814736
2.262 	 -0.00883854
2.263 	 -0.00949473
2.264 	 -0.0101124
2.265 	 -0.0106872
2.266 	 -0.0112146
2.267 	 -0.0116893
2.268 	 -0.012106
2.269 	 -0.0124596
2.27 	 -0.0127458
2.271 	 -0.0129608
2.272 	 -0.013102
2.273 	 -0.013168
2.274 	 -0.0131583
2.275 	 -0.0130735
2.276 	 -0.0129149
2.277 	 -0.0126842
2.278 	 -0.0123834
2.279 	 -0.0120145
2.28 	 -0.011579
2.281 	 -0.0110785
2.282 	 -0.0105142
2.283 	 -0.00988691
2.284 	 -0.00919779
2.285 	 -0.00844813
2.286 	 -0.00763978
2.287 	 -0.00677543
2.288 	 -0.00585874
2.289 	 -0.00489445
2.29 	 -0.00388835
2.291 	 -0.00284712
2.292 	 -0.00177811
2.293 	 -0.000688928
2.294 	 0.000412825
2.295 	 0.00151994
2.296 	 0.00262583
2.297 	 0.00372464
2.298 	 0.00481125
2.299 	 0.00588111
2.3 	 0.00693003
2.301 	 0.00795386
2.302 	 0.00894818
2.303 	 0.00990814
2.304 	 0.0108282
2.305 	 0.0117024
2.306 	 0.012524
2.307 	 0.0132863
2.308 	 0.0139825
2.309 	 0.0146063
2.31 	 0.0151522
2.311 	 0.0156153
2.312 	 0.0159922
2.313 	 0.0162804
2.314 	 0.0164787
2.315 	 0.0165865
2.316 	 0.0166042
2.317 	 0.0165323
2.318 	 0.0163719
2.319 	 0.0161238
2.32 	 0.0157887
2.321 	 0.0153673
2.322 	 0.0148601
2.323 	 0.0142677
2.324 	 0.0135909
2.325 	 0.0128309
2.326 	 0.0119898
2.327 	 0.0110708
2.328 	 0.010078
2.329 	 0.00901687
2.33 	 0.00789375
2.331 	 0.00671603
2.332 	 0.00549165
2.333 	 0.00422882
2.334 	 0.00293569
2.335 	 0.00162006
2.336 	 0.000289184
2.337 	 -0.00105027
2.338 	 -0.00239218
2.339 	 -0.00373077
2.34 	 -0.0050604
2.341 	 -0.00637527
2.342 	 -0.00766918
2.343 	 -0.00893539
2.344 	 -0.0101665
2.345 	 -0.0113547
2.346 	 -0.0124915
2.347 	 -0.0135687
2.348 	 -0.014578
2.349 	 -0.0155117
2.35 	 -0.0163629
2.351 	 -0.0171256
2.352 	 -0.0177951
2.353 	 -0.0183676
2.354 	 -0.0188405
2.355 	 -0.0192119
2.356 	 -0.0194806
2.357 	 -0.019646
2.358 	 -0.0197076
2.359 	 -0.0196649
2.36 	 -0.0195175
2.361 	 -0.0192648
2.362 	 -0.0189063
2.363 	 -0.0184419
2.364 	 -0.0178717
2.365 	 -0.0171966
2.366 	 -0.0164184
2.367 	 -0.0155402
2.368 	 -0.0145664
2.369 	 -0.0135024
2.37 	 -0.0123551
2.371 	 -0.011132
2.372 	 -0.00984151
2.373 	 -0.0084921
2.374 	 -0.0070923
2.375 	 -0.00565034
2.376 	 -0.00417403
2.377 	 -0.0026707
2.378 	 -0.0011473
2.379 	 0.00038939
2.38 	 0.00193253
2.381 	 0.00347501
2.382 	 0.00500918
2.383 	 0.00652678
2.384 	 0.00801893
2.385 	 0.00947614
2.386 	 0.0108886
2.387 	 0.0122464
2.388 	 0.0135399
2.389 	 0.0147597
2.39 	 0.0158976
2.391 	 0.016946
2.392 	 0.0178986
2.393 	 0.0187503
2.394 	 0.0194968
2.395 	 0.0201349
2.396 	 0.0206621
2.397 	 0.0210763
2.398 	 0.0213758
2.399 	 0.021559
2.4 	 0.0216243
2.401 	 0.0215702
2.402 	 0.0213953
2.403 	 0.0210985
2.404 	 0.0206793
2.405 	 0.0201379
2.406 	 0.0194758
2.407 	 0.0186955
2.408 	 0.0178013
2.409 	 0.0167984
2.41 	 0.0156937
2.411 	 0.0144948
2.412 	 0.0132102
2.413 	 0.0118487
2.414 	 0.0104193
2.415 	 0.00893077
2.416 	 0.00739159
2.417 	 0.00580993
2.418 	 0.00419376
2.419 	 0.00255097
2.42 	 0.00088958
2.421 	 -0.000782028
2.422 	 -0.00245496
2.423 	 -0.00411968
2.424 	 -0.00576604
2.425 	 -0.00738332
2.426 	 -0.00896045
2.427 	 -0.0104862
2.428 	 -0.0119495
2.429 	 -0.0133398
2.43 	 -0.0146471
2.431 	 -0.0158625
2.432 	 -0.0169781
2.433 	 -0.017987
2.434 	 -0.0188838
2.435 	 -0.0196636
2.436 	 -0.0203227
2.437 	 -0.0208578
2.438 	 -0.0212662
2.439 	 -0.0215453
2.44 	 -0.0216927
2.441 	 -0.0217062
2.442 	 -0.021584
2.443 	 -0.0213243
2.444 	 -0.0209263
2.445 	 -0.0203902
2.446 	 -0.0197172
2.447 	 -0.0189099
2.448 	 -0.0179725
2.449 	 -0.0169108
2.45 	 -0.0157317
2.451 	 -0.0144434
2.452 	 -0.0130551
2.453 	 -0.0115761
2.454 	 -0.0100166
2.455 	 -0.00838623
2.456 	 -0.00669494
2.457 	 -0.00495236
2.458 	 -0.00316806
2.459 	 -0.00135165
2.46 	 0.000487025
2.461 	 0.00233778
2.462 	 0.00418989
2.463 	 0.00603199
2.464 	 0.00785212
2.465 	 0.00963775
2.466 	 0.0113759
2.467 	 0.0130535
2.468 	 0.0146575
2.469 	 0.0161753
2.47 	 0.0175948
2.471 	 0.018905
2.472 	 0.020096
2.473 	 0.0211592
2.474 	 0.0220869
2.475 	 0.0228729
2.476 	 0.0235118
2.477 	 0.0239991
2.478 	 0.024331
2.479 	 0.0245038
2.48 	 0.0245145
2.481 	 0.0243602
2.482 	 0.0240385
2.483 	 0.0235476
2.484 	 0.0228864
2.485 	 0.022055
2.486 	 0.0210549
2.487 	 0.0198891
2.488 	 0.0185624
2.489 	 0.0170812
2.49 	 0.0154535
2.491 	 0.0136889
2.492 	 0.0117979
2.493 	 0.00979194
2.494 	 0.00768313
2.495 	 0.0054838
2.496 	 0.00320648
2.497 	 0.000863772
2.498 	 -0.00153164
2.499 	 -0.00396691
2.5 	 -0.00642897
2.501 	 -0.00890432
2.502 	 -0.0113789
2.503 	 -0.0138381
2.504 	 -0.0162665
2.505 	 -0.0186482
2.506 	 -0.0209667
2.507 	 -0.0232051
2.508 	 -0.0253465
2.509 	 -0.0273744
2.51 	 -0.0292726
2.511 	 -0.0310261
2.512 	 -0.0326209
2.513 	 -0.0340443
2.514 	 -0.035285
2.515 	 -0.0363331
2.516 	 -0.03718
2.517 	 -0.0378182
2.518 	 -0.0382411
2.519 	 -0.0384429
2.52 	 -0.0384182
2.521 	 -0.0381625
2.522 	 -0.0376719
2.523 	 -0.0369432
2.524 	 -0.0359744
2.525 	 -0.0347647
2.526 	 -0.033315
2.527 	 -0.031628
2.528 	 -0.0297084
2.529 	 -0.0275629
2.53 	 -0.0252001
2.531 	 -0.0226307
2.532 	 -0.0198667
2.533 	 -0.0169217
2.534 	 -0.0138105
2.535 	 -0.0105486
2.536 	 -0.00715234
2.537 	 -0.00363838
2.538 	 -2.39514e-05
2.539 	 0.00367333
2.54 	 0.00743536
2.541 	 0.0112435
2.542 	 0.0150784
2.543 	 0.0189199
2.544 	 0.0227471
2.545 	 0.0265382
2.546 	 0.0302707
2.547 	 0.0339213
2.548 	 0.0374667
2.549 	 0.0408833
2.55 	 0.0441481
2.551 	 0.0472387
2.552 	 0.0501336
2.553 	 0.0528128
2.554 	 0.0552577
2.555 	 0.0574512
2.556 	 0.0593776
2.557 	 0.0610226
2.558 	 0.0623731
2.559 	 0.0634174
2.56 	 0.0641443
2.561 	 0.0645439
2.562 	 0.0646074
2.563 	 0.0643269
2.564 	 0.0636962
2.565 	 0.0627106
2.566 	 0.0613671
2.567 	 0.0596653
2.568 	 0.0576067
2.569 	 0.0551957
2.57 	 0.0524389
2.571 	 0.0493455
2.572 	 0.045927
2.573 	 0.0421972
2.574 	 0.0381717
2.575 	 0.0338677
2.576 	 0.029304
2.577 	 0.0245005
2.578 	 0.0194784
2.579 	 0.0142596
2.58 	 0.00886722
2.581 	 0.00332532
2.582 	 -0.00234088
2.583 	 -0.00810495
2.584 	 -0.0139392
2.585 	 -0.0198144
2.586 	 -0.0257004
2.587 	 -0.0315656
2.588 	 -0.0373776
2.589 	 -0.0431036
2.59 	 -0.0487104
2.591 	 -0.0541652
2.592 	 -0.0594357
2.593 	 -0.0644908
2.594 	 -0.0693002
2.595 	 -0.0738353
2.596 	 -0.0780688
2.597 	 -0.081975
2.598 	 -0.0855293
2.599 	 -0.0887086
2.6 	 -0.0914911
2.601 	 -0.0938561
2.602 	 -0.0957844
2.603 	 -0.0972582
2.604 	 -0.098261
2.605 	 -0.0987788
2.606 	 -0.0987991
2.607 	 -0.0983125
2.608 	 -0.0973117
2.609 	 -0.0957929
2.61 	 -0.093755
2.611 	 -0.0912004
2.612 	 -0.0881345
2.613 	 -0.0845658
2.614 	 -0.080506
2.615 	 -0.0759692
2.616 	 -0.0709721
2.617 	 -0.0655337
2.618 	 -0.059675
2.619 	 -0.053419
2.62 	 -0.0467902
2.621 	 -0.0398154
2.622 	 -0.0325231
2.623 	 -0.0249439
2.624 	 -0.0171103
2.625 	 -0.0090573
2.626 	 -0.000821822
2.627 	 0.00755703
2.628 	 0.0160383
2.629 	 0.0245795
2.63 	 0.0331369
2.631 	 0.0416661
2.632 	 0.0501221
2.633 	 0.0584603
2.634 	 0.0666363
2.635 	 0.0746064
2.636 	 0.0823278
2.637 	 0.0897589
2.638 	 0.0968591
2.639 	 0.103589
2.64 	 0.10991
2.641 	 0.115786
2.642 	 0.121181
2.643 	 0.12606
2.644 	 0.130391
2.645 	 0.134142
2.646 	 0.137286
2.647 	 0.139795
2.648 	 0.141646
2.649 	 0.142818
2.65 	 0.143296
2.651 	 0.143065
2.652 	 0.142116
2.653 	 0.140444
2.654 	 0.138047
2.655 	 0.134929
2.656 	 0.131094
2.657 	 0.126552
2.658 	 0.121315
2.659 	 0.115401
2.66 	 0.108826
2.661 	 0.101614
2.662 	 0.0937883
2.663 	 0.0853775
2.664 	 0.0764126
2.665 	 0.0669281
2.666 	 0.0569619
2.667 	 0.0465554
2.668 	 0.035753
2.669 	 0.0246023
2.67 	 0.0131535
2.671 	 0.00145938
2.672 	 -0.0104254
2.673 	 -0.0224446
2.674 	 -0.034541
2.675 	 -0.0466564
2.676 	 -0.0587324
2.677 	 -0.0707104
2.678 	 -0.0825319
2.679 	 -0.0941388
2.68 	 -0.105473
2.681 	 -0.116478
2.682 	 -0.127096
2.683 	 -0.137272
2.684 	 -0.146951
2.685 	 -0.156079
2.686 	 -0.164603
2.687 	 -0.172472
2.688 	 -0.17964
2.689 	 -0.18606
2.69 	 -0.191689
2.691 	 -0.19649
2.692 	 -0.200427
2.693 	 -0.20347
2.694 	 -0.205593
2.695 	 -0.206775
2.696 	 -0.206997
2.697 	 -0.206247
2.698 	 -0.204516
2.699 	 -0.2018
2.7 	 -0.198099
2.701 	 -0.193416
2.702 	 -0.187759
2.703 	 -0.181142
2.704 	 -0.17358
2.705 	 -0.165095
2.706 	 -0.155713
2.707 	 -0.145466
2.708 	 -0.134389
2.709 	 -0.122523
2.71 	 -0.109913
2.711 	 -0.0966097
2.712 	 -0.0826665
2.713 	 -0.0681413
2.714 	 -0.0530952
2.715 	 -0.037592
2.716 	 -0.0216984
2.717 	 -0.00548304
2.718 	 0.0109837
2.719 	 0.0276297
2.72 	 0.0443818
2.721 	 0.0611654
2.722 	 0.0779051
2.723 	 0.0945246
2.724 	 0.110947
2.725 	 0.127094
2.726 	 0.142889
2.727 	 0.158255
2.728 	 0.173114
2.729 	 0.187391
2.73 	 0.201013
2.731 	 0.213908
2.732 	 0.226009
2.733 	 0.237251
2.734 	 0.247571
2.735 	 0.256914
2.736 	 0.265226
2.737 	 0.272458
2.738 	 0.278567
2.739 	 0.283513
2.74 	 0.287261
2.741 	 0.289781
2.742 	 0.291047
2.743 	 0.291039
2.744 	 0.289741
2.745 	 0.287144
2.746 	 0.283242
2.747 	 0.278038
2.748 	 0.271539
2.749 	 0.26376
2.75 	 0.254719
2.751 	 0.244445
2.752 	 0.23297
2.753 	 0.220333
2.754 	 0.206578
2.755 	 0.191758
2.756 	 0.175925
2.757 	 0.159142
2.758 	 0.141472
2.759 	 0.122984
2.76 	 0.10375
2.761 	 0.0838466
2.762 	 0.0633529
2.763 	 0.0423518
2.764 	 0.0209292
2.765 	 -0.000825911
2.766 	 -0.0228218
2.767 	 -0.0449645
2.768 	 -0.0671578
2.769 	 -0.0893042
2.77 	 -0.111305
2.771 	 -0.133062
2.772 	 -0.154476
2.773 	 -0.17545
2.774 	 -0.195888
2.775 	 -0.215695
2.776 	 -0.234779
2.777 	 -0.253053
2.778 	 -0.270429
2.779 	 -0.286825
2.78 	 -0.302163
2.781 	 -0.316368
2.782 	 -0.329368
2.783 	 -0.341097
2.784 	 -0.351492
2.785 	 -0.360496
2.786 	 -0.368058
2.787 	 -0.374129
2.788 	 -0.378671
2.789 	 -0.381648
2.79 	 -0.383034
2.791 	 -0.382808
2.792 	 -0.380957
2.793 	 -0.377478
2.794 	 -0.37237
2.795 	 -0.365644
2.796 	 -0.357316
2.797 	 -0.34741
2.798 	 -0.335956
2.799 	 -0.32299
2.8 	 -0.308556
2.801 	 -0.292702
2.802 	 -0.275484
2.803 	 -0.256963
2.804 	 -0.237205
2.805 	 -0.216284
2.806 	 -0.194277
2.807 	 -0.17127
2.808 	 -0.14735
2.809 	 -0.122613
2.81 	 -0.097157
2.811 	 -0.0710843
2.812 	 -0.0445015
2.813 	 -0.0175177
2.814 	 0.00975571
2.815 	 0.0372056
2.816 	 0.0647178
2.817 	 0.0921777
2.818 	 0.11947
2.819 	 0.146482
2.82 	 0.173098
2.821 	 0.199207
2.822 	 0.224698
2.823 	 0.249461
2.824 	 0.273388
2.825 	 0.296375
2.826 	 0.318321
2.827 	 0.339125
2.828 	 0.358693
2.829 	 0.376936
2.83 	 0.393767
2.831 	 0.409108
2.832 	 0.422885
2.833 	 0.435031
2.834 	 0.445486
2.835 	 0.454198
2.836 	 0.461121
2.837 	 0.466216
2.838 	 0.469454
2.839 	 0.47081
2.84 	 0.470269
2.841 	 0.467823
2.842 	 0.46347
2.843 	 0.457216
2.844 	 0.449075
2.845 	 0.439069
2.846 	 0.427226
2.847 	 0.413584
2.848 	 0.398188
2.849 	 0.381088
2.85 	 0.362346
2.851 	 0.342029
2.852 	 0.320211
2.853 	 0.296974
2.854 	 0.272406
2.855 	 0.246599
2.856 	 0.219652
2.857 	 0.191669
2.858 	 0.162757
2.859 	 0.133027
2.86 	 0.102594
2.861 	 0.0715746
2.862 	 0.0400895
2.863 	 0.00826089
2.864 	 -0.023787
2.865 	 -0.0559282
2.866 	 -0.0880356
2.867 	 -0.119981
2.868 	 -0.151637
2.869 	 -0.182876
2.87 	 -0.21357
2.871 	 -0.243596
2.872 	 -0.272829
2.873 	 -0.301152
2.874 	 -0.328448
2.875 	 -0.354604
2.876 	 -0.379515
2.877 	 -0.403078
2.878 	 -0.425196
2.879 	 -0.445779
2.88 	 -0.46474
2.881 	 -0.482002
2.882 	 -0.49749
2.883 	 -0.511138
2.884 	 -0.522887
2.885 	 -0.532683
2.886 	 -0.54048
2.887 	 -0.546241
2.888 	 -0.549934
2.889 	 -0.551538
2.89 	 -0.551039
2.891 	 -0.54843
2.892 	 -0.543717
2.893 	 -0.536909
2.894 	 -0.52803
2.895 	 -0.517106
2.896 	 -0.504175
2.897 	 -0.489281
2.898 	 -0.472478
2.899 	 -0.453824
2.9 	 -0.433384
2.901 	 -0.411232
2.902 	 -0.387447
2.903 	 -0.362113
2.904 	 -0.335321
2.905 	 -0.307168
2.906 	 -0.277755
2.907 	 -0.24719
2.908 	 -0.215584
2.909 	 -0.183054
2.91 	 -0.14972
2.911 	 -0.115706
2.912 	 -0.0811397
2.913 	 -0.046149
2.914 	 -0.0108648
2.915 	 0.0245814
2.916 	 0.060058
2.917 	 0.0954332
2.918 	 0.130577
2.919 	 0.165359
2.92 	 0.199652
2.921 	 0.23333
2.922 	 0.26627
2.923 	 0.298351
2.924 	 0.329454
2.925 	 0.359466
2.926 	 0.388274
2.927 	 0.415772
2.928 	 0.441858
2.929 	 0.466434
2.93 	 0.489409
2.931 	 0.510696
2.932 	 0.530217
2.933 	 0.5479
2.934 	 0.56368
2.935 	 0.577499
2.936 	 0.589308
2.937 	 0.599064
2.938 	 0.606732
2.939 	 0.612285
2.94 	 0.615704
2.941 	 0.616977
2.942 	 0.616098
2.943 	 0.61307
2.944 	 0.607903
2.945 	 0.600614
2.946 	 0.591228
2.947 	 0.579777
2.948 	 0.5663
2.949 	 0.550844
2.95 	 0.533463
2.951 	 0.514219
2.952 	 0.49318
2.953 	 0.47042
2.954 	 0.446021
2.955 	 0.420068
2.956 	 0.392654
2.957 	 0.363874
2.958 	 0.33383
2.959 	 0.302625
2.96 	 0.270367
2.961 	 0.237165
2.962 	 0.203134
2.963 	 0.168388
2.964 	 0.133045
2.965 	 0.0972254
2.966 	 0.061049
2.967 	 0.0246385
2.968 	 -0.0118833
2.969 	 -0.048393
2.97 	 -0.0847676
2.971 	 -0.120885
2.972 	 -0.156623
2.973 	 -0.191864
2.974 	 -0.226491
2.975 	 -0.260389
2.976 	 -0.293448
2.977 	 -0.325562
2.978 	 -0.356627
2.979 	 -0.386545
2.98 	 -0.415222
2.981 	 -0.442567
2.982 	 -0.468495
2.983 	 -0.492927
2.984 	 -0.515787
2.985 	 -0.537005
2.986 	 -0.556515
2.987 	 -0.574258
2.988 	 -0.590181
2.989 	 -0.604237
2.99 	 -0.616386
2.991 	 -0.626592
2.992 	 -0.63483
2.993 	 -0.641078
2.994 	 -0.645324
2.995 	 -0.647561
2.996 	 -0.647789
2.997 	 -0.646015
2.998 	 -0.642253
2.999 	 -0.636521
3.0 	 -0.628843
3.001 	 -0.619251
3.002 	 -0.607781
3.003 	 -0.594473
3.004 	 -0.579375
3.005 	 -0.562538
3.006 	 -0.544019
3.007 	 -0.523881
3.008 	 -0.502189
3.009 	 -0.479016
3.01 	 -0.454438
3.011 	 -0.428534
3.012 	 -0.40139
3.013 	 -0.373092
3.014 	 -0.343732
3.015 	 -0.313403
3.016 	 -0.2822
3.017 	 -0.250219
3.018 	 -0.21756
3.019 	 -0.184321
3.02 	 -0.150601
3.021 	 -0.116502
3.022 	 -0.0821245
3.023 	 -0.0475682
3.024 	 -0.0129343
3.025 	 0.0216765
3.026 	 0.0561641
3.027 	 0.090429
3.028 	 0.124373
3.029 	 0.157898
3.03 	 0.190911
3.031 	 0.223316
3.032 	 0.255025
3.033 	 0.285949
3.034 	 0.316004
3.035 	 0.34511
3.036 	 0.373188
3.037 	 0.400167
3.038 	 0.425976
3.039 	 0.45055
3.04 	 0.473828
3.041 	 0.495752
3.042 	 0.516268
3.043 	 0.535328
3.044 	 0.552885
3.045 	 0.568898
3.046 	 0.58333
3.047 	 0.596149
3.048 	 0.607325
3.049 	 0.616838
3.05 	 0.624667
3.051 	 0.6308
3.052 	 0.63523
3.053 	 0.637953
3.054 	 0.638971
3.055 	 0.638292
3.056 	 0.635926
3.057 	 0.63189
3.058 	 0.626203
3.059 	 0.618888
3.06 	 0.609974
3.061 	 0.599492
3.062 	 0.587475
3.063 	 0.573963
3.064 	 0.558996
3.065 	 0.54262
3.066 	 0.524883
3.067 	 0.505837
3.068 	 0.485536
3.069 	 0.464041
3.07 	 0.44141
3.071 	 0.417709
3.072 	 0.393005
3.073 	 0.367365
3.074 	 0.34086
3.075 	 0.313562
3.076 	 0.285544
3.077 	 0.25688
3.078 	 0.227644
3.079 	 0.197912
3.08 	 0.167758
3.081 	 0.137259
3.082 	 0.10649
3.083 	 0.0755291
3.084 	 0.0444516
3.085 	 0.0133347
3.086 	 -0.017745
3.087 	 -0.048711
3.088 	 -0.0794874
3.089 	 -0.109999
3.09 	 -0.140172
3.091 	 -0.169933
3.092 	 -0.199211
3.093 	 -0.227939
3.094 	 -0.256047
3.095 	 -0.283473
3.096 	 -0.310154
3.097 	 -0.33603
3.098 	 -0.361044
3.099 	 -0.38514
3.1 	 -0.408266
3.101 	 -0.430372
3.102 	 -0.45141
3.103 	 -0.471335
3.104 	 -0.490103
3.105 	 -0.507674
3.106 	 -0.52401
3.107 	 -0.539078
3.108 	 -0.552846
3.109 	 -0.565286
3.11 	 -0.576374
3.111 	 -0.586089
3.112 	 -0.594415
3.113 	 -0.601338
3.114 	 -0.606849
3.115 	 -0.610941
3.116 	 -0.613612
3.117 	 -0.614862
3.118 	 -0.614693
3.119 	 -0.613113
3.12 	 -0.610129
3.121 	 -0.605754
3.122 	 -0.600002
3.123 	 -0.592891
3.124 	 -0.58444
3.125 	 -0.574674
3.126 	 -0.56362
3.127 	 -0.551306
3.128 	 -0.537765
3.129 	 -0.523034
3.13 	 -0.507151
3.131 	 -0.490158
3.132 	 -0.472097
3.133 	 -0.453016
3.134 	 -0.432961
3.135 	 -0.411983
3.136 	 -0.390132
3.137 	 -0.367462
3.138 	 -0.344025
3.139 	 -0.319876
3.14 	 -0.295072
3.141 	 -0.26967
3.142 	 -0.243728
3.143 	 -0.217306
3.144 	 -0.190464
3.145 	 -0.163264
3.146 	 -0.135768
3.147 	 -0.10804
3.148 	 -0.0801441
3.149 	 -0.0521429
3.15 	 -0.0241007
3.151 	 0.0039193
3.152 	 0.0318545
3.153 	 0.0596432
3.154 	 0.0872246
3.155 	 0.114539
3.156 	 0.141529
3.157 	 0.168136
3.158 	 0.194304
3.159 	 0.21998
3.16 	 0.245109
3.161 	 0.269639
3.162 	 0.29352
3.163 	 0.316701
3.164 	 0.339134
3.165 	 0.360773
3.166 	 0.381574
3.167 	 0.401495
3.168 	 0.420494
3.169 	 0.438536
3.17 	 0.455585
3.171 	 0.47161
3.172 	 0.486581
3.173 	 0.500473
3.174 	 0.513261
3.175 	 0.524925
3.176 	 0.535446
3.177 	 0.544809
3.178 	 0.553
3.179 	 0.560008
3.18 	 0.565824
3.181 	 0.570442
3.182 	 0.573858
3.183 	 0.57607
3.184 	 0.577081
3.185 	 0.576893
3.186 	 0.575514
3.187 	 0.572955
3.188 	 0.569228
3.189 	 0.564348
3.19 	 0.558335
3.191 	 0.551208
3.192 	 0.54299
3.193 	 0.533707
3.194 	 0.523386
3.195 	 0.512054
3.196 	 0.499743
3.197 	 0.486483
3.198 	 0.472308
3.199 	 0.457252
3.2 	 0.441351
3.201 	 0.424642
3.202 	 0.407163
3.203 	 0.388956
3.204 	 0.370062
3.205 	 0.350524
3.206 	 0.330386
3.207 	 0.309695
3.208 	 0.288497
3.209 	 0.26684
3.21 	 0.24477
3.211 	 0.222336
3.212 	 0.199586
3.213 	 0.176568
3.214 	 0.153329
3.215 	 0.129916
3.216 	 0.106375
3.217 	 0.0827541
3.218 	 0.0590982
3.219 	 0.035453
3.22 	 0.0118641
3.221 	 -0.0116239
3.222 	 -0.0349664
3.223 	 -0.0581194
3.224 	 -0.0810398
3.225 	 -0.103685
3.226 	 -0.126014
3.227 	 -0.147987
3.228 	 -0.169564
3.229 	 -0.190709
3.23 	 -0.211385
3.231 	 -0.23156
3.232 	 -0.2512
3.233 	 -0.270274
3.234 	 -0.288755
3.235 	 -0.306612
3.236 	 -0.323821
3.237 	 -0.340354
3.238 	 -0.356189
3.239 	 -0.3713
3.24 	 -0.385668
3.241 	 -0.39927
3.242 	 -0.412088
3.243 	 -0.424104
3.244 	 -0.435301
3.245 	 -0.445666
3.246 	 -0.455187
3.247 	 -0.463854
3.248 	 -0.471659
3.249 	 -0.478597
3.25 	 -0.484663
3.251 	 -0.489856
3.252 	 -0.494175
3.253 	 -0.497621
3.254 	 -0.500196
3.255 	 -0.501905
3.256 	 -0.502751
3.257 	 -0.502741
3.258 	 -0.501881
3.259 	 -0.500179
3.26 	 -0.497643
3.261 	 -0.494284
3.262 	 -0.490112
3.263 	 -0.48514
3.264 	 -0.479381
3.265 	 -0.472851
3.266 	 -0.465565
3.267 	 -0.457542
3.268 	 -0.448798
3.269 	 -0.439355
3.27 	 -0.429231
3.271 	 -0.418447
3.272 	 -0.407025
3.273 	 -0.394987
3.274 	 -0.382354
3.275 	 -0.369151
3.276 	 -0.3554
3.277 	 -0.341126
3.278 	 -0.326355
3.279 	 -0.311112
3.28 	 -0.295425
3.281 	 -0.279321
3.282 	 -0.26283
3.283 	 -0.245981
3.284 	 -0.228802
3.285 	 -0.211326
3.286 	 -0.193582
3.287 	 -0.1756
3.288 	 -0.15741
3.289 	 -0.139041
3.29 	 -0.120523
3.291 	 -0.101885
3.292 	 -0.0831529
3.293 	 -0.0643555
3.294 	 -0.0455198
3.295 	 -0.0266728
3.296 	 -0.00784159
3.297 	 0.0109467
3.298 	 0.0296646
3.299 	 0.0482845
3.3 	 0.0667785
3.301 	 0.0851185
3.302 	 0.103276
3.303 	 0.121224
3.304 	 0.138934
3.305 	 0.156379
3.306 	 0.173532
3.307 	 0.190367
3.308 	 0.206859
3.309 	 0.222983
3.31 	 0.238715
3.311 	 0.254033
3.312 	 0.268914
3.313 	 0.283337
3.314 	 0.297281
3.315 	 0.310726
3.316 	 0.323653
3.317 	 0.336042
3.318 	 0.347877
3.319 	 0.35914
3.32 	 0.369815
3.321 	 0.379888
3.322 	 0.389344
3.323 	 0.398172
3.324 	 0.406361
3.325 	 0.413901
3.326 	 0.420783
3.327 	 0.427001
3.328 	 0.432547
3.329 	 0.437417
3.33 	 0.441605
3.331 	 0.445107
3.332 	 0.447919
3.333 	 0.45004
3.334 	 0.451466
3.335 	 0.452195
3.336 	 0.452228
3.337 	 0.451563
3.338 	 0.450204
3.339 	 0.448153
3.34 	 0.445415
3.341 	 0.441994
3.342 	 0.437899
3.343 	 0.433139
3.344 	 0.427723
3.345 	 0.421664
3.346 	 0.414974
3.347 	 0.407667
3.348 	 0.399757
3.349 	 0.391259
3.35 	 0.382189
3.351 	 0.372564
3.352 	 0.362398
3.353 	 0.351711
3.354 	 0.34052
3.355 	 0.328843
3.356 	 0.316699
3.357 	 0.30411
3.358 	 0.291095
3.359 	 0.277678
3.36 	 0.263882
3.361 	 0.249729
3.362 	 0.235244
3.363 	 0.220452
3.364 	 0.205377
3.365 	 0.190046
3.366 	 0.174484
3.367 	 0.158715
3.368 	 0.142764
3.369 	 0.126657
3.37 	 0.110418
3.371 	 0.0940718
3.372 	 0.0776431
3.373 	 0.0611566
3.374 	 0.0446369
3.375 	 0.0281088
3.376 	 0.0115973
3.377 	 -0.00487272
3.378 	 -0.0212764
3.379 	 -0.0375891
3.38 	 -0.0537864
3.381 	 -0.0698441
3.382 	 -0.0857388
3.383 	 -0.101448
3.384 	 -0.116948
3.385 	 -0.132219
3.386 	 -0.14724
3.387 	 -0.161989
3.388 	 -0.176449
3.389 	 -0.190598
3.39 	 -0.20442
3.391 	 -0.217894
3.392 	 -0.231003
3.393 	 -0.24373
3.394 	 -0.256057
3.395 	 -0.267967
3.396 	 -0.279445
3.397 	 -0.290475
3.398 	 -0.301043
3.399 	 -0.311136
3.4 	 -0.320742
3.401 	 -0.329852
3.402 	 -0.338455
3.403 	 -0.346544
3.404 	 -0.354112
3.405 	 -0.361154
3.406 	 -0.367664
3.407 	 -0.373637
3.408 	 -0.379071
3.409 	 -0.383963
3.41 	 -0.388308
3.411 	 -0.392104
3.412 	 -0.39535
3.413 	 -0.398043
3.414 	 -0.400183
3.415 	 -0.401768
3.416 	 -0.402798
3.417 	 -0.403275
3.418 	 -0.403201
3.419 	 -0.402579
3.42 	 -0.401412
3.421 	 -0.399707
3.422 	 -0.397468
3.423 	 -0.394702
3.424 	 -0.391417
3.425 	 -0.387621
3.426 	 -0.383322
3.427 	 -0.378528
3.428 	 -0.373249
3.429 	 -0.367493
3.43 	 -0.361272
3.431 	 -0.354594
3.432 	 -0.347471
3.433 	 -0.339913
3.434 	 -0.331933
3.435 	 -0.323544
3.436 	 -0.314759
3.437 	 -0.305591
3.438 	 -0.296056
3.439 	 -0.286168
3.44 	 -0.275943
3.441 	 -0.265398
3.442 	 -0.254547
3.443 	 -0.243408
3.444 	 -0.231996
3.445 	 -0.220327
3.446 	 -0.208418
3.447 	 -0.196285
3.448 	 -0.183944
3.449 	 -0.171411
3.45 	 -0.158705
3.451 	 -0.14584
3.452 	 -0.132836
3.453 	 -0.119709
3.454 	 -0.106478
3.455 	 -0.0931607
3.456 	 -0.079776
3.457 	 -0.0663419
3.458 	 -0.0528767
3.459 	 -0.0393981
3.46 	 -0.0259236
3.461 	 -0.0124703
3.462 	 0.000945076
3.463 	 0.0143063
3.464 	 0.0275975
3.465 	 0.0408029
3.466 	 0.0539069
3.467 	 0.0668938
3.468 	 0.0797479
3.469 	 0.0924535
3.47 	 0.104994
3.471 	 0.117354
3.472 	 0.129517
3.473 	 0.141466
3.474 	 0.153186
3.475 	 0.16466
3.476 	 0.175874
3.477 	 0.186813
3.478 	 0.197462
3.479 	 0.207811
3.48 	 0.217845
3.481 	 0.227555
3.482 	 0.236929
3.483 	 0.245959
3.484 	 0.254634
3.485 	 0.262948
3.486 	 0.270891
3.487 	 0.278455
3.488 	 0.285633
3.489 	 0.292418
3.49 	 0.298803
3.491 	 0.304781
3.492 	 0.310346
3.493 	 0.315493
3.494 	 0.320217
3.495 	 0.324515
3.496 	 0.328384
3.497 	 0.331821
3.498 	 0.334826
3.499 	 0.337399
3.5 	 0.339539
3.501 	 0.341248
3.502 	 0.342527
3.503 	 0.343379
3.504 	 0.343805
3.505 	 0.343809
3.506 	 0.343394
3.507 	 0.342562
3.508 	 0.341317
3.509 	 0.339664
3.51 	 0.337607
3.511 	 0.335152
3.512 	 0.332304
3.513 	 0.329071
3.514 	 0.325459
3.515 	 0.321476
3.516 	 0.317132
3.517 	 0.312436
3.518 	 0.307396
3.519 	 0.302023
3.52 	 0.296326
3.521 	 0.290315
3.522 	 0.284001
3.523 	 0.277394
3.524 	 0.270504
3.525 	 0.263342
3.526 	 0.255918
3.527 	 0.248244
3.528 	 0.240331
3.529 	 0.232191
3.53 	 0.223837
3.531 	 0.215282
3.532 	 0.206539
3.533 	 0.197622
3.534 	 0.188543
3.535 	 0.179318
3.536 	 0.16996
3.537 	 0.160481
3.538 	 0.150894
3.539 	 0.141212
3.54 	 0.131446
3.541 	 0.121609
3.542 	 0.111709
3.543 	 0.10176
3.544 	 0.0917698
3.545 	 0.0817503
3.546 	 0.0717119
3.547 	 0.0616652
3.548 	 0.0516212
3.549 	 0.0415911
3.55 	 0.0315859
3.551 	 0.0216169
3.552 	 0.0116951
3.553 	 0.00183149
3.554 	 -0.00796348
3.555 	 -0.0176798
3.556 	 -0.0273078
3.557 	 -0.0368386
3.558 	 -0.0462637
3.559 	 -0.0555753
3.56 	 -0.0647658
3.561 	 -0.0738281
3.562 	 -0.0827551
3.563 	 -0.0915399
3.564 	 -0.100176
3.565 	 -0.108655
3.566 	 -0.116972
3.567 	 -0.125118
3.568 	 -0.133086
3.569 	 -0.14087
3.57 	 -0.148462
3.571 	 -0.155855
3.572 	 -0.163044
3.573 	 -0.170022
3.574 	 -0.176784
3.575 	 -0.183325
3.576 	 -0.189641
3.577 	 -0.195729
3.578 	 -0.201583
3.579 	 -0.207202
3.58 	 -0.212582
3.581 	 -0.217719
3.582 	 -0.222612
3.583 	 -0.227257
3.584 	 -0.231652
3.585 	 -0.235793
3.586 	 -0.239678
3.587 	 -0.243305
3.588 	 -0.246672
3.589 	 -0.249776
3.59 	 -0.252617
3.591 	 -0.255193
3.592 	 -0.257505
3.593 	 -0.259551
3.594 	 -0.261333
3.595 	 -0.26285
3.596 	 -0.264103
3.597 	 -0.265092
3.598 	 -0.265818
3.599 	 -0.266282
3.6 	 -0.266483
3.601 	 -0.266422
3.602 	 -0.266099
3.603 	 -0.265514
3.604 	 -0.264669
3.605 	 -0.263564
3.606 	 -0.262201
3.607 	 -0.260581
3.608 	 -0.258707
3.609 	 -0.256582
3.61 	 -0.254209
3.611 	 -0.251593
3.612 	 -0.248737
3.613 	 -0.245646
3.614 	 -0.242324
3.615 	 -0.238776
3.616 	 -0.235007
3.617 	 -0.23102
3.618 	 -0.226821
3.619 	 -0.222413
3.62 	 -0.217801
3.621 	 -0.212989
3.622 	 -0.207983
3.623 	 -0.202787
3.624 	 -0.197408
3.625 	 -0.191852
3.626 	 -0.186125
3.627 	 -0.180236
3.628 	 -0.174193
3.629 	 -0.168003
3.63 	 -0.161675
3.631 	 -0.155219
3.632 	 -0.148642
3.633 	 -0.141953
3.634 	 -0.13516
3.635 	 -0.128272
3.636 	 -0.121296
3.637 	 -0.114239
3.638 	 -0.107108
3.639 	 -0.0999122
3.64 	 -0.0926573
3.641 	 -0.0853513
3.642 	 -0.0780019
3.643 	 -0.070617
3.644 	 -0.0632049
3.645 	 -0.0557741
3.646 	 -0.0483332
3.647 	 -0.040891
3.648 	 -0.0334563
3.649 	 -0.0260377
3.65 	 -0.0186436
3.651 	 -0.0112822
3.652 	 -0.00396127
3.653 	 0.00331183
3.654 	 0.01053
3.655 	 0.0176864
3.656 	 0.0247745
3.657 	 0.0317879
3.658 	 0.0387202
3.659 	 0.045565
3.66 	 0.0523157
3.661 	 0.0589659
3.662 	 0.0655091
3.663 	 0.0719386
3.664 	 0.078248
3.665 	 0.084431
3.666 	 0.0904816
3.667 	 0.096394
3.668 	 0.102163
3.669 	 0.107784
3.67 	 0.113252
3.671 	 0.118564
3.672 	 0.123715
3.673 	 0.128703
3.674 	 0.133525
3.675 	 0.138176
3.676 	 0.142656
3.677 	 0.14696
3.678 	 0.151087
3.679 	 0.155033
3.68 	 0.158797
3.681 	 0.162375
3.682 	 0.165766
3.683 	 0.168968
3.684 	 0.17198
3.685 	 0.174802
3.686 	 0.177433
3.687 	 0.179874
3.688 	 0.182124
3.689 	 0.184186
3.69 	 0.186061
3.691 	 0.18775
3.692 	 0.189254
3.693 	 0.190576
3.694 	 0.191716
3.695 	 0.192675
3.696 	 0.193455
3.697 	 0.194055
3.698 	 0.194478
3.699 	 0.194724
3.7 	 0.194794
3.701 	 0.194689
3.702 	 0.194411
3.703 	 0.193962
3.704 	 0.193346
3.705 	 0.192563
3.706 	 0.191619
3.707 	 0.190515
3.708 	 0.189257
3.709 	 0.187847
3.71 	 0.186288
3.711 	 0.184585
3.712 	 0.18274
3.713 	 0.180755
3.714 	 0.178634
3.715 	 0.176378
3.716 	 0.17399
3.717 	 0.171472
3.718 	 0.168826
3.719 	 0.166056
3.72 	 0.163163
3.721 	 0.160153
3.722 	 0.157028
3.723 	 0.153793
3.724 	 0.150452
3.725 	 0.14701
3.726 	 0.143473
3.727 	 0.139844
3.728 	 0.136128
3.729 	 0.132331
3.73 	 0.128456
3.731 	 0.124507
3.732 	 0.120489
3.733 	 0.116404
3.734 	 0.112257
3.735 	 0.108051
3.736 	 0.103789
3.737 	 0.099476
3.738 	 0.0951149
3.739 	 0.0907102
3.74 	 0.0862665
3.741 	 0.0817883
3.742 	 0.0772804
3.743 	 0.0727477
3.744 	 0.0681949
3.745 	 0.0636267
3.746 	 0.0590474
3.747 	 0.0544612
3.748 	 0.0498722
3.749 	 0.0452838
3.75 	 0.0406995
3.751 	 0.0361227
3.752 	 0.0315566
3.753 	 0.0270045
3.754 	 0.0224697
3.755 	 0.0179557
3.756 	 0.0134663
3.757 	 0.00900509
3.758 	 0.00457613
3.759 	 0.000183358
3.76 	 -0.00416928
3.761 	 -0.0084779
3.762 	 -0.0127388
3.763 	 -0.0169486
3.764 	 -0.021104
3.765 	 -0.025202
3.766 	 -0.02924
3.767 	 -0.0332156
3.768 	 -0.0371263
3.769 	 -0.04097
3.77 	 -0.0447443
3.771 	 -0.0484469
3.772 	 -0.0520754
3.773 	 -0.055627
3.774 	 -0.0590991
3.775 	 -0.0624889
3.776 	 -0.0657935
3.777 	 -0.0690103
3.778 	 -0.0721366
3.779 	 -0.0751704
3.78 	 -0.0781096
3.781 	 -0.0809529
3.782 	 -0.0836994
3.783 	 -0.0863482
3.784 	 -0.0888994
3.785 	 -0.0913527
3.786 	 -0.0937085
3.787 	 -0.095967
3.788 	 -0.0981284
3.789 	 -0.100193
3.79 	 -0.10216
3.791 	 -0.10403
3.792 	 -0.105802
3.793 	 -0.107477
3.794 	 -0.109053
3.795 	 -0.110529
3.796 	 -0.111907
3.797 	 -0.113186
3.798 	 -0.114366
3.799 	 -0.115449
3.8 	 -0.116435
3.801 	 -0.117326
3.802 	 -0.118124
3.803 	 -0.118831
3.804 	 -0.119449
3.805 	 -0.11998
3.806 	 -0.120426
3.807 	 -0.120788
3.808 	 -0.121068
3.809 	 -0.121266
3.81 	 -0.121383
3.811 	 -0.12142
3.812 	 -0.121377
3.813 	 -0.121253
3.814 	 -0.12105
3.815 	 -0.120767
3.816 	 -0.120406
3.817 	 -0.119967
3.818 	 -0.119453
3.819 	 -0.118863
3.82 	 -0.1182
3.821 	 -0.117466
3.822 	 -0.116663
3.823 	 -0.115792
3.824 	 -0.114855
3.825 	 -0.113854
3.826 	 -0.112788
3.827 	 -0.11166
3.828 	 -0.11047
3.829 	 -0.109217
3.83 	 -0.107904
3.831 	 -0.106529
3.832 	 -0.105093
3.833 	 -0.103598
3.834 	 -0.102043
3.835 	 -0.10043
3.836 	 -0.0987615
3.837 	 -0.0970377
3.838 	 -0.0952609
3.839 	 -0.093433
3.84 	 -0.0915558
3.841 	 -0.0896309
3.842 	 -0.0876601
3.843 	 -0.0856446
3.844 	 -0.0835858
3.845 	 -0.0814846
3.846 	 -0.079342
3.847 	 -0.0771589
3.848 	 -0.0749361
3.849 	 -0.0726747
3.85 	 -0.0703757
3.851 	 -0.0680405
3.852 	 -0.0656706
3.853 	 -0.0632678
3.854 	 -0.0608339
3.855 	 -0.0583709
3.856 	 -0.055881
3.857 	 -0.0533661
3.858 	 -0.0508283
3.859 	 -0.0482691
3.86 	 -0.0456904
3.861 	 -0.0430935
3.862 	 -0.0404797
3.863 	 -0.0378502
3.864 	 -0.0352062
3.865 	 -0.0325489
3.866 	 -0.0298797
3.867 	 -0.0272002
3.868 	 -0.0245124
3.869 	 -0.0218182
3.87 	 -0.0191202
3.871 	 -0.016421
3.872 	 -0.0137232
3.873 	 -0.0110297
3.874 	 -0.00834332
3.875 	 -0.00566663
3.876 	 -0.00300215
3.877 	 -0.000352148
3.878 	 0.00228135
3.879 	 0.00489652
3.88 	 0.00749168
3.881 	 0.0100653
3.882 	 0.0126158
3.883 	 0.0151415
3.884 	 0.0176406
3.885 	 0.0201112
3.886 	 0.022551
3.887 	 0.0249574
3.888 	 0.0273279
3.889 	 0.0296594
3.89 	 0.0319492
3.891 	 0.0341945
3.892 	 0.0363927
3.893 	 0.0385413
3.894 	 0.0406385
3.895 	 0.0426825
3.896 	 0.0446724
3.897 	 0.0466071
3.898 	 0.0484862
3.899 	 0.0503094
3.9 	 0.0520765
3.901 	 0.0537872
3.902 	 0.0554413
3.903 	 0.0570383
3.904 	 0.0585776
3.905 	 0.0600584
3.906 	 0.0614798
3.907 	 0.0628409
3.908 	 0.0641405
3.909 	 0.0653778
3.91 	 0.0665522
3.911 	 0.0676632
3.912 	 0.0687108
3.913 	 0.0696952
3.914 	 0.0706172
3.915 	 0.0714778
3.916 	 0.0722781
3.917 	 0.0730197
3.918 	 0.0737039
3.919 	 0.0743321
3.92 	 0.0749056
3.921 	 0.0754254
3.922 	 0.0758922
3.923 	 0.0763066
3.924 	 0.0766689
3.925 	 0.0769793
3.926 	 0.0772379
3.927 	 0.0774448
3.928 	 0.0776004
3.929 	 0.077705
3.93 	 0.0777594
3.931 	 0.0777644
3.932 	 0.0777212
3.933 	 0.0776312
3.934 	 0.0774958
3.935 	 0.0773165
3.936 	 0.0770947
3.937 	 0.0768318
3.938 	 0.076529
3.939 	 0.0761871
3.94 	 0.0758069
3.941 	 0.0753888
3.942 	 0.0749332
3.943 	 0.0744402
3.944 	 0.07391
3.945 	 0.0733427
3.946 	 0.0727385
3.947 	 0.0720981
3.948 	 0.0714218
3.949 	 0.0707106
3.95 	 0.0699654
3.951 	 0.0691872
3.952 	 0.0683772
3.953 	 0.0675364
3.954 	 0.066666
3.955 	 0.0657668
3.956 	 0.0648396
3.957 	 0.063885
3.958 	 0.0629035
3.959 	 0.0618955
3.96 	 0.0608612
3.961 	 0.059801
3.962 	 0.0587153
3.963 	 0.0576046
3.964 	 0.0564696
3.965 	 0.0553108
3.966 	 0.0541293
3.967 	 0.0529257
3.968 	 0.0517011
3.969 	 0.0504562
3.97 	 0.0491916
3.971 	 0.0479077
3.972 	 0.0466046
3.973 	 0.0452821
3.974 	 0.0439399
3.975 	 0.0425773
3.976 	 0.0411937
3.977 	 0.0397883
3.978 	 0.0383607
3.979 	 0.0369104
3.98 	 0.0354378
3.981 	 0.0339434
3.982 	 0.0324283
3.983 	 0.0308943
3.984 	 0.0293434
3.985 	 0.0277784
3.986 	 0.0262019
3.987 	 0.0246169
3.988 	 0.0230262
3.989 	 0.0214325
3.99 	 0.0198377
3.991 	 0.0182436
3.992 	 0.0166511
3.993 	 0.0150606
3.994 	 0.0134715
3.995 	 0.011883
3.996 	 0.0102936
3.997 	 0.00870134
3.998 	 0.0071042
3.999 	 0.00550009
4.0 	 0.00388711
