0.0 	 0.0 
0.01 	 3.281133e-09 
0.02 	 9.437657e-09 
0.03 	 1.193276e-08 
0.04 	 1.080889e-08 
0.05 	 5.14098e-09 
0.06 	 -2.085141e-08 
0.07 	 -9.13377e-08 
0.08 	 -2.317505e-07 
0.09 	 -4.309293e-07 
0.1 	 -5.747351e-07 
0.11 	 -5.286608e-07 
0.12 	 -2.726125e-07 
0.13 	 1.626654e-07 
0.14 	 6.950973e-07 
0.15 	 1.228622e-06 
0.16 	 1.820228e-06 
0.17 	 2.546823e-06 
0.18 	 3.427839e-06 
0.19 	 4.505061e-06 
0.2 	 5.624629e-06 
0.21 	 6.54038e-06 
0.22 	 7.316418e-06 
0.23 	 8.009872e-06 
0.24 	 8.298177e-06 
0.25 	 7.792809e-06 
0.26 	 6.284563e-06 
0.27 	 3.620286e-06 
0.28 	 2.111163e-08 
0.29 	 -3.872248e-06 
0.3 	 -7.74737e-06 
0.31 	 -1.185128e-05 
0.32 	 -1.671423e-05 
0.33 	 -2.245364e-05 
0.34 	 -2.866198e-05 
0.35 	 -3.50093e-05 
0.36 	 -4.053047e-05 
0.37 	 -4.346399e-05 
0.38 	 -4.313001e-05 
0.39 	 -4.042175e-05 
0.4 	 -3.657611e-05 
0.41 	 -3.257969e-05 
0.42 	 -2.832226e-05 
0.43 	 -2.241822e-05 
0.44 	 -1.329359e-05 
0.45 	 1.94506e-07 
0.46 	 1.786757e-05 
0.47 	 3.873721e-05 
0.48 	 6.185516e-05 
0.49 	 8.463467e-05 
0.5 	 0.0001033987 
0.51 	 0.0001162307 
0.52 	 0.0001236648 
0.53 	 0.0001270884 
0.54 	 0.0001262765 
0.55 	 0.0001203062 
0.56 	 0.0001105978 
0.57 	 0.0001009576 
0.58 	 9.527014e-05 
0.59 	 9.409143e-05 
0.6 	 9.29391e-05 
0.61 	 8.669189e-05 
0.62 	 7.448886e-05 
0.63 	 5.718271e-05 
0.64 	 3.582668e-05 
0.65 	 1.346794e-05 
0.66 	 -7.255139e-06 
0.67 	 -2.464364e-05 
0.68 	 -3.711682e-05 
0.69 	 -4.719194e-05 
0.7 	 -6.054594e-05 
0.71 	 -7.872936e-05 
0.72 	 -9.823645e-05 
0.73 	 -0.0001151342 
0.74 	 -0.0001276729 
0.75 	 -0.0001346561 
0.76 	 -0.0001354606 
0.77 	 -0.0001337374 
0.78 	 -0.0001322545 
0.79 	 -0.0001286481 
0.8 	 -0.0001225923 
0.81 	 -0.0001169545 
0.82 	 -0.0001123983 
0.83 	 -0.0001091241 
0.84 	 -0.0001084798 
0.85 	 -0.0001078717 
0.86 	 -0.0001028405 
0.87 	 -9.269012e-05 
0.88 	 -7.954382e-05 
0.89 	 -6.505774e-05 
0.9 	 -4.8558e-05 
0.91 	 -3.178268e-05 
0.92 	 -1.980443e-05 
0.93 	 -1.421477e-05 
0.94 	 -1.12632e-05 
0.95 	 -3.374949e-06 
0.96 	 1.505984e-05 
0.97 	 4.061373e-05 
0.98 	 6.264254e-05 
0.99 	 7.235381e-05 
1.0 	 7.002865e-05 
1.01 	 6.168074e-05 
1.02 	 5.034737e-05 
1.03 	 3.548618e-05 
1.04 	 1.73143e-05 
1.05 	 -1.230403e-06 
1.06 	 -1.488472e-05 
1.07 	 -1.926844e-05 
1.08 	 -1.152812e-05 
1.09 	 6.991535e-06 
1.1 	 2.913911e-05 
1.11 	 4.652949e-05 
1.12 	 4.950574e-05 
1.13 	 3.246932e-05 
1.14 	 4.362844e-06 
1.15 	 -1.663684e-05 
1.16 	 -2.054602e-05 
1.17 	 -1.382616e-05 
1.18 	 -1.324588e-05 
1.19 	 -3.572661e-05 
1.2 	 -8.610271e-05 
1.21 	 -0.0001540396 
1.22 	 -0.0002237403 
1.23 	 -0.0002781701 
1.24 	 -0.0003031357 
1.25 	 -0.0002939665 
1.26 	 -0.00025057 
1.27 	 -0.0001779278 
1.28 	 -9.643124e-05 
1.29 	 -3.022247e-05 
1.3 	 1.371268e-05 
1.31 	 4.351216e-05 
1.32 	 7.378789e-05 
1.33 	 0.0001189618 
1.34 	 0.0001842367 
1.35 	 0.0002663938 
1.36 	 0.0003561434 
1.37 	 0.0004438232 
1.38 	 0.0005222121 
1.39 	 0.0005795714 
1.4 	 0.0006095889 
1.41 	 0.0006230284 
1.42 	 0.0006425768 
1.43 	 0.0006903163 
1.44 	 0.0007698804 
1.45 	 0.0008645462 
1.46 	 0.0009519942 
1.47 	 0.001015171 
1.48 	 0.001046218 
1.49 	 0.001039193 
1.5 	 0.0009894487 
1.51 	 0.0009035959 
1.52 	 0.0007994142 
1.53 	 0.0006939595 
1.54 	 0.0005889284 
1.55 	 0.0004673902 
1.56 	 0.0003063077 
1.57 	 9.91365e-05 
1.58 	 -0.0001358143 
1.59 	 -0.0003662459 
1.6 	 -0.0005636815 
1.61 	 -0.0007239928 
1.62 	 -0.0008674387 
1.63 	 -0.001021088 
1.64 	 -0.001206733 
1.65 	 -0.001433408 
1.66 	 -0.001688678 
1.67 	 -0.001942087 
1.68 	 -0.002153711 
1.69 	 -0.002287022 
1.7 	 -0.002340534 
1.71 	 -0.002351868 
1.72 	 -0.002364264 
1.73 	 -0.002396011 
1.74 	 -0.002429499 
1.75 	 -0.002435226 
1.76 	 -0.002403674 
1.77 	 -0.002346199 
1.78 	 -0.00228082 
1.79 	 -0.002221879 
1.8 	 -0.002172166 
1.81 	 -0.002119586 
1.82 	 -0.002046272 
1.83 	 -0.001940666 
1.84 	 -0.001800178 
1.85 	 -0.001633262 
1.86 	 -0.00145531 
1.87 	 -0.001276851 
1.88 	 -0.001099066 
1.89 	 -0.0009202414 
1.9 	 -0.0007469814 
1.91 	 -0.0005942239 
1.92 	 -0.000470253 
1.93 	 -0.0003692214 
1.94 	 -0.0002792941 
1.95 	 -0.000189051 
1.96 	 -9.175428e-05 
1.97 	 1.360454e-05 
1.98 	 0.0001278327 
1.99 	 0.0002471119 
2.0 	 0.0003634145 
2.01 	 0.0004731287 
2.02 	 0.0005709239 
2.03 	 0.0006430078 
2.04 	 0.0006801131 
2.05 	 0.0006994092 
2.06 	 0.0007310317 
2.07 	 0.0007829415 
2.08 	 0.0008374265 
2.09 	 0.0008675252 
2.1 	 0.0008469526 
2.11 	 0.0007634816 
2.12 	 0.0006391092 
2.13 	 0.0005202942 
2.14 	 0.0004486777 
2.15 	 0.0004443123 
2.16 	 0.000501665 
2.17 	 0.0005998536 
2.18 	 0.000711694 
2.19 	 0.0008174074 
2.2 	 0.0009188968 
2.21 	 0.001031705 
2.22 	 0.001169724 
2.23 	 0.001331252 
2.24 	 0.001493127 
2.25 	 0.001626944 
2.26 	 0.001711253 
2.27 	 0.001722811 
2.28 	 0.001645595 
2.29 	 0.001499369 
2.3 	 0.001333645 
2.31 	 0.001194183 
2.32 	 0.001099274 
2.33 	 0.001035091 
2.34 	 0.0009848307 
2.35 	 0.0009536409 
2.36 	 0.0009569761 
2.37 	 0.001002373 
2.38 	 0.001080846 
2.39 	 0.001168012 
2.4 	 0.001233029 
2.41 	 0.001256739 
2.42 	 0.001242802 
2.43 	 0.001209707 
2.44 	 0.001170947 
2.45 	 0.001118561 
2.46 	 0.00103452 
2.47 	 0.0009084635 
2.48 	 0.0007391032 
2.49 	 0.0005415448 
2.5 	 0.0003528642 
2.51 	 0.0002154746 
2.52 	 0.0001569619 
2.53 	 0.0001824461 
2.54 	 0.0002729956 
2.55 	 0.0003919482 
2.56 	 0.0005005992 
2.57 	 0.0005780552 
2.58 	 0.0006265473 
2.59 	 0.0006553701 
2.6 	 0.0006700193 
2.61 	 0.0006652631 
2.62 	 0.0006255401 
2.63 	 0.000536319 
2.64 	 0.0003832109 
2.65 	 0.0001583624 
2.66 	 -0.0001289651 
2.67 	 -0.0004649275 
2.68 	 -0.0008328287 
2.69 	 -0.001197469 
2.7 	 -0.001505642 
2.71 	 -0.001716805 
2.72 	 -0.001828861 
2.73 	 -0.001854889 
2.74 	 -0.001798801 
2.75 	 -0.001667435 
2.76 	 -0.001483857 
2.77 	 -0.001283354 
2.78 	 -0.001103495 
2.79 	 -0.0009687218 
2.8 	 -0.0008773538 
2.81 	 -0.000811508 
2.82 	 -0.0007503742 
2.83 	 -0.0006757911 
2.84 	 -0.000581789 
2.85 	 -0.0004769275 
2.86 	 -0.0003695406 
2.87 	 -0.0002558672 
2.88 	 -0.0001295011 
2.89 	 3.896647e-06 
2.9 	 0.0001203943 
2.91 	 0.0001815449 
2.92 	 0.000155614 
2.93 	 4.533426e-05 
2.94 	 -0.0001084238 
2.95 	 -0.0002509696 
2.96 	 -0.0003436916 
2.97 	 -0.0003778254 
2.98 	 -0.0003674744 
2.99 	 -0.0003387941 
3.0 	 -0.0003192969 
3.01 	 -0.0003214095 
3.02 	 -0.0003298499 
3.03 	 -0.0003114371 
3.04 	 -0.0002444374 
3.05 	 -0.0001284 
3.06 	 2.480663e-05 
3.07 	 0.0001875507 
3.08 	 0.0003170558 
3.09 	 0.0003724901 
3.1 	 0.0003457528 
3.11 	 0.0002820002 
3.12 	 0.0002554862 
3.13 	 0.0003181047 
3.14 	 0.0004665136 
3.15 	 0.0006622827 
3.16 	 0.0008692308 
3.17 	 0.001070269 
3.18 	 0.001266495 
3.19 	 0.001456518 
3.2 	 0.001622151 
3.21 	 0.001742742 
3.22 	 0.001816958 
3.23 	 0.001860677 
3.24 	 0.001887685 
3.25 	 0.001898608 
3.26 	 0.001889177 
3.27 	 0.001859493 
3.28 	 0.001808444 
3.29 	 0.001733404 
3.3 	 0.001637451 
3.31 	 0.001529136 
3.32 	 0.001416787 
3.33 	 0.00130245 
3.34 	 0.00118759 
3.35 	 0.001081633 
3.36 	 0.0009909852 
3.37 	 0.0009045861 
3.38 	 0.0008022955 
3.39 	 0.0006807027 
3.4 	 0.0005670864 
3.41 	 0.0005082479 
3.42 	 0.0005378092 
3.43 	 0.0006574345 
3.44 	 0.0008486253 
3.45 	 0.001075092 
3.46 	 0.00128763 
3.47 	 0.001447976 
3.48 	 0.001540018 
3.49 	 0.001563164 
3.5 	 0.001526215 
3.51 	 0.001448068 
3.52 	 0.00136137 
3.53 	 0.001307074 
3.54 	 0.001306643 
3.55 	 0.001342919 
3.56 	 0.001377424 
3.57 	 0.001373167 
3.58 	 0.001301871 
3.59 	 0.001156486 
3.6 	 0.0009599583 
3.61 	 0.0007472939 
3.62 	 0.0005446175 
3.63 	 0.0003553998 
3.64 	 0.0001587438 
3.65 	 -6.379578e-05 
3.66 	 -0.0003092003 
3.67 	 -0.0005596363 
3.68 	 -0.0007867484 
3.69 	 -0.0009625204 
3.7 	 -0.001075518 
3.71 	 -0.001133444 
3.72 	 -0.001158287 
3.73 	 -0.001183091 
3.74 	 -0.001240404 
3.75 	 -0.00133906 
3.76 	 -0.001457559 
3.77 	 -0.001567078 
3.78 	 -0.001656605 
3.79 	 -0.001722646 
3.8 	 -0.00174025 
3.81 	 -0.001663583 
3.82 	 -0.001466893 
3.83 	 -0.001179354 
3.84 	 -0.0008656403 
3.85 	 -0.0005877035 
3.86 	 -0.00037824 
3.87 	 -0.0002289549 
3.88 	 -0.000106061 
3.89 	 3.051315e-05 
3.9 	 0.0002110744 
3.91 	 0.0004437082 
3.92 	 0.0007182973 
3.93 	 0.001014336 
3.94 	 0.001310658 
3.95 	 0.001587355 
3.96 	 0.001820346 
3.97 	 0.001996155 
3.98 	 0.002123691 
3.99 	 0.002223511 
4.0 	 0.002312908 
4.01 	 0.002398445 
4.02 	 0.002480839 
4.03 	 0.002548626 
4.04 	 0.002571296 
4.05 	 0.002526539 
4.06 	 0.002424845 
4.07 	 0.002304245 
4.08 	 0.002220545 
4.09 	 0.002234545 
4.1 	 0.002383319 
4.11 	 0.002661629 
4.12 	 0.003028795 
4.13 	 0.003422761 
4.14 	 0.003780081 
4.15 	 0.004053772 
4.16 	 0.004223821 
4.17 	 0.00429919 
4.18 	 0.00430388 
4.19 	 0.004270124 
4.2 	 0.004224972 
4.21 	 0.004164199 
4.22 	 0.004062115 
4.23 	 0.003899569 
4.24 	 0.00367265 
4.25 	 0.003389692 
4.26 	 0.003064949 
4.27 	 0.002704515 
4.28 	 0.002300675 
4.29 	 0.001860987 
4.3 	 0.001424681 
4.31 	 0.001025987 
4.32 	 0.0006695118 
4.33 	 0.0003454494 
4.34 	 3.786341e-05 
4.35 	 -0.0002675174 
4.36 	 -0.0005662953 
4.37 	 -0.0008434143 
4.38 	 -0.001104298 
4.39 	 -0.001382468 
4.4 	 -0.001716744 
4.41 	 -0.002123142 
4.42 	 -0.002577314 
4.43 	 -0.003025782 
4.44 	 -0.003420226 
4.45 	 -0.003753538 
4.46 	 -0.004058229 
4.47 	 -0.004371616 
4.48 	 -0.0047149 
4.49 	 -0.00508804 
4.5 	 -0.00546597 
4.51 	 -0.005798427 
4.52 	 -0.006022246 
4.53 	 -0.006086687 
4.54 	 -0.005986035 
4.55 	 -0.005766676 
4.56 	 -0.005498435 
4.57 	 -0.005240959 
4.58 	 -0.005016734 
4.59 	 -0.004815438 
4.6 	 -0.004623315 
4.61 	 -0.004428711 
4.62 	 -0.004217509 
4.63 	 -0.003981451 
4.64 	 -0.003726129 
4.65 	 -0.003466021 
4.66 	 -0.003204751 
4.67 	 -0.002932839 
4.68 	 -0.00265567 
4.69 	 -0.002404501 
4.7 	 -0.0022063 
4.71 	 -0.002059664 
4.72 	 -0.001945884 
4.73 	 -0.001843016 
4.74 	 -0.001734571 
4.75 	 -0.001610692 
4.76 	 -0.001450289 
4.77 	 -0.001228688 
4.78 	 -0.0009510883 
4.79 	 -0.0006482747 
4.8 	 -0.0003418221 
4.81 	 -2.613571e-05 
4.82 	 0.0003207185 
4.83 	 0.0007121756 
4.84 	 0.001146668 
4.85 	 0.001624858 
4.86 	 0.00215595 
4.87 	 0.002737556 
4.88 	 0.003331619 
4.89 	 0.003869839 
4.9 	 0.004283075 
4.91 	 0.004528923 
4.92 	 0.004602355 
4.93 	 0.004529132 
4.94 	 0.004349001 
4.95 	 0.004084786 
4.96 	 0.003726216 
4.97 	 0.003245858 
4.98 	 0.002623556 
4.99 	 0.001864301 
5.0 	 0.001018523 
5.01 	 0.0001840331 
5.02 	 -0.0005528734 
5.03 	 -0.001168333 
5.04 	 -0.001685941 
5.05 	 -0.002146343 
5.06 	 -0.002584496 
5.07 	 -0.002998759 
5.08 	 -0.003334524 
5.09 	 -0.003526914 
5.1 	 -0.003568539 
5.11 	 -0.00352329 
5.12 	 -0.003487832 
5.13 	 -0.003545473 
5.14 	 -0.003727101 
5.15 	 -0.004012135 
5.16 	 -0.004366557 
5.17 	 -0.0047576 
5.18 	 -0.005147443 
5.19 	 -0.005507736 
5.2 	 -0.005837487 
5.21 	 -0.006148584 
5.22 	 -0.006445948 
5.23 	 -0.006730673 
5.24 	 -0.007003014 
5.25 	 -0.007248895 
5.26 	 -0.007427836 
5.27 	 -0.007498565 
5.28 	 -0.007461874 
5.29 	 -0.007354445 
5.3 	 -0.007208367 
5.31 	 -0.007030491 
5.32 	 -0.006818516 
5.33 	 -0.006584632 
5.34 	 -0.0063524 
5.35 	 -0.006139923 
5.36 	 -0.005950131 
5.37 	 -0.005768797 
5.38 	 -0.005571985 
5.39 	 -0.005343084 
5.4 	 -0.005081399 
5.41 	 -0.00479562 
5.42 	 -0.004489565 
5.43 	 -0.004157743 
5.44 	 -0.003796721 
5.45 	 -0.003413671 
5.46 	 -0.003026308 
5.47 	 -0.002656045 
5.48 	 -0.002319515 
5.49 	 -0.002027407 
5.5 	 -0.001789222 
5.51 	 -0.001604507 
5.52 	 -0.001450708 
5.53 	 -0.001299923 
5.54 	 -0.001141319 
5.55 	 -0.0009804938 
5.56 	 -0.0008235906 
5.57 	 -0.000657566 
5.58 	 -0.000445485 
5.59 	 -0.0001469042 
5.6 	 0.0002607838 
5.61 	 0.0007850122 
5.62 	 0.001429553 
5.63 	 0.00218048 
5.64 	 0.00298412 
5.65 	 0.003763927 
5.66 	 0.004468671 
5.67 	 0.005104213 
5.68 	 0.005720918 
5.69 	 0.006366203 
5.7 	 0.007045078 
5.71 	 0.007726079 
5.72 	 0.008369518 
5.73 	 0.008954101 
5.74 	 0.009484866 
5.75 	 0.009967292 
5.76 	 0.01039008 
5.77 	 0.01073238 
5.78 	 0.01096492 
5.79 	 0.01105418 
5.8 	 0.01099089 
5.81 	 0.01080753 
5.82 	 0.01055443 
5.83 	 0.01027962 
5.84 	 0.0100192 
5.85 	 0.009774933 
5.86 	 0.009518262 
5.87 	 0.009225187 
5.88 	 0.008900327 
5.89 	 0.008567925 
5.9 	 0.008251044 
5.91 	 0.007968969 
5.92 	 0.007746705 
5.93 	 0.007606494 
5.94 	 0.007535621 
5.95 	 0.007479168 
5.96 	 0.007368395 
5.97 	 0.007152809 
5.98 	 0.00682663 
5.99 	 0.006422418 
6.0 	 0.005973878 
6.01 	 0.005490303 
6.02 	 0.00495711 
6.03 	 0.00434435 
6.04 	 0.003627398 
6.05 	 0.002826326 
6.06 	 0.002006353 
6.07 	 0.001231898 
6.08 	 0.0005294352 
6.09 	 -0.0001076996 
6.1 	 -0.0006874251 
6.11 	 -0.001201595 
6.12 	 -0.001638667 
6.13 	 -0.002004 
6.14 	 -0.002316522 
6.15 	 -0.002589536 
6.16 	 -0.002817879 
6.17 	 -0.002977918 
6.18 	 -0.003043866 
6.19 	 -0.003019841 
6.2 	 -0.002944806 
6.21 	 -0.002866451 
6.22 	 -0.002821137 
6.23 	 -0.002822423 
6.24 	 -0.002862334 
6.25 	 -0.002914828 
6.26 	 -0.002951957 
6.27 	 -0.002970812 
6.28 	 -0.002991725 
6.29 	 -0.003034461 
6.3 	 -0.003096143 
6.31 	 -0.003147618 
6.32 	 -0.003150826 
6.33 	 -0.003080837 
6.34 	 -0.002941791 
6.35 	 -0.002758429 
6.36 	 -0.002545502 
6.37 	 -0.002295012 
6.38 	 -0.001984821 
6.39 	 -0.001595309 
6.4 	 -0.001133259 
6.41 	 -0.0006315578 
6.42 	 -0.0001265604 
6.43 	 0.0003490551 
6.44 	 0.0007625221 
6.45 	 0.001089483 
6.46 	 0.00132402 
6.47 	 0.001463962 
6.48 	 0.001497112 
6.49 	 0.001418294 
6.5 	 0.001240702 
6.51 	 0.0009936726 
6.52 	 0.0007210547 
6.53 	 0.0004601323 
6.54 	 0.0002240765 
6.55 	 1.128643e-05 
6.56 	 -0.0001832963 
6.57 	 -0.0003636222 
6.58 	 -0.0005298251 
6.59 	 -0.0006823714 
6.6 	 -0.0008283109 
6.61 	 -0.0009760252 
6.62 	 -0.001116003 
6.63 	 -0.001211856 
6.64 	 -0.001223103 
6.65 	 -0.001137808 
6.66 	 -0.0009778411 
6.67 	 -0.0007790603 
6.68 	 -0.0005784459 
6.69 	 -0.0004086491 
6.7 	 -0.0002942447 
6.71 	 -0.0002580208 
6.72 	 -0.0003270095 
6.73 	 -0.0005300537 
6.74 	 -0.0008873298 
6.75 	 -0.001387545 
6.76 	 -0.001969637 
6.77 	 -0.002541092 
6.78 	 -0.003024418 
6.79 	 -0.003392733 
6.8 	 -0.003658429 
6.81 	 -0.003838372 
6.82 	 -0.003945551 
6.83 	 -0.003994241 
6.84 	 -0.0040042 
6.85 	 -0.004001813 
6.86 	 -0.004012023 
6.87 	 -0.0040529 
6.88 	 -0.004140183 
6.89 	 -0.004296069 
6.9 	 -0.00454474 
6.91 	 -0.004884754 
6.92 	 -0.005275134 
6.93 	 -0.005654559 
6.94 	 -0.005964829 
6.95 	 -0.006174013 
6.96 	 -0.006294772 
6.97 	 -0.006371021 
6.98 	 -0.006445792 
6.99 	 -0.00654679 
7.0 	 -0.006689797 
7.01 	 -0.006874772 
7.02 	 -0.007071563 
7.03 	 -0.007224194 
7.04 	 -0.007289814 
7.05 	 -0.007272393 
7.06 	 -0.007204822 
7.07 	 -0.007124147 
7.08 	 -0.007067025 
7.09 	 -0.007060341 
7.1 	 -0.007113856 
7.11 	 -0.007214587 
7.12 	 -0.007328177 
7.13 	 -0.007408249 
7.14 	 -0.007408991 
7.15 	 -0.007305609 
7.16 	 -0.007097951 
7.17 	 -0.006788957 
7.18 	 -0.006385676 
7.19 	 -0.005913364 
7.2 	 -0.005399385 
7.21 	 -0.004854005 
7.22 	 -0.004270496 
7.23 	 -0.003629156 
7.24 	 -0.002906378 
7.25 	 -0.002093775 
7.26 	 -0.001212239 
7.27 	 -0.000309965 
7.28 	 0.0005561499 
7.29 	 0.001340923 
7.3 	 0.002020338 
7.31 	 0.002591341 
7.32 	 0.00306439 
7.33 	 0.00345404 
7.34 	 0.003773509 
7.35 	 0.004036136 
7.36 	 0.004259703 
7.37 	 0.004462366 
7.38 	 0.004653599 
7.39 	 0.004837007 
7.4 	 0.00501911 
7.41 	 0.00520544 
7.42 	 0.005390254 
7.43 	 0.005557862 
7.44 	 0.005692209 
7.45 	 0.00578421 
7.46 	 0.005837007 
7.47 	 0.005865269 
7.48 	 0.005888141 
7.49 	 0.005926434 
7.5 	 0.005998991 
7.51 	 0.006112904 
7.52 	 0.006258624 
7.53 	 0.006420187 
7.54 	 0.006586947 
7.55 	 0.006751684 
7.56 	 0.006902586 
7.57 	 0.007023388 
7.58 	 0.007103253 
7.59 	 0.007139129 
7.6 	 0.007136226 
7.61 	 0.007103874 
7.62 	 0.007040386 
7.63 	 0.006934227 
7.64 	 0.006775573 
7.65 	 0.006562654 
7.66 	 0.006304406 
7.67 	 0.006013987 
7.68 	 0.00570763 
7.69 	 0.005403792 
7.7 	 0.005112795 
7.71 	 0.004836052 
7.72 	 0.004572818 
7.73 	 0.004322071 
7.74 	 0.004079453 
7.75 	 0.00384525 
7.76 	 0.003634804 
7.77 	 0.003472261 
7.78 	 0.003385856 
7.79 	 0.003394275 
7.8 	 0.003484478 
7.81 	 0.003627022 
7.82 	 0.003801057 
7.83 	 0.003994873 
7.84 	 0.004205472 
7.85 	 0.004432512 
7.86 	 0.004669297 
7.87 	 0.004901527 
7.88 	 0.005103723 
7.89 	 0.005242619 
7.9 	 0.005288419 
7.91 	 0.00521696 
7.92 	 0.005013027 
7.93 	 0.004681198 
7.94 	 0.004245212 
7.95 	 0.003734844 
7.96 	 0.003175752 
7.97 	 0.002586742 
7.98 	 0.001980055 
7.99 	 0.001363213 
8.0 	 0.0007449922 
8.01 	 0.0001391491 
8.02 	 -0.000433468 
8.03 	 -0.0009425843 
8.04 	 -0.001355267 
8.05 	 -0.001645803 
8.06 	 -0.001803579 
8.07 	 -0.001832911 
8.08 	 -0.00174921 
8.09 	 -0.001580813 
8.1 	 -0.001364828 
8.11 	 -0.001132477 
8.12 	 -0.0008886722 
8.13 	 -0.0006108914 
8.14 	 -0.0002742995 
8.15 	 0.0001275944 
8.16 	 0.0005794131 
8.17 	 0.001049942 
8.18 	 0.001504933 
8.19 	 0.00192202 
8.2 	 0.002295241 
8.21 	 0.002631188 
8.22 	 0.002942646 
8.23 	 0.003238111 
8.24 	 0.003515464 
8.25 	 0.003766049 
8.26 	 0.003980849 
8.27 	 0.004156228 
8.28 	 0.004296651 
8.29 	 0.004406859 
8.3 	 0.004483218 
8.31 	 0.00451378 
8.32 	 0.004480741 
8.33 	 0.004366432 
8.34 	 0.004160901 
8.35 	 0.003860092 
8.36 	 0.003463097 
8.37 	 0.002975278 
8.38 	 0.002415928 
8.39 	 0.001820347 
8.4 	 0.001224087 
8.41 	 0.0006517992 
8.42 	 0.0001187249 
8.43 	 -0.0003670013 
8.44 	 -0.0007968052 
8.45 	 -0.001152288 
8.46 	 -0.001410108 
8.47 	 -0.001555723 
8.48 	 -0.001587088 
8.49 	 -0.001516919 
8.5 	 -0.001369678 
8.51 	 -0.001165698 
8.52 	 -0.0009185438 
8.53 	 -0.0006488378 
8.54 	 -0.0003904628 
8.55 	 -0.0001790592 
8.56 	 -3.608712e-05 
8.57 	 3.216379e-05 
8.58 	 2.356916e-05 
8.59 	 -6.811438e-05 
8.6 	 -0.0002476879 
8.61 	 -0.0005122399 
8.62 	 -0.0008553683 
8.63 	 -0.001269545 
8.64 	 -0.001740717 
8.65 	 -0.00224524 
8.66 	 -0.002762276 
8.67 	 -0.003280338 
8.68 	 -0.003788038 
8.69 	 -0.004274069 
8.7 	 -0.00473071 
8.71 	 -0.005148987 
8.72 	 -0.005527968 
8.73 	 -0.005883275 
8.74 	 -0.006235106 
8.75 	 -0.006601222 
8.76 	 -0.006991716 
8.77 	 -0.007404688 
8.78 	 -0.007829205 
8.79 	 -0.008247544 
8.8 	 -0.008640345 
8.81 	 -0.008984765 
8.82 	 -0.009261383 
8.83 	 -0.0094727 
8.84 	 -0.009632846 
8.85 	 -0.009754923 
8.86 	 -0.009856891 
8.87 	 -0.009960841 
8.88 	 -0.01008979 
8.89 	 -0.01026052 
8.9 	 -0.01047083 
8.91 	 -0.01069647 
8.92 	 -0.01090641 
8.93 	 -0.01107799 
8.94 	 -0.01119356 
8.95 	 -0.01124064 
8.96 	 -0.0112153 
8.97 	 -0.01111278 
8.98 	 -0.01092469 
8.99 	 -0.01064875 
9.0 	 -0.01029491 
9.01 	 -0.009880495 
9.02 	 -0.009423125 
9.03 	 -0.008936736 
9.04 	 -0.008426062 
9.05 	 -0.007886087 
9.06 	 -0.007309674 
9.07 	 -0.006690929 
9.08 	 -0.006029863 
9.09 	 -0.005343021 
9.1 	 -0.004656386 
9.11 	 -0.003989473 
9.12 	 -0.003351668 
9.13 	 -0.00274275 
9.14 	 -0.002162137 
9.15 	 -0.001615711 
9.16 	 -0.001109582 
9.17 	 -0.0006505378 
9.18 	 -0.000248734 
9.19 	 8.7616e-05 
9.2 	 0.0003604946 
9.21 	 0.0005840874 
9.22 	 0.0007728671 
9.23 	 0.0009335393 
9.24 	 0.001070184 
9.25 	 0.001185182 
9.26 	 0.001276378 
9.27 	 0.001339567 
9.28 	 0.001371922 
9.29 	 0.001377229 
9.3 	 0.001369341 
9.31 	 0.001359715 
9.32 	 0.001349757 
9.33 	 0.001343854 
9.34 	 0.001351835 
9.35 	 0.001376774 
9.36 	 0.001410853 
9.37 	 0.001444866 
9.38 	 0.00147738 
9.39 	 0.001517354 
9.4 	 0.001584123 
9.41 	 0.001695278 
9.42 	 0.001850385 
9.43 	 0.002025792 
9.44 	 0.002187912 
9.45 	 0.00231468 
9.46 	 0.002397494 
9.47 	 0.00242974 
9.48 	 0.002408484 
9.49 	 0.002340247 
9.5 	 0.002234633 
9.51 	 0.002103583 
9.52 	 0.001962702 
9.53 	 0.001820844 
9.54 	 0.001674917 
9.55 	 0.001516831 
9.56 	 0.00134426 
9.57 	 0.001167677 
9.58 	 0.001006449 
9.59 	 0.0008776597 
9.6 	 0.0007933865 
9.61 	 0.000763938 
9.62 	 0.0007924245 
9.63 	 0.000869531 
9.64 	 0.0009788611 
9.65 	 0.001103494 
9.66 	 0.00122828 
9.67 	 0.001346895 
9.68 	 0.001469071 
9.69 	 0.001611748 
9.7 	 0.001787176 
9.71 	 0.002001609 
9.72 	 0.002252071 
9.73 	 0.002527051 
9.74 	 0.002816953 
9.75 	 0.003113139 
9.76 	 0.003403096 
9.77 	 0.003675402 
9.78 	 0.003924047 
9.79 	 0.004152083 
9.8 	 0.004367081 
9.81 	 0.004571296 
9.82 	 0.00475789 
9.83 	 0.004913373 
9.84 	 0.00503089 
9.85 	 0.005115787 
9.86 	 0.005175244 
9.87 	 0.005214702 
9.88 	 0.005245753 
9.89 	 0.005280702 
9.9 	 0.005319217 
9.91 	 0.005354046 
9.92 	 0.005382907 
9.93 	 0.005411526 
9.94 	 0.005444321 
9.95 	 0.005481224 
9.96 	 0.005525193 
9.97 	 0.005577261 
9.98 	 0.005634701 
9.99 	 0.005695781 
10.0 	 0.005755845 
10.01 	 0.005813053 
10.02 	 0.005876984 
10.03 	 0.005960896 
10.04 	 0.006072684 
10.05 	 0.006209846 
10.06 	 0.006360102 
10.07 	 0.006510892 
10.08 	 0.006657369 
10.09 	 0.006802029 
10.1 	 0.006950707 
10.11 	 0.007108884 
10.12 	 0.007274794 
10.13 	 0.007436061 
10.14 	 0.007578631 
10.15 	 0.007695196 
10.16 	 0.007781585 
10.17 	 0.007830083 
10.18 	 0.007828837 
10.19 	 0.007766232 
10.2 	 0.007636068 
10.21 	 0.007438749 
10.22 	 0.007179824 
10.23 	 0.006867386 
10.24 	 0.006508318 
10.25 	 0.006111065 
10.26 	 0.005688002 
10.27 	 0.00525229 
10.28 	 0.004815352 
10.29 	 0.004383588 
10.3 	 0.003960767 
10.31 	 0.003551749 
10.32 	 0.003156979 
10.33 	 0.002770328 
10.34 	 0.002386542 
10.35 	 0.002006963 
10.36 	 0.001638513 
10.37 	 0.001287439 
10.38 	 0.0009567092 
10.39 	 0.0006474095 
10.4 	 0.0003560855 
10.41 	 7.440644e-05 
10.42 	 -0.00020285 
10.43 	 -0.000472958 
10.44 	 -0.0007332563 
10.45 	 -0.0009818725 
10.46 	 -0.001213382 
10.47 	 -0.001426612 
10.48 	 -0.001626885 
10.49 	 -0.001816455 
10.5 	 -0.001988699 
10.51 	 -0.002132309 
10.52 	 -0.002235539 
10.53 	 -0.002289834 
10.54 	 -0.002296795 
10.55 	 -0.002268982 
10.56 	 -0.002222253 
10.57 	 -0.002171071 
10.58 	 -0.002130241 
10.59 	 -0.002109318 
10.6 	 -0.002107137 
10.61 	 -0.002118381 
10.62 	 -0.002140849 
10.63 	 -0.0021766 
10.64 	 -0.002227846 
10.65 	 -0.002297297 
10.66 	 -0.002391708 
10.67 	 -0.002518244 
10.68 	 -0.002676775 
10.69 	 -0.002856871 
10.7 	 -0.003042259 
10.71 	 -0.003214737 
10.72 	 -0.003359037 
10.73 	 -0.003469115 
10.74 	 -0.003545332 
10.75 	 -0.003592176 
10.76 	 -0.003621117 
10.77 	 -0.003644147 
10.78 	 -0.00366815 
10.79 	 -0.003695197 
10.8 	 -0.003720755 
10.81 	 -0.00373577 
10.82 	 -0.003731666 
10.83 	 -0.003704356 
10.84 	 -0.003655877 
10.85 	 -0.003591862 
10.86 	 -0.003515685 
10.87 	 -0.003427688 
10.88 	 -0.003330124 
10.89 	 -0.003227598 
10.9 	 -0.003122987 
10.91 	 -0.003016138 
10.92 	 -0.002902557 
10.93 	 -0.002772223 
10.94 	 -0.002622575 
10.95 	 -0.002468457 
10.96 	 -0.002333607 
10.97 	 -0.00223615 
10.98 	 -0.002181006 
10.99 	 -0.002165835 
11.0 	 -0.00218633 
11.01 	 -0.002238339 
11.02 	 -0.002318158 
11.03 	 -0.002422379 
11.04 	 -0.0025514 
11.05 	 -0.002703353 
11.06 	 -0.002864733 
11.07 	 -0.003015005 
11.08 	 -0.003141568 
11.09 	 -0.00324622 
11.1 	 -0.003334511 
11.11 	 -0.003403607 
11.12 	 -0.003444884 
11.13 	 -0.003454871 
11.14 	 -0.003437585 
11.15 	 -0.003400779 
11.16 	 -0.003352921 
11.17 	 -0.003300242 
11.18 	 -0.003244286 
11.19 	 -0.003183692 
11.2 	 -0.003123206 
11.21 	 -0.00307507 
11.22 	 -0.00304464 
11.23 	 -0.003022515 
11.24 	 -0.002996106 
11.25 	 -0.002957653 
11.26 	 -0.002904559 
11.27 	 -0.002841815 
11.28 	 -0.002777911 
11.29 	 -0.002719373 
11.3 	 -0.002667429 
11.31 	 -0.002617824 
11.32 	 -0.002566796 
11.33 	 -0.002511021 
11.34 	 -0.002444148 
11.35 	 -0.002361441 
11.36 	 -0.002258208 
11.37 	 -0.002126058 
11.38 	 -0.001960242 
11.39 	 -0.00176111 
11.4 	 -0.001532564 
11.41 	 -0.001284956 
11.42 	 -0.001033228 
11.43 	 -0.0007946323 
11.44 	 -0.0005873072 
11.45 	 -0.0004232405 
11.46 	 -0.0003053743 
11.47 	 -0.000232965 
11.48 	 -0.0002041759 
11.49 	 -0.0002156196 
11.5 	 -0.0002634474 
11.51 	 -0.00034373 
11.52 	 -0.0004517058 
11.53 	 -0.0005819827 
11.54 	 -0.0007290114 
11.55 	 -0.000887814 
11.56 	 -0.001054629 
11.57 	 -0.001226727 
11.58 	 -0.001403103 
11.59 	 -0.001584093 
11.6 	 -0.001763221 
11.61 	 -0.001922778 
11.62 	 -0.002046525 
11.63 	 -0.00213211 
11.64 	 -0.002188557 
11.65 	 -0.00222897 
11.66 	 -0.002266418 
11.67 	 -0.002307449 
11.68 	 -0.002349829 
11.69 	 -0.002392418 
11.7 	 -0.002440183 
11.71 	 -0.002498144 
11.72 	 -0.002563924 
11.73 	 -0.002628231 
11.74 	 -0.002679356 
11.75 	 -0.002706213 
11.76 	 -0.002706062 
11.77 	 -0.002685739 
11.78 	 -0.002657079 
11.79 	 -0.002632945 
11.8 	 -0.002621887 
11.81 	 -0.002627915 
11.82 	 -0.002651554 
11.83 	 -0.002688148 
11.84 	 -0.002730997 
11.85 	 -0.002775636 
11.86 	 -0.002817634 
11.87 	 -0.002850539 
11.88 	 -0.002865752 
11.89 	 -0.002857965 
11.9 	 -0.002826019 
11.91 	 -0.002765506 
11.92 	 -0.002670188 
11.93 	 -0.002533145 
11.94 	 -0.00234608 
11.95 	 -0.002105337 
11.96 	 -0.001815852 
11.97 	 -0.001487215 
11.98 	 -0.001129611 
11.99 	 -0.0007497234 
12.0 	 -0.000348601 
12.01 	 7.159773e-05 
12.02 	 0.0005044643 
12.03 	 0.0009388692 
12.04 	 0.001358262 
12.05 	 0.001748595 
12.06 	 0.002106071 
12.07 	 0.00243414 
12.08 	 0.002739427 
12.09 	 0.003028011 
12.1 	 0.003299714 
12.11 	 0.003552069 
12.12 	 0.003785613 
12.13 	 0.004003114 
12.14 	 0.00420776 
12.15 	 0.004402394 
12.16 	 0.00458876 
12.17 	 0.004765127 
12.18 	 0.004928653 
12.19 	 0.005077214 
12.2 	 0.005205485 
12.21 	 0.005304251 
12.22 	 0.005364911 
12.23 	 0.005384301 
12.24 	 0.005363287 
12.25 	 0.005302989 
12.26 	 0.005205247 
12.27 	 0.005074296 
12.28 	 0.004918628 
12.29 	 0.004751493 
12.3 	 0.004586919 
12.31 	 0.004432713 
12.32 	 0.004287525 
12.33 	 0.00414403 
12.34 	 0.003990615 
12.35 	 0.003814255 
12.36 	 0.00360944 
12.37 	 0.003380767 
12.38 	 0.003139369 
12.39 	 0.002897138 
12.4 	 0.002659384 
12.41 	 0.00242639 
12.42 	 0.002199765 
12.43 	 0.001984261 
12.44 	 0.001783001 
12.45 	 0.001596241 
12.46 	 0.001422506 
12.47 	 0.001256379 
12.48 	 0.001094349 
12.49 	 0.0009372957 
12.5 	 0.0007875061 
12.51 	 0.0006469714 
12.52 	 0.0005144409 
12.53 	 0.0003879583 
12.54 	 0.0002686157 
12.55 	 0.0001603644 
12.56 	 6.806383e-05 
12.57 	 -2.532125e-06 
12.58 	 -4.602254e-05 
12.59 	 -6.026491e-05 
12.6 	 -4.694639e-05 
12.61 	 -8.800309e-06 
12.62 	 5.288571e-05 
12.63 	 0.0001365636 
12.64 	 0.0002414204 
12.65 	 0.0003696727 
12.66 	 0.0005232728 
12.67 	 0.0007018692 
12.68 	 0.0009035001 
12.69 	 0.001122479 
12.7 	 0.001352744 
12.71 	 0.001591024 
12.72 	 0.001832519 
12.73 	 0.00206994 
12.74 	 0.002296116 
12.75 	 0.002503916 
12.76 	 0.00268733 
12.77 	 0.002845498 
12.78 	 0.0029803 
12.79 	 0.003091514 
12.8 	 0.003176794 
12.81 	 0.003229878 
12.82 	 0.003241174 
12.83 	 0.003205322 
12.84 	 0.003126072 
12.85 	 0.003011758 
12.86 	 0.002869773 
12.87 	 0.002708305 
12.88 	 0.002533932 
12.89 	 0.002349545 
12.9 	 0.002158023 
12.91 	 0.001959187 
12.92 	 0.001751669 
12.93 	 0.001535214 
12.94 	 0.001308219 
12.95 	 0.00107255 
12.96 	 0.0008351636 
12.97 	 0.0006030575 
12.98 	 0.0003753868 
12.99 	 0.0001444192 
13.0 	 -9.726414e-05 
13.01 	 -0.0003541114 
13.02 	 -0.0006260265 
13.03 	 -0.0009094296 
13.04 	 -0.001196492 
13.05 	 -0.001473364 
13.06 	 -0.001725011 
13.07 	 -0.001943857 
13.08 	 -0.002129511 
13.09 	 -0.002282034 
13.1 	 -0.002401077 
13.11 	 -0.002489626 
13.12 	 -0.002551813 
13.13 	 -0.002588489 
13.14 	 -0.002599097 
13.15 	 -0.00258343 
13.16 	 -0.002541482 
13.17 	 -0.002471862 
13.18 	 -0.002373576 
13.19 	 -0.002248077 
13.2 	 -0.002098906 
13.21 	 -0.001932296 
13.22 	 -0.001753534 
13.23 	 -0.00156816 
13.24 	 -0.001384006 
13.25 	 -0.001208716 
13.26 	 -0.001050606 
13.27 	 -0.0009155317 
13.28 	 -0.0008029725 
13.29 	 -0.0007080342 
13.3 	 -0.0006252463 
13.31 	 -0.0005501225 
13.32 	 -0.0004814603 
13.33 	 -0.000421082 
13.34 	 -0.0003703091 
13.35 	 -0.0003315857 
13.36 	 -0.0003078959 
13.37 	 -0.0003002203 
13.38 	 -0.0003100685 
13.39 	 -0.0003395917 
13.4 	 -0.000386328 
13.41 	 -0.000445108 
13.42 	 -0.0005158058 
13.43 	 -0.0006029694 
13.44 	 -0.0007104549 
13.45 	 -0.0008374726 
13.46 	 -0.0009761667 
13.47 	 -0.001114603 
13.48 	 -0.001241828 
13.49 	 -0.001350915 
13.5 	 -0.001440101 
13.51 	 -0.001511513 
13.52 	 -0.00156803 
13.53 	 -0.001610242 
13.54 	 -0.001640761 
13.55 	 -0.00166263 
13.56 	 -0.001676075 
13.57 	 -0.001681595 
13.58 	 -0.001676342 
13.59 	 -0.001657102 
13.6 	 -0.001622954 
13.61 	 -0.001574023 
13.62 	 -0.001511948 
13.63 	 -0.001435736 
13.64 	 -0.001344654 
13.65 	 -0.001242203 
13.66 	 -0.001131087 
13.67 	 -0.001010307 
13.68 	 -0.0008810013 
13.69 	 -0.0007501827 
13.7 	 -0.000621988 
13.71 	 -0.0004903012 
13.72 	 -0.0003454229 
13.73 	 -0.0001801692 
13.74 	 9.325606e-06 
13.75 	 0.0002228662 
13.76 	 0.0004559839 
13.77 	 0.0007032875 
13.78 	 0.0009629504 
13.79 	 0.00123644 
13.8 	 0.001522847 
13.81 	 0.001814862 
13.82 	 0.002105079 
13.83 	 0.002385601 
13.84 	 0.002647842 
13.85 	 0.002891402 
13.86 	 0.0031198 
13.87 	 0.003331814 
13.88 	 0.003522504 
13.89 	 0.003686804 
13.9 	 0.003818715 
13.91 	 0.003912613 
13.92 	 0.003967073 
13.93 	 0.003983719 
13.94 	 0.003967003 
13.95 	 0.003920503 
13.96 	 0.003844377 
13.97 	 0.00373832 
13.98 	 0.003602825 
13.99 	 0.003443103 
14.0 	 0.003266465 
14.01 	 0.003078588 
14.02 	 0.00288658 
14.03 	 0.002693859 
14.04 	 0.002499025 
14.05 	 0.002302029 
14.06 	 0.002104304 
14.07 	 0.001907142 
14.08 	 0.00170869 
14.09 	 0.00150486 
14.1 	 0.001290248 
14.11 	 0.001060032 
14.12 	 0.0008133463 
14.13 	 0.0005499027 
14.14 	 0.0002701789 
14.15 	 -2.055536e-05 
14.16 	 -0.0003122574 
14.17 	 -0.0005947567 
14.18 	 -0.000861152 
14.19 	 -0.001107294 
14.2 	 -0.001330222 
14.21 	 -0.001527316 
14.22 	 -0.001695658 
14.23 	 -0.001832597 
14.24 	 -0.001941103 
14.25 	 -0.002031208 
14.26 	 -0.00211084 
14.27 	 -0.002180205 
14.28 	 -0.0022376 
14.29 	 -0.002282634 
14.3 	 -0.002317079 
14.31 	 -0.0023465 
14.32 	 -0.002374568 
14.33 	 -0.002400762 
14.34 	 -0.002425916 
14.35 	 -0.002453208 
14.36 	 -0.002484122 
14.37 	 -0.002516932 
14.38 	 -0.002546034 
14.39 	 -0.002562298 
14.4 	 -0.002558352 
14.41 	 -0.002534297 
14.42 	 -0.00249506 
14.43 	 -0.00244341 
14.44 	 -0.002379049 
14.45 	 -0.002300357 
14.46 	 -0.002204327 
14.47 	 -0.002088214 
14.48 	 -0.001955692 
14.49 	 -0.001815241 
14.5 	 -0.001671066 
14.51 	 -0.001524674 
14.52 	 -0.001381335 
14.53 	 -0.001248673 
14.54 	 -0.001130995 
14.55 	 -0.001028573 
14.56 	 -0.0009395763 
14.57 	 -0.0008588736 
14.58 	 -0.0007824765 
14.59 	 -0.0007150098 
14.6 	 -0.0006633155 
14.61 	 -0.0006293429 
14.62 	 -0.0006146636 
14.63 	 -0.000618631 
14.64 	 -0.0006351171 
14.65 	 -0.0006597087 
14.66 	 -0.0006905798 
14.67 	 -0.0007235347 
14.68 	 -0.0007564576 
14.69 	 -0.0007918819 
14.7 	 -0.0008335249 
14.71 	 -0.0008847191 
14.72 	 -0.0009474889 
14.73 	 -0.001020445 
14.74 	 -0.001096144 
14.75 	 -0.001166442 
14.76 	 -0.001229186 
14.77 	 -0.001283833 
14.78 	 -0.001329035 
14.79 	 -0.001364164 
14.8 	 -0.00139014 
14.81 	 -0.001414094 
14.82 	 -0.001444719 
14.83 	 -0.001485444 
14.84 	 -0.001536122 
14.85 	 -0.001593332 
14.86 	 -0.001652526 
14.87 	 -0.001710118 
14.88 	 -0.001761664 
14.89 	 -0.001801549 
14.9 	 -0.001825886 
14.91 	 -0.001833915 
14.92 	 -0.001825684 
14.93 	 -0.001798006 
14.94 	 -0.00174791 
14.95 	 -0.001679835 
14.96 	 -0.00159891 
14.97 	 -0.001505273 
14.98 	 -0.00140086 
14.99 	 -0.001290179 
15.0 	 -0.001177516 
15.01 	 -0.001066151 
15.02 	 -0.0009550577 
15.03 	 -0.0008424189 
15.04 	 -0.0007298646 
15.05 	 -0.0006205815 
15.06 	 -0.0005190637 
15.07 	 -0.0004271384 
15.08 	 -0.0003395742 
15.09 	 -0.0002510122 
15.1 	 -0.0001597324 
15.11 	 -6.368543e-05 
15.12 	 3.868224e-05 
15.13 	 0.0001455512 
15.14 	 0.0002542645 
15.15 	 0.0003657614 
15.16 	 0.0004810322 
15.17 	 0.0005985514 
15.18 	 0.0007144669 
15.19 	 0.0008240743 
15.2 	 0.0009252044 
15.21 	 0.001016425 
15.22 	 0.001094754 
15.23 	 0.001157869 
15.24 	 0.001205752 
15.25 	 0.001240225 
15.26 	 0.001264913 
15.27 	 0.001280336 
15.28 	 0.001286499 
15.29 	 0.001285699 
15.3 	 0.00127761 
15.31 	 0.001261782 
15.32 	 0.001237913 
15.33 	 0.001205567 
15.34 	 0.0011677 
15.35 	 0.001127451 
15.36 	 0.001081463 
15.37 	 0.001025393 
15.38 	 0.0009597612 
15.39 	 0.0008860688 
15.4 	 0.0008075079 
15.41 	 0.0007290933 
15.42 	 0.0006531165 
15.43 	 0.0005778026 
15.44 	 0.0004999093 
15.45 	 0.0004149668 
15.46 	 0.000318971 
15.47 	 0.0002142629 
15.48 	 0.0001078522 
15.49 	 6.657276e-06 
15.5 	 -8.302064e-05 
15.51 	 -0.0001570405 
15.52 	 -0.0002127298 
15.53 	 -0.0002486384 
15.54 	 -0.0002642353 
15.55 	 -0.0002565022 
15.56 	 -0.000221591 
15.57 	 -0.0001580015 
15.58 	 -6.476043e-05 
15.59 	 5.744391e-05 
15.6 	 0.0002043655 
15.61 	 0.0003700773 
15.62 	 0.0005484757 
15.63 	 0.0007363198 
15.64 	 0.0009305048 
15.65 	 0.001125289 
15.66 	 0.001314804 
15.67 	 0.001493767 
15.68 	 0.001658594 
15.69 	 0.001807185 
15.7 	 0.001937565 
15.71 	 0.002050897 
15.72 	 0.002152015 
15.73 	 0.002241711 
15.74 	 0.002318707 
15.75 	 0.002385579 
15.76 	 0.002444842 
15.77 	 0.002496534 
15.78 	 0.002539948 
15.79 	 0.002575543 
15.8 	 0.002603369 
15.81 	 0.002621503 
15.82 	 0.002626381 
15.83 	 0.002612806 
15.84 	 0.002576401 
15.85 	 0.002517363 
15.86 	 0.002438841 
15.87 	 0.002341892 
15.88 	 0.002228427 
15.89 	 0.00210494 
15.9 	 0.001977617 
15.91 	 0.001849135 
15.92 	 0.001721535 
15.93 	 0.001596722 
15.94 	 0.001474148 
15.95 	 0.001352397 
15.96 	 0.001231019 
15.97 	 0.001110659 
15.98 	 0.0009922813 
15.99 	 0.0008741287 
16.0 	 0.0007559523 
16.01 	 0.0006436379 
16.02 	 0.0005436274 
16.03 	 0.0004583488 
16.04 	 0.0003865778 
16.05 	 0.0003253703 
16.06 	 0.0002721822 
16.07 	 0.0002227592 
16.08 	 0.0001719893 
16.09 	 0.0001204806 
16.1 	 7.090354e-05 
16.11 	 2.171834e-05 
16.12 	 -3.111918e-05 
16.13 	 -9.113783e-05 
16.14 	 -0.0001586233 
16.15 	 -0.0002296799 
16.16 	 -0.0003004373 
16.17 	 -0.0003692461 
16.18 	 -0.0004323275 
16.19 	 -0.0004843502 
16.2 	 -0.0005237144 
16.21 	 -0.0005536432 
16.22 	 -0.0005769554 
16.23 	 -0.000594329 
16.24 	 -0.0006093226 
16.25 	 -0.0006233132 
16.26 	 -0.0006318016 
16.27 	 -0.0006351131 
16.28 	 -0.0006365375 
16.29 	 -0.0006351713 
16.3 	 -0.0006310667 
16.31 	 -0.0006257341 
16.32 	 -0.0006168349 
16.33 	 -0.0006006286 
16.34 	 -0.0005748031 
16.35 	 -0.000534202 
16.36 	 -0.0004758961 
16.37 	 -0.0004038926 
16.38 	 -0.0003220675 
16.39 	 -0.0002327574 
16.4 	 -0.0001420742 
16.41 	 -5.537709e-05 
16.42 	 2.881529e-05 
16.43 	 0.0001132948 
16.44 	 0.0001988267 
16.45 	 0.0002848596 
16.46 	 0.0003691387 
16.47 	 0.0004482937 
16.48 	 0.0005175277 
16.49 	 0.0005702712 
16.5 	 0.0006037048 
16.51 	 0.0006221416 
16.52 	 0.000630164 
16.53 	 0.0006303915 
16.54 	 0.0006256477 
16.55 	 0.0006161617 
16.56 	 0.0006002188 
16.57 	 0.0005788702 
16.58 	 0.0005590956 
16.59 	 0.0005504025 
16.6 	 0.0005586774 
16.61 	 0.0005876601 
16.62 	 0.0006389952 
16.63 	 0.0007087556 
16.64 	 0.0007900874 
16.65 	 0.0008764654 
16.66 	 0.0009618828 
16.67 	 0.00104144 
16.68 	 0.001112676 
16.69 	 0.001176657 
16.7 	 0.001238083 
16.71 	 0.001304834 
16.72 	 0.001380872 
16.73 	 0.001460607 
16.74 	 0.001538313 
16.75 	 0.001608658 
16.76 	 0.001662109 
16.77 	 0.001690811 
16.78 	 0.00168982 
16.79 	 0.00166116 
16.8 	 0.001613668 
16.81 	 0.001553711 
16.82 	 0.001483633 
16.83 	 0.001405664 
16.84 	 0.001320236 
16.85 	 0.001225123 
16.86 	 0.001119572 
16.87 	 0.001001841 
16.88 	 0.000869948 
16.89 	 0.0007270272 
16.9 	 0.0005779662 
16.91 	 0.0004247601 
16.92 	 0.0002695002 
16.93 	 0.0001156761 
16.94 	 -3.399819e-05 
16.95 	 -0.0001767132 
16.96 	 -0.0003113534 
16.97 	 -0.0004407851 
16.98 	 -0.0005687733 
16.99 	 -0.0006972472 
17.0 	 -0.0008284069 
17.01 	 -0.0009642926 
17.02 	 -0.001105388 
17.03 	 -0.001252124 
17.04 	 -0.001404067 
17.05 	 -0.001559861 
17.06 	 -0.001719302 
17.07 	 -0.001885606 
17.08 	 -0.002059316 
17.09 	 -0.002232782 
17.1 	 -0.002400113 
17.11 	 -0.002560827 
17.12 	 -0.002713959 
17.13 	 -0.002857796 
17.14 	 -0.002991053 
17.15 	 -0.003116072 
17.16 	 -0.003236982 
17.17 	 -0.003353732 
17.18 	 -0.003464695 
17.19 	 -0.003565631 
17.2 	 -0.003649806 
17.21 	 -0.003715512 
17.22 	 -0.003764199 
17.23 	 -0.003794289 
17.24 	 -0.00380218 
17.25 	 -0.003784599 
17.26 	 -0.003740473 
17.27 	 -0.003672749 
17.28 	 -0.003588757 
17.29 	 -0.003499519 
17.3 	 -0.003412496 
17.31 	 -0.003328292 
17.32 	 -0.003243065 
17.33 	 -0.003152596 
17.34 	 -0.003057596 
17.35 	 -0.002958414 
17.36 	 -0.002853183 
17.37 	 -0.002743522 
17.38 	 -0.002632831 
17.39 	 -0.002524718 
17.4 	 -0.002425229 
17.41 	 -0.002338759 
17.42 	 -0.002264035 
17.43 	 -0.002200596 
17.44 	 -0.002153606 
17.45 	 -0.002128648 
17.46 	 -0.00212546 
17.47 	 -0.002138316 
17.48 	 -0.002160923 
17.49 	 -0.002187868 
17.5 	 -0.002212325 
17.51 	 -0.002226909 
17.52 	 -0.00222811 
17.53 	 -0.002215657 
17.54 	 -0.002186318 
17.55 	 -0.002135624 
17.56 	 -0.002063942 
17.57 	 -0.001973958 
17.58 	 -0.00186522 
17.59 	 -0.001736144 
17.6 	 -0.001589094 
17.61 	 -0.001428877 
17.62 	 -0.001262804 
17.63 	 -0.001098072 
17.64 	 -0.0009348522 
17.65 	 -0.0007718113 
17.66 	 -0.0006114 
17.67 	 -0.0004546437 
17.68 	 -0.0003011404 
17.69 	 -0.0001525058 
17.7 	 -1.093596e-05 
17.71 	 0.0001200355 
17.72 	 0.0002373893 
17.73 	 0.0003419536 
17.74 	 0.0004349369 
17.75 	 0.0005187171 
17.76 	 0.0006000069 
17.77 	 0.0006858428 
17.78 	 0.0007795695 
17.79 	 0.0008803863 
17.8 	 0.0009880327 
17.81 	 0.001103831 
17.82 	 0.001227088 
17.83 	 0.001358653 
17.84 	 0.001499438 
17.85 	 0.001646209 
17.86 	 0.001794363 
17.87 	 0.001937298 
17.88 	 0.002064484 
17.89 	 0.002168205 
17.9 	 0.0022492 
17.91 	 0.002310681 
17.92 	 0.002351683 
17.93 	 0.002370494 
17.94 	 0.00236811 
17.95 	 0.00234427 
17.96 	 0.002297581 
17.97 	 0.002228727 
17.98 	 0.002139882 
17.99 	 0.002033597 
18.0 	 0.001910848 
18.01 	 0.001772379 
18.02 	 0.001622356 
18.03 	 0.001464357 
18.04 	 0.001300352 
18.05 	 0.001136407 
18.06 	 0.0009782421 
18.07 	 0.0008269458 
18.08 	 0.0006832743 
18.09 	 0.0005465769 
18.1 	 0.0004149458 
18.11 	 0.0002900217 
18.12 	 0.0001752051 
18.13 	 7.224288e-05 
18.14 	 -1.721698e-05 
18.15 	 -9.005012e-05 
18.16 	 -0.0001432578 
18.17 	 -0.0001768344 
18.18 	 -0.0001938678 
18.19 	 -0.0001959725 
18.2 	 -0.0001828577 
18.21 	 -0.0001553472 
18.22 	 -0.0001148222 
18.23 	 -6.345432e-05 
18.24 	 -3.282959e-06 
18.25 	 6.43983e-05 
18.26 	 0.0001388012 
18.27 	 0.0002197763 
18.28 	 0.0003069239 
18.29 	 0.0004002681 
18.3 	 0.000499627 
18.31 	 0.0006044536 
18.32 	 0.0007151408 
18.33 	 0.0008315351 
18.34 	 0.0009531601 
18.35 	 0.00108259 
18.36 	 0.001221659 
18.37 	 0.001367359 
18.38 	 0.001515797 
18.39 	 0.001664187 
18.4 	 0.001810218 
18.41 	 0.001951817 
18.42 	 0.002089981 
18.43 	 0.002226453 
18.44 	 0.002355635 
18.45 	 0.002470111 
18.46 	 0.002567961 
18.47 	 0.002650196 
18.48 	 0.002715781 
18.49 	 0.002757947 
18.5 	 0.002769681 
18.51 	 0.002750781 
18.52 	 0.00270385 
18.53 	 0.002630067 
18.54 	 0.002531303 
18.55 	 0.002408332 
18.56 	 0.00226141 
18.57 	 0.002092488 
18.58 	 0.001902807 
18.59 	 0.001695442 
18.6 	 0.00147666 
18.61 	 0.001250166 
18.62 	 0.001016323 
18.63 	 0.0007785629 
18.64 	 0.0005427582 
18.65 	 0.0003125241 
18.66 	 9.095599e-05 
18.67 	 -0.0001189705 
18.68 	 -0.0003148749 
18.69 	 -0.0004932809 
18.7 	 -0.0006524321 
18.71 	 -0.000792389 
18.72 	 -0.0009113028 
18.73 	 -0.001009005 
18.74 	 -0.001089828 
18.75 	 -0.001158414 
18.76 	 -0.001217156 
18.77 	 -0.001266263 
18.78 	 -0.001303753 
18.79 	 -0.001327394 
18.8 	 -0.00133632 
18.81 	 -0.001327835 
18.82 	 -0.001297378 
18.83 	 -0.001243337 
18.84 	 -0.001167637 
18.85 	 -0.001072804 
18.86 	 -0.0009618506 
18.87 	 -0.0008400019 
18.88 	 -0.0007123653 
18.89 	 -0.0005825086 
18.9 	 -0.0004534873 
18.91 	 -0.0003277142 
18.92 	 -0.0002053769 
18.93 	 -8.136071e-05 
18.94 	 4.891993e-05 
18.95 	 0.0001842379 
18.96 	 0.0003226262 
18.97 	 0.0004619822 
18.98 	 0.0005994615 
18.99 	 0.0007306191 
19.0 	 0.0008514787 
19.01 	 0.0009628021 
19.02 	 0.001067098 
19.03 	 0.00116662 
19.04 	 0.001261633 
19.05 	 0.001350221 
19.06 	 0.001431272 
19.07 	 0.001503182 
19.08 	 0.001563727 
19.09 	 0.001610985 
19.1 	 0.001643754 
19.11 	 0.001665636 
19.12 	 0.001681211 
19.13 	 0.001690631 
19.14 	 0.001689954 
19.15 	 0.001674448 
19.16 	 0.001645292 
19.17 	 0.001605186 
19.18 	 0.001554855 
19.19 	 0.001498064 
19.2 	 0.001437516 
19.21 	 0.001372323 
19.22 	 0.001303168 
19.23 	 0.001231454 
19.24 	 0.001157826 
19.25 	 0.00108351 
19.26 	 0.001007857 
19.27 	 0.000929029 
19.28 	 0.0008483541 
19.29 	 0.000769436 
19.3 	 0.0006947494 
19.31 	 0.0006252407 
19.32 	 0.0005618673 
19.33 	 0.000505848 
19.34 	 0.0004581356 
19.35 	 0.0004184347 
19.36 	 0.0003852206 
19.37 	 0.0003583445 
19.38 	 0.0003370916 
19.39 	 0.000319344 
19.4 	 0.0003036952 
19.41 	 0.0002893487 
19.42 	 0.0002758277 
19.43 	 0.0002613098 
19.44 	 0.0002443698 
19.45 	 0.0002251972 
19.46 	 0.0002035945 
19.47 	 0.0001789543 
19.48 	 0.000151469 
19.49 	 0.0001228837 
19.5 	 9.459718e-05 
19.51 	 6.745175e-05 
19.52 	 4.377053e-05 
19.53 	 2.530347e-05 
19.54 	 1.170338e-05 
19.55 	 1.193711e-06 
19.56 	 -7.762202e-06 
19.57 	 -1.60038e-05 
19.58 	 -2.45759e-05 
19.59 	 -3.327688e-05 
19.6 	 -4.309891e-05 
19.61 	 -5.585814e-05 
19.62 	 -7.09704e-05 
19.63 	 -8.829896e-05 
19.64 	 -0.0001086735 
19.65 	 -0.0001315531 
19.66 	 -0.0001566463 
19.67 	 -0.0001899213 
19.68 	 -0.000238799 
19.69 	 -0.000301448 
19.7 	 -0.0003716397 
19.71 	 -0.0004442549 
19.72 	 -0.0005160294 
19.73 	 -0.0005874559 
19.74 	 -0.00066183 
19.75 	 -0.0007413519 
19.76 	 -0.0008237841 
19.77 	 -0.0009075603 
19.78 	 -0.0009917579 
19.79 	 -0.001071457 
19.8 	 -0.001143737 
19.81 	 -0.001208487 
19.82 	 -0.001265443 
19.83 	 -0.001316273 
19.84 	 -0.001364854 
19.85 	 -0.0014159 
19.86 	 -0.001470244 
19.87 	 -0.00152522 
19.88 	 -0.00157924 
19.89 	 -0.001631384 
19.9 	 -0.001678136 
19.91 	 -0.001715094 
19.92 	 -0.001742701 
19.93 	 -0.001764023 
19.94 	 -0.001778583 
19.95 	 -0.001782365 
19.96 	 -0.001774303 
19.97 	 -0.001756732 
19.98 	 -0.001731042 
19.99 	 -0.001699907 
20.0 	 -0.001665461 
20.01 	 -0.001627621 
20.02 	 -0.001589524 
20.03 	 -0.001555125 
20.04 	 -0.001526422 
20.05 	 -0.001504554 
20.06 	 -0.001487991 
20.07 	 -0.001472835 
20.08 	 -0.001455186 
20.09 	 -0.001433927 
20.1 	 -0.001410591 
20.11 	 -0.001387551 
20.12 	 -0.001367622 
20.13 	 -0.00135171 
20.14 	 -0.001338106 
20.15 	 -0.001326882 
20.16 	 -0.001319623 
20.17 	 -0.001315855 
20.18 	 -0.001314311 
20.19 	 -0.001314375 
20.2 	 -0.001314929 
20.21 	 -0.001315624 
20.22 	 -0.001316773 
20.23 	 -0.001317222 
20.24 	 -0.001315207 
20.25 	 -0.001309751 
20.26 	 -0.001302288 
20.27 	 -0.001292881 
20.28 	 -0.001278984 
20.29 	 -0.001259705 
20.3 	 -0.001234855 
20.31 	 -0.001204612 
20.32 	 -0.001171068 
20.33 	 -0.001135696 
20.34 	 -0.001097952 
20.35 	 -0.001057696 
20.36 	 -0.0010158 
20.37 	 -0.0009731162 
20.38 	 -0.0009288067 
20.39 	 -0.0008831431 
20.4 	 -0.0008396144 
20.41 	 -0.0007991134 
20.42 	 -0.0007587446 
20.43 	 -0.0007162122 
20.44 	 -0.0006708352 
20.45 	 -0.0006219821 
20.46 	 -0.0005680787 
20.47 	 -0.0005068609 
20.48 	 -0.0004382264 
20.49 	 -0.0003659787 
20.5 	 -0.0002947331 
20.51 	 -0.0002267355 
20.52 	 -0.0001612486 
20.53 	 -9.624417e-05 
20.54 	 -3.045115e-05 
20.55 	 3.511226e-05 
20.56 	 9.872994e-05 
20.57 	 0.0001593678 
20.58 	 0.0002148491 
20.59 	 0.0002643828 
20.6 	 0.0003082791 
20.61 	 0.0003455249 
20.62 	 0.0003759979 
20.63 	 0.0003998169 
20.64 	 0.0004171869 
20.65 	 0.0004281339 
20.66 	 0.0004306135 
20.67 	 0.0004244334 
20.68 	 0.0004129723 
20.69 	 0.0003983428 
20.7 	 0.0003822675 
20.71 	 0.0003670557 
20.72 	 0.000352123 
20.73 	 0.0003368619 
20.74 	 0.0003230841 
20.75 	 0.0003121859 
20.76 	 0.0003030976 
20.77 	 0.000292855 
20.78 	 0.000279693 
20.79 	 0.0002626961 
20.8 	 0.0002402697 
20.81 	 0.0002136661 
20.82 	 0.0001863729 
20.83 	 0.0001602258 
20.84 	 0.0001346554 
20.85 	 0.0001092196 
20.86 	 8.442323e-05 
20.87 	 5.994849e-05 
20.88 	 3.725152e-05 
20.89 	 1.844034e-05 
20.9 	 3.56107e-06 
20.91 	 -8.058425e-06 
20.92 	 -1.660197e-05 
20.93 	 -1.965493e-05 
20.94 	 -1.43848e-05 
20.95 	 -2.491125e-06 
20.96 	 1.379194e-05 
20.97 	 3.577231e-05 
20.98 	 6.388847e-05 
20.99 	 9.499513e-05 
21.0 	 0.0001225913 
21.01 	 0.0001402477 
21.02 	 0.0001479135 
21.03 	 0.0001505658 
21.04 	 0.0001517526 
21.05 	 0.0001539184 
21.06 	 0.000159932 
21.07 	 0.0001704109 
21.08 	 0.000186165 
21.09 	 0.0002107064 
21.1 	 0.0002453856 
21.11 	 0.0002868139 
21.12 	 0.0003296882 
21.13 	 0.000371215 
21.14 	 0.0004116012 
21.15 	 0.0004498594 
21.16 	 0.000484069 
21.17 	 0.0005121157 
21.18 	 0.0005297531 
21.19 	 0.000533942 
21.2 	 0.0005232225 
21.21 	 0.0004961914 
21.22 	 0.0004542959 
21.23 	 0.0004010939 
21.24 	 0.0003412365 
21.25 	 0.0002796289 
21.26 	 0.000220616 
21.27 	 0.0001673462 
21.28 	 0.0001206913 
21.29 	 8.041062e-05 
21.3 	 4.55107e-05 
21.31 	 1.498718e-05 
21.32 	 -1.344264e-05 
21.33 	 -4.364604e-05 
21.34 	 -7.900306e-05 
21.35 	 -0.0001210458 
21.36 	 -0.000166592 
21.37 	 -0.0002094998 
21.38 	 -0.0002446859 
21.39 	 -0.0002701699 
21.4 	 -0.0002873047 
21.41 	 -0.0002980842 
21.42 	 -0.0003027448 
21.43 	 -0.000299704 
21.44 	 -0.0002882066 
21.45 	 -0.0002683126 
21.46 	 -0.0002394669 
21.47 	 -0.0002030672 
21.48 	 -0.000162324 
21.49 	 -0.0001206143 
21.5 	 -8.245038e-05 
21.51 	 -5.122153e-05 
21.52 	 -2.634691e-05 
21.53 	 -4.621052e-06 
21.54 	 1.737317e-05 
21.55 	 4.289988e-05 
21.56 	 7.468642e-05 
21.57 	 0.0001134233 
21.58 	 0.0001584631 
21.59 	 0.0002088813 
21.6 	 0.0002627621 
21.61 	 0.0003176266 
21.62 	 0.000371237 
21.63 	 0.0004216282 
21.64 	 0.0004674385 
21.65 	 0.0005080598 
21.66 	 0.0005442355 
21.67 	 0.0005775677 
21.68 	 0.0006099856 
21.69 	 0.0006434646 
21.7 	 0.0006783067 
21.71 	 0.0007136125 
21.72 	 0.0007479162 
21.73 	 0.0007795848 
21.74 	 0.0008081262 
21.75 	 0.0008346845 
21.76 	 0.000861709 
21.77 	 0.0008904365 
21.78 	 0.0009206367 
21.79 	 0.0009525117 
21.8 	 0.0009863875 
21.81 	 0.001022222 
21.82 	 0.001059027 
21.83 	 0.001094871 
21.84 	 0.001128149 
21.85 	 0.001157565 
21.86 	 0.00118318 
21.87 	 0.001208106 
21.88 	 0.001235914 
21.89 	 0.00126833 
21.9 	 0.001305938 
21.91 	 0.001350329 
21.92 	 0.001403531 
21.93 	 0.001464742 
21.94 	 0.001531821 
21.95 	 0.001603576 
21.96 	 0.001679818 
21.97 	 0.00176068 
21.98 	 0.001845609 
21.99 	 0.001933794 
22.0 	 0.002024873 
22.01 	 0.002118653 
22.02 	 0.002213797 
22.03 	 0.002308586 
22.04 	 0.002403061 
22.05 	 0.002496399 
22.06 	 0.002584802 
22.07 	 0.002665018 
22.08 	 0.002735946 
22.09 	 0.002797945 
22.1 	 0.002851657 
22.11 	 0.002895498 
22.12 	 0.002926402 
22.13 	 0.002941611 
22.14 	 0.002939084 
22.15 	 0.002917642 
22.16 	 0.002876563 
22.17 	 0.002815168 
22.18 	 0.002732198 
22.19 	 0.002626479 
22.2 	 0.002498173 
22.21 	 0.002349307 
22.22 	 0.002182559 
22.23 	 0.001999114 
22.24 	 0.001798565 
22.25 	 0.001580029 
22.26 	 0.001343781 
22.27 	 0.001093257 
22.28 	 0.0008332992 
22.29 	 0.0005670723 
22.3 	 0.0002970061 
22.31 	 2.491012e-05 
22.32 	 -0.0002486047 
22.33 	 -0.0005217306 
22.34 	 -0.0007908791 
22.35 	 -0.001051869 
22.36 	 -0.001301723 
22.37 	 -0.001539462 
22.38 	 -0.001763314 
22.39 	 -0.001971168 
22.4 	 -0.002162279 
22.41 	 -0.002335883 
22.42 	 -0.0024903 
22.43 	 -0.002623825 
22.44 	 -0.002735083 
22.45 	 -0.002821333 
22.46 	 -0.002879995 
22.47 	 -0.002910618 
22.48 	 -0.002913821 
22.49 	 -0.002891824 
22.5 	 -0.002848602 
22.51 	 -0.00278924 
22.52 	 -0.002718423 
22.53 	 -0.002638365 
22.54 	 -0.002549443 
22.55 	 -0.002450417 
22.56 	 -0.002340703 
22.57 	 -0.002221452 
22.58 	 -0.002093629 
22.59 	 -0.001960427 
22.6 	 -0.001827043 
22.61 	 -0.001697178 
22.62 	 -0.001571115 
22.63 	 -0.001450952 
22.64 	 -0.001343891 
22.65 	 -0.001253108 
22.66 	 -0.001175584 
22.67 	 -0.001109295 
22.68 	 -0.001055311 
22.69 	 -0.001013363 
22.7 	 -0.0009799771 
22.71 	 -0.0009527592 
22.72 	 -0.0009299906 
22.73 	 -0.0009080715 
22.74 	 -0.0008864275 
22.75 	 -0.0008684337 
22.76 	 -0.0008559156 
22.77 	 -0.0008461587 
22.78 	 -0.0008336764 
22.79 	 -0.0008158933 
22.8 	 -0.0007944019 
22.81 	 -0.0007737534 
22.82 	 -0.000757007 
22.83 	 -0.0007418798 
22.84 	 -0.0007279077 
22.85 	 -0.000717458 
22.86 	 -0.0007117189 
22.87 	 -0.000711244 
22.88 	 -0.0007148897 
22.89 	 -0.0007224024 
22.9 	 -0.0007346574 
22.91 	 -0.0007515062 
22.92 	 -0.0007731103 
22.93 	 -0.0007995626 
22.94 	 -0.0008298837 
22.95 	 -0.0008632508 
22.96 	 -0.0008997014 
22.97 	 -0.0009387892 
22.98 	 -0.000979757 
22.99 	 -0.001024313 
23.0 	 -0.001075853 
23.01 	 -0.001134794 
23.02 	 -0.001200066 
23.03 	 -0.001270389 
23.04 	 -0.001341498 
23.05 	 -0.001409589 
23.06 	 -0.001474232 
23.07 	 -0.00153456 
23.08 	 -0.001589526 
23.09 	 -0.001640104 
23.1 	 -0.001685999 
23.11 	 -0.001723988 
23.12 	 -0.001750206 
23.13 	 -0.001760536 
23.14 	 -0.001750291 
23.15 	 -0.001717239 
23.16 	 -0.001662369 
23.17 	 -0.001587817 
23.18 	 -0.001496636 
23.19 	 -0.001391531 
23.2 	 -0.001273631 
23.21 	 -0.001144164 
23.22 	 -0.001005917 
23.23 	 -0.000862784 
23.24 	 -0.0007179572 
23.25 	 -0.0005730972 
23.26 	 -0.0004293863 
23.27 	 -0.0002887027 
23.28 	 -0.0001536441 
23.29 	 -2.687724e-05 
23.3 	 8.901571e-05 
23.31 	 0.0001931913 
23.32 	 0.0002876575 
23.33 	 0.0003762497 
23.34 	 0.0004620309 
23.35 	 0.0005452505 
23.36 	 0.0006245938 
23.37 	 0.0006982877 
23.38 	 0.0007656758 
23.39 	 0.0008279196 
23.4 	 0.0008857442 
23.41 	 0.0009388476 
23.42 	 0.0009865356 
23.43 	 0.001028188 
23.44 	 0.0010636 
23.45 	 0.001093029 
23.46 	 0.00111822 
23.47 	 0.001141566 
23.48 	 0.001163569 
23.49 	 0.001183903 
23.5 	 0.00120264 
23.51 	 0.001217585 
23.52 	 0.001225617 
23.53 	 0.001225292 
23.54 	 0.001215209 
23.55 	 0.001195589 
23.56 	 0.001169254 
23.57 	 0.001138658 
23.58 	 0.001105093 
23.59 	 0.001069329 
23.6 	 0.001031788 
23.61 	 0.0009929063 
23.62 	 0.0009536686 
23.63 	 0.0009151421 
23.64 	 0.000877468 
23.65 	 0.0008408531 
23.66 	 0.0008055502 
23.67 	 0.000771825 
23.68 	 0.0007400844 
23.69 	 0.0007093878 
23.7 	 0.00067777 
23.71 	 0.0006423104 
23.72 	 0.0005992002 
23.73 	 0.0005450331 
23.74 	 0.0004788505 
23.75 	 0.0004024084 
23.76 	 0.0003179551 
23.77 	 0.0002268226 
23.78 	 0.0001309675 
23.79 	 3.381118e-05 
23.8 	 -6.279674e-05 
23.81 	 -0.0001563972 
23.82 	 -0.0002422966 
23.83 	 -0.0003191215 
23.84 	 -0.000388359 
23.85 	 -0.0004504188 
23.86 	 -0.000505408 
23.87 	 -0.0005530125 
23.88 	 -0.0005916003 
23.89 	 -0.0006190441 
23.9 	 -0.0006343141 
23.91 	 -0.0006382082 
23.92 	 -0.0006309465 
23.93 	 -0.0006122684 
23.94 	 -0.0005831711 
23.95 	 -0.000544802 
23.96 	 -0.0004977156 
23.97 	 -0.0004421088 
23.98 	 -0.0003788107 
23.99 	 -0.0003094287 
24.0 	 -0.0002350929 
24.01 	 -0.0001565668 
24.02 	 -7.551144e-05 
24.03 	 6.614329e-06 
24.04 	 8.914919e-05 
24.05 	 0.0001705325 
24.06 	 0.0002489426 
24.07 	 0.0003248075 
24.08 	 0.0004002046 
24.09 	 0.0004772794 
24.1 	 0.0005582572 
24.11 	 0.0006432594 
24.12 	 0.0007312573 
24.13 	 0.0008218589 
24.14 	 0.0009136815 
24.15 	 0.001004804 
24.16 	 0.001092824 
24.17 	 0.001174721 
24.18 	 0.001249382 
24.19 	 0.001319023 
24.2 	 0.001386255 
24.21 	 0.001453023 
24.22 	 0.001520257 
24.23 	 0.00158671 
24.24 	 0.001652217 
24.25 	 0.001716474 
24.26 	 0.001775598 
24.27 	 0.001824885 
24.28 	 0.001863259 
24.29 	 0.001892627 
24.3 	 0.001914632 
24.31 	 0.001931127 
24.32 	 0.001944625 
24.33 	 0.001956912 
24.34 	 0.001968294 
24.35 	 0.001980173 
24.36 	 0.001993766 
24.37 	 0.002007037 
24.38 	 0.002017364 
24.39 	 0.002022814 
24.4 	 0.002022951 
24.41 	 0.002018542 
24.42 	 0.002011069 
24.43 	 0.002001968 
24.44 	 0.001991275 
24.45 	 0.001979232 
24.46 	 0.001963559 
24.47 	 0.001938734 
24.48 	 0.00190169 
24.49 	 0.001851908 
24.5 	 0.001788126 
24.51 	 0.001708741 
24.52 	 0.001614077 
24.53 	 0.001507275 
24.54 	 0.001392745 
24.55 	 0.00127366 
24.56 	 0.001149839 
24.57 	 0.001019306 
24.58 	 0.0008823885 
24.59 	 0.0007400134 
24.6 	 0.0005918178 
24.61 	 0.0004385238 
24.62 	 0.0002818209 
24.63 	 0.0001239976 
24.64 	 -3.233042e-05 
24.65 	 -0.0001861467 
24.66 	 -0.0003376738 
24.67 	 -0.0004853623 
24.68 	 -0.0006269144 
24.69 	 -0.0007619908 
24.7 	 -0.0008899385 
24.71 	 -0.001009747 
24.72 	 -0.001122509 
24.73 	 -0.001230102 
24.74 	 -0.001333462 
24.75 	 -0.001432349 
24.76 	 -0.001526217 
24.77 	 -0.001614949 
24.78 	 -0.001698296 
24.79 	 -0.001775236 
24.8 	 -0.001844115 
24.81 	 -0.001902379 
24.82 	 -0.001947802 
24.83 	 -0.001980502 
24.84 	 -0.002001837 
24.85 	 -0.002013016 
24.86 	 -0.002013912 
24.87 	 -0.002003994 
24.88 	 -0.001983995 
24.89 	 -0.001955489 
24.9 	 -0.001921835 
24.91 	 -0.001887131 
24.92 	 -0.001851873 
24.93 	 -0.001813073 
24.94 	 -0.001767962 
24.95 	 -0.001714901 
24.96 	 -0.001652704 
24.97 	 -0.001581367 
24.98 	 -0.001503437 
24.99 	 -0.001422969 
25.0 	 -0.001343917 
25.01 	 -0.001269329 
25.02 	 -0.001200444 
25.03 	 -0.001137098 
25.04 	 -0.00107879 
25.05 	 -0.001025319 
25.06 	 -0.0009769986 
25.07 	 -0.0009338251 
25.08 	 -0.0008945084 
25.09 	 -0.0008585765 
25.1 	 -0.0008275346 
25.11 	 -0.000801847 
25.12 	 -0.0007796162 
25.13 	 -0.0007595193 
25.14 	 -0.0007419775 
25.15 	 -0.000727505 
25.16 	 -0.0007173996 
25.17 	 -0.0007114611 
25.18 	 -0.000706251 
25.19 	 -0.0006996643 
25.2 	 -0.0006912735 
25.21 	 -0.0006809574 
25.22 	 -0.0006699192 
25.23 	 -0.0006586106 
25.24 	 -0.0006457327 
25.25 	 -0.0006305982 
25.26 	 -0.000613647 
25.27 	 -0.0005943347 
25.28 	 -0.0005720417 
25.29 	 -0.0005489496 
25.3 	 -0.0005266066 
25.31 	 -0.0005031048 
25.32 	 -0.0004754608 
25.33 	 -0.0004410889 
25.34 	 -0.0004001106 
25.35 	 -0.0003553378 
25.36 	 -0.0003092648 
25.37 	 -0.0002626978 
25.38 	 -0.0002150803 
25.39 	 -0.0001659705 
25.4 	 -0.0001156349 
25.41 	 -6.457035e-05 
25.42 	 -1.323851e-05 
25.43 	 3.800365e-05 
25.44 	 8.998916e-05 
25.45 	 0.0001443324 
25.46 	 0.0002009609 
25.47 	 0.0002589454 
25.48 	 0.0003178053 
25.49 	 0.0003766254 
25.5 	 0.0004345923 
25.51 	 0.0004912535 
25.52 	 0.0005461926 
25.53 	 0.0005974286 
25.54 	 0.0006410292 
25.55 	 0.000675559 
25.56 	 0.0007027263 
25.57 	 0.0007230273 
25.58 	 0.0007343659 
25.59 	 0.000735417 
25.6 	 0.000726623 
25.61 	 0.0007087382 
25.62 	 0.0006843854 
25.63 	 0.0006558955 
25.64 	 0.000623824 
25.65 	 0.0005895875 
25.66 	 0.0005540093 
25.67 	 0.0005183319 
25.68 	 0.0004849763 
25.69 	 0.0004541134 
25.7 	 0.0004257615 
25.71 	 0.0004006025 
25.72 	 0.0003785526 
25.73 	 0.0003592549 
25.74 	 0.0003417943 
25.75 	 0.0003261642 
25.76 	 0.0003124689 
25.77 	 0.0003002439 
25.78 	 0.0002899621 
25.79 	 0.0002807811 
25.8 	 0.0002703795 
25.81 	 0.0002577645 
25.82 	 0.0002433459 
25.83 	 0.0002293079 
25.84 	 0.0002180302 
25.85 	 0.0002097553 
25.86 	 0.0002043639 
25.87 	 0.0002026611 
25.88 	 0.0002052051 
25.89 	 0.0002118239 
25.9 	 0.0002215354 
25.91 	 0.000232584 
25.92 	 0.0002436621 
25.93 	 0.0002539774 
25.94 	 0.0002624958 
25.95 	 0.0002684945 
25.96 	 0.0002719163 
25.97 	 0.0002731521 
25.98 	 0.0002727893 
25.99 	 0.0002698293 
26.0 	 0.0002625696 
26.01 	 0.0002511955 
26.02 	 0.0002377055 
26.03 	 0.000224768 
26.04 	 0.000214266 
26.05 	 0.0002068286 
26.06 	 0.0002013128 
26.07 	 0.0001964186 
26.08 	 0.0001935913 
26.09 	 0.0001953927 
26.1 	 0.0002024288 
26.11 	 0.0002139856 
26.12 	 0.0002300535 
26.13 	 0.0002515666 
26.14 	 0.0002799839 
26.15 	 0.0003158151 
26.16 	 0.0003580609 
26.17 	 0.0004057928 
26.18 	 0.0004577293 
26.19 	 0.0005107771 
26.2 	 0.0005620257 
26.21 	 0.0006101454 
26.22 	 0.0006539436 
26.23 	 0.0006920274 
26.24 	 0.000723599 
26.25 	 0.0007495103 
26.26 	 0.0007707102 
26.27 	 0.0007865063 
26.28 	 0.0007964546 
26.29 	 0.0008022716 
26.3 	 0.0008061278 
26.31 	 0.0008083827 
26.32 	 0.0008076333 
26.33 	 0.0008012607 
26.34 	 0.0007875371 
26.35 	 0.000766842 
26.36 	 0.000739238 
26.37 	 0.0007043201 
26.38 	 0.0006630309 
26.39 	 0.0006154829 
26.4 	 0.0005597292 
26.41 	 0.0004950221 
26.42 	 0.0004239573 
26.43 	 0.0003495966 
26.44 	 0.0002731766 
26.45 	 0.0001947084 
26.46 	 0.000113545 
26.47 	 3.026496e-05 
26.48 	 -5.412038e-05 
26.49 	 -0.0001400318 
26.5 	 -0.0002279346 
26.51 	 -0.0003182722 
26.52 	 -0.0004110016 
26.53 	 -0.0005030996 
26.54 	 -0.0005888908 
26.55 	 -0.0006638852 
26.56 	 -0.0007281868 
26.57 	 -0.0007830239 
26.58 	 -0.0008274694 
26.59 	 -0.0008618916 
26.6 	 -0.0008881482 
26.61 	 -0.0009074669 
26.62 	 -0.0009212525 
26.63 	 -0.0009307899 
26.64 	 -0.0009353795 
26.65 	 -0.0009339327 
26.66 	 -0.0009279714 
26.67 	 -0.00091974 
26.68 	 -0.0009092892 
26.69 	 -0.0008967722 
26.7 	 -0.0008847912 
26.71 	 -0.0008763006 
26.72 	 -0.0008727922 
26.73 	 -0.0008734804 
26.74 	 -0.0008760536 
26.75 	 -0.000879463 
26.76 	 -0.000883543 
26.77 	 -0.0008859238 
26.78 	 -0.0008840262 
26.79 	 -0.0008776576 
26.8 	 -0.0008666897 
26.81 	 -0.0008519231 
26.82 	 -0.0008357719 
26.83 	 -0.0008192541 
26.84 	 -0.0008009198 
26.85 	 -0.000777926 
26.86 	 -0.0007489589 
26.87 	 -0.0007141889 
26.88 	 -0.0006735209 
26.89 	 -0.0006262862 
26.9 	 -0.0005701167 
26.91 	 -0.0005042518 
26.92 	 -0.0004301157 
26.93 	 -0.0003477543 
26.94 	 -0.000256728 
26.95 	 -0.0001567445 
26.96 	 -4.893377e-05 
26.97 	 6.450045e-05 
26.98 	 0.0001831913 
26.99 	 0.0003063957 
27.0 	 0.0004319234 
27.01 	 0.0005575185 
27.02 	 0.0006805383 
27.03 	 0.0007986283 
27.04 	 0.0009096899 
27.05 	 0.001011977 
27.06 	 0.001104943 
27.07 	 0.001189371 
27.08 	 0.001266174 
27.09 	 0.001335403 
27.1 	 0.001396638 
27.11 	 0.001448571 
27.12 	 0.001489102 
27.13 	 0.001518796 
27.14 	 0.001541473 
27.15 	 0.00155885 
27.16 	 0.001568634 
27.17 	 0.001568556 
27.18 	 0.001557732 
27.19 	 0.001535422 
27.2 	 0.001502817 
27.21 	 0.001461728 
27.22 	 0.00141303 
27.23 	 0.001357788 
27.24 	 0.001297056 
27.25 	 0.001232639 
27.26 	 0.001165936 
27.27 	 0.001097465 
27.28 	 0.00102873 
27.29 	 0.0009620441 
27.3 	 0.0008997022 
27.31 	 0.0008428426 
27.32 	 0.0007912424 
27.33 	 0.0007450678 
27.34 	 0.0007043722 
27.35 	 0.0006676956 
27.36 	 0.0006331188 
27.37 	 0.000598686 
27.38 	 0.0005634395 
27.39 	 0.0005257881 
27.4 	 0.0004831868 
27.41 	 0.0004356735 
27.42 	 0.0003829519 
27.43 	 0.0003245638 
27.44 	 0.000262141 
27.45 	 0.0001962815 
27.46 	 0.0001278086 
27.47 	 5.960064e-05 
27.48 	 -5.974088e-06 
27.49 	 -6.762072e-05 
27.5 	 -0.0001239149 
27.51 	 -0.0001734495 
27.52 	 -0.0002160561 
27.53 	 -0.0002527245 
27.54 	 -0.0002843058 
27.55 	 -0.0003112368 
27.56 	 -0.0003326566 
27.57 	 -0.0003477772 
27.58 	 -0.0003576608 
27.59 	 -0.0003639133 
27.6 	 -0.0003667467 
27.61 	 -0.0003653613 
27.62 	 -0.0003597152 
27.63 	 -0.0003506385 
27.64 	 -0.0003395824 
27.65 	 -0.0003271151 
27.66 	 -0.0003140813 
27.67 	 -0.0003029592 
27.68 	 -0.0002961419 
27.69 	 -0.0002953544 
27.7 	 -0.0003005107 
27.71 	 -0.0003100199 
27.72 	 -0.0003231546 
27.73 	 -0.0003389532 
27.74 	 -0.0003553053 
27.75 	 -0.0003712197 
27.76 	 -0.0003873739 
27.77 	 -0.0004035269 
27.78 	 -0.0004181039 
27.79 	 -0.0004307194 
27.8 	 -0.0004400757 
27.81 	 -0.0004444583 
27.82 	 -0.0004444204 
27.83 	 -0.0004419431 
27.84 	 -0.0004389473 
27.85 	 -0.00043546 
27.86 	 -0.0004311566 
27.87 	 -0.0004262539 
27.88 	 -0.0004203921 
27.89 	 -0.0004134145 
27.9 	 -0.0004066755 
27.91 	 -0.0004012173 
27.92 	 -0.0003968732 
27.93 	 -0.0003940263 
27.94 	 -0.0003923697 
27.95 	 -0.00038988 
27.96 	 -0.0003851592 
27.97 	 -0.0003782371 
27.98 	 -0.0003697045 
27.99 	 -0.0003603194 
28.0 	 -0.0003501882 
28.01 	 -0.0003390043 
28.02 	 -0.0003265538 
28.03 	 -0.000313195 
28.04 	 -0.0002997364 
28.05 	 -0.0002864234 
28.06 	 -0.0002725683 
28.07 	 -0.0002572593 
28.08 	 -0.0002403663 
28.09 	 -0.000222552 
28.1 	 -0.0002044681 
28.11 	 -0.0001861033 
28.12 	 -0.0001677761 
28.13 	 -0.0001505496 
28.14 	 -0.0001350944 
28.15 	 -0.0001219335 
28.16 	 -0.0001118178 
28.17 	 -0.0001051894 
28.18 	 -0.0001020997 
28.19 	 -0.0001023645 
28.2 	 -0.0001059552 
28.21 	 -0.0001127431 
28.22 	 -0.0001220257 
28.23 	 -0.0001328984 
28.24 	 -0.0001452589 
28.25 	 -0.0001596162 
28.26 	 -0.0001757802 
28.27 	 -0.0001929409 
28.28 	 -0.0002104373 
28.29 	 -0.0002279596 
28.3 	 -0.000245011 
28.31 	 -0.0002613253 
28.32 	 -0.0002770278 
28.33 	 -0.000291896 
28.34 	 -0.0003057216 
28.35 	 -0.0003184571 
28.36 	 -0.0003302451 
28.37 	 -0.0003411329 
28.38 	 -0.0003506937 
28.39 	 -0.0003586827 
28.4 	 -0.000365096 
28.41 	 -0.0003703245 
28.42 	 -0.0003748665 
28.43 	 -0.0003785327 
28.44 	 -0.0003812822 
28.45 	 -0.000383295 
28.46 	 -0.0003844734 
28.47 	 -0.0003848853 
28.48 	 -0.0003846819 
28.49 	 -0.0003838892 
28.5 	 -0.0003824139 
28.51 	 -0.0003801049 
28.52 	 -0.00037699 
28.53 	 -0.0003730063 
28.54 	 -0.0003681566 
28.55 	 -0.0003628036 
28.56 	 -0.0003571397 
28.57 	 -0.0003514879 
28.58 	 -0.0003461108 
28.59 	 -0.0003407497 
28.6 	 -0.0003351143 
28.61 	 -0.0003288882 
28.62 	 -0.0003220338 
28.63 	 -0.0003145692 
28.64 	 -0.0003063312 
28.65 	 -0.0002973509 
28.66 	 -0.0002874535 
28.67 	 -0.0002764739 
28.68 	 -0.000264552 
28.69 	 -0.0002518002 
28.7 	 -0.0002384332 
28.71 	 -0.0002246678 
28.72 	 -0.0002104727 
28.73 	 -0.0001958669 
28.74 	 -0.0001810209 
28.75 	 -0.0001660159 
28.76 	 -0.0001508756 
28.77 	 -0.000135641 
28.78 	 -0.0001202813 
28.79 	 -0.000104795 
28.8 	 -8.938196e-05 
28.81 	 -7.424004e-05 
28.82 	 -5.958718e-05 
28.83 	 -4.578951e-05 
28.84 	 -3.285167e-05 
28.85 	 -2.052006e-05 
28.86 	 -8.819814e-06 
28.87 	 2.129718e-06 
28.88 	 1.225034e-05 
28.89 	 2.138722e-05 
28.9 	 2.938973e-05 
28.91 	 3.625236e-05 
28.92 	 4.214339e-05 
28.93 	 4.725368e-05 
28.94 	 5.170832e-05 
28.95 	 5.563749e-05 
28.96 	 5.915408e-05 
28.97 	 6.23052e-05 
28.98 	 6.507726e-05 
28.99 	 6.749101e-05 
29.0 	 6.956373e-05 
29.01 	 7.122076e-05 
29.02 	 7.251563e-05 
29.03 	 7.360451e-05 
29.04 	 7.451227e-05 
29.05 	 7.523185e-05 
29.06 	 7.578416e-05 
29.07 	 7.616036e-05 
29.08 	 7.636578e-05 
29.09 	 7.641902e-05 
29.1 	 7.632498e-05 
29.11 	 7.609111e-05 
29.12 	 7.570466e-05 
29.13 	 7.511724e-05 
29.14 	 7.431846e-05 
29.15 	 7.334859e-05 
29.16 	 7.22398e-05 
29.17 	 7.102069e-05 
29.18 	 6.972885e-05 
29.19 	 6.837495e-05 
29.2 	 6.693722e-05 
29.21 	 6.540353e-05 
29.22 	 6.378831e-05 
29.23 	 6.211609e-05 
29.24 	 6.039168e-05 
29.25 	 5.861738e-05 
29.26 	 5.681693e-05 
29.27 	 5.50104e-05 
29.28 	 5.320189e-05 
29.29 	 5.139055e-05 
29.3 	 4.957541e-05 
29.31 	 4.775579e-05 
29.32 	 4.593275e-05 
29.33 	 4.411302e-05 
29.34 	 4.230791e-05 
29.35 	 4.052658e-05 
29.36 	 3.877643e-05 
29.37 	 3.70633e-05 
29.38 	 3.539455e-05 
29.39 	 3.377515e-05 
29.4 	 3.219934e-05 
29.41 	 3.066224e-05 
29.42 	 2.916677e-05 
29.43 	 2.771608e-05 
29.44 	 2.630975e-05 
29.45 	 2.494571e-05 
29.46 	 2.362426e-05 
29.47 	 2.234545e-05 
29.48 	 2.110972e-05 
29.49 	 1.992169e-05 
29.5 	 1.878479e-05 
29.51 	 1.769875e-05 
29.52 	 1.66638e-05 
29.53 	 1.568123e-05 
29.54 	 1.475136e-05 
29.55 	 1.387349e-05 
29.56 	 1.304679e-05 
29.57 	 1.227053e-05 
29.58 	 1.154333e-05 
29.59 	 1.086289e-05 
29.6 	 1.022688e-05 
29.61 	 9.633376e-06 
29.62 	 9.080387e-06 
29.63 	 8.565587e-06 
29.64 	 8.086852e-06 
29.65 	 7.642353e-06 
29.66 	 7.230291e-06 
29.67 	 6.848839e-06 
29.68 	 6.496044e-06 
29.69 	 6.170043e-06 
29.7 	 5.869257e-06 
29.71 	 5.592127e-06 
29.72 	 5.337043e-06 
29.73 	 5.102482e-06 
29.74 	 4.887007e-06 
29.75 	 4.689201e-06 
29.76 	 4.507717e-06 
29.77 	 4.341354e-06 
29.78 	 4.189003e-06 
29.79 	 4.049614e-06 
29.8 	 3.922229e-06 
29.81 	 3.805989e-06 
29.82 	 3.700114e-06 
29.83 	 3.603894e-06 
29.84 	 3.516695e-06 
29.85 	 3.437951e-06 
29.86 	 3.367164e-06 
29.87 	 3.303899e-06 
29.88 	 3.247769e-06 
29.89 	 3.198436e-06 
29.9 	 3.155606e-06 
29.91 	 3.119026e-06 
29.92 	 3.088475e-06 
29.93 	 3.063765e-06 
29.94 	 3.044735e-06 
29.95 	 3.031244e-06 
29.96 	 3.02317e-06 
29.97 	 3.020406e-06 
29.98 	 3.022854e-06 
29.99 	 3.030422e-06 
