0.0 	 1.17674e-05
0.0419385 	 1.11039e-05
0.083877 	 8.52167e-06
0.125815 	 4.22057e-06
0.167754 	 4.58385e-07
0.209692 	 -1.51387e-06
0.251631 	 -2.84638e-06
0.293569 	 -3.91692e-06
0.335508 	 -4.20229e-06
0.377446 	 -4.44452e-06
0.419385 	 -4.37729e-06
0.461323 	 -2.68393e-06
0.503262 	 -1.00276e-07
0.5452 	 1.65984e-06
0.587139 	 1.82237e-06
0.629077 	 1.67914e-06
0.671016 	 2.57714e-06
0.712954 	 1.87141e-06
0.754893 	 -1.3364e-06
0.796831 	 -3.81383e-06
0.83877 	 -6.5573e-06
0.880708 	 -1.05172e-05
0.922647 	 -1.20736e-05
0.964585 	 -1.17235e-05
1.00652 	 -1.18767e-05
1.04846 	 -1.22126e-05
1.0904 	 -1.66841e-05
1.13234 	 -3.71646e-05
1.17428 	 -8.19561e-05
1.21622 	 -8.34837e-05
1.25815 	 0.000271256
1.30009 	 0.00166231
1.34203 	 0.00490015
1.38397 	 0.0102697
1.42591 	 0.0169373
1.46785 	 0.0230003
1.50979 	 0.026175
1.55172 	 0.024726
1.59366 	 0.0185582
1.6356 	 0.0103198
1.67754 	 0.00538817
1.71948 	 0.00935662
1.76142 	 0.0241157
1.80336 	 0.0461913
1.84529 	 0.068731
1.88723 	 0.0844759
1.92917 	 0.0876947
1.97111 	 0.0757442
2.01305 	 0.050311
2.05499 	 0.0171431
2.09692 	 -0.0157467
2.13886 	 -0.040409
2.1808 	 -0.0511503
2.22274 	 -0.0460667
2.26468 	 -0.0274495
2.30662 	 -0.000964779
2.34856 	 0.0261462
2.39049 	 0.0471169
2.43243 	 0.0571742
2.47437 	 0.0544273
2.51631 	 0.0402178
2.55825 	 0.0186576
2.60019 	 -0.00460793
2.64212 	 -0.0238277
2.68406 	 -0.0344451
2.726 	 -0.0341595
2.76794 	 -0.0233642
2.80988 	 -0.00484016
2.85182 	 0.0170187
2.89376 	 0.0372362
2.93569 	 0.0513597
2.97763 	 0.0564068
3.01957 	 0.0515054
3.06151 	 0.0380993
3.10345 	 0.0195688
3.14539 	 0.000350666
3.18733 	 -0.0151322
3.22926 	 -0.0234561
3.2712 	 -0.0229187
3.31314 	 -0.0138951
3.35508 	 0.00124967
3.39702 	 0.0187634
3.43896 	 0.0344891
3.48089 	 0.0448893
3.52283 	 0.0478294
3.56477 	 0.0429847
3.60671 	 0.0318112
3.64865 	 0.0171233
3.69059 	 0.00240095
3.73253 	 -0.00902849
3.77446 	 -0.0147383
3.8164 	 -0.0137045
3.85834 	 -0.00646795
3.90028 	 0.00506341
3.94222 	 0.01811
3.98416 	 0.029677
4.02609 	 0.0372206
4.06803 	 0.0391954
4.10997 	 0.0353727
4.15191 	 0.0268497
4.19385 	 0.0157469
4.23579 	 0.00468234
4.27773 	 -0.00384663
4.31966 	 -0.00802558
4.3616 	 -0.00710008
4.40354 	 -0.00149465
4.44548 	 0.00733246
4.48742 	 0.0172551
4.52936 	 0.0259837
4.5713 	 0.0315901
4.61323 	 0.0329267
4.65517 	 0.029852
4.69711 	 0.0232207
4.73905 	 0.0146551
4.78099 	 0.00615354
4.82293 	 -0.000369151
4.86486 	 -0.00351007
4.9068 	 -0.00267873
4.94874 	 0.00179824
4.99068 	 0.00878521
5.03262 	 0.0166223
5.07456 	 0.023517
5.1165 	 0.0279535
5.15843 	 0.0290251
5.20037 	 0.0266157
5.24231 	 0.0213976
5.28425 	 0.0146521
5.32619 	 0.00795717
5.36813 	 0.00281952
5.41007 	 0.000336892
5.452 	 0.000967372
5.49394 	 0.0044518
5.53588 	 0.00989937
5.57782 	 0.0160107
5.61976 	 0.0213845
5.6617 	 0.0248375
5.70363 	 0.0256638
5.74557 	 0.0237767
5.78751 	 0.0197043
5.82945 	 0.0144463
5.87139 	 0.00923109
5.91333 	 0.00523081
5.95527 	 0.00329974
5.9972 	 0.00379377
6.03914 	 0.00650851
6.08108 	 0.0107464
6.12302 	 0.0154929
6.16496 	 0.0196579
6.2069 	 0.0223239
6.24884 	 0.0229461
6.29077 	 0.0214614
6.33271 	 0.018284
6.37465 	 0.0141943
6.41659 	 0.0101492
6.45853 	 0.00705968
6.50047 	 0.00558661
6.5424 	 0.00600159
6.58434 	 0.00814017
6.62628 	 0.0114553
6.66822 	 0.0151549
6.71016 	 0.01839
6.7521 	 0.0204479
6.79404 	 0.0209087
6.83597 	 0.019729
6.87791 	 0.0172372
6.91985 	 0.0140456
6.96179 	 0.0109011
7.00373 	 0.00851169
7.04567 	 0.00738873
7.0876 	 0.00773853
7.12954 	 0.00942738
7.17148 	 0.0120244
7.21342 	 0.0149099
7.25536 	 0.0174225
7.2973 	 0.0190097
7.33924 	 0.0193487
7.38117 	 0.0184101
7.42311 	 0.0164539
7.46505 	 0.0139595
7.50699 	 0.0115101
7.54893 	 0.00965637
7.59087 	 0.0087943
7.63281 	 0.00908108
7.67474 	 0.0104088
7.71668 	 0.0124387
7.75862 	 0.0146865
7.80056 	 0.0166368
7.8425 	 0.0178609
7.88444 	 0.0181097
7.92637 	 0.0173637
7.96831 	 0.0158286
8.01025 	 0.0138801
8.05219 	 0.0119731
8.09413 	 0.0105361
8.13607 	 0.00987528
8.17801 	 0.0101103
8.21994 	 0.0111542
8.26188 	 0.0127407
8.30382 	 0.0144913
8.34576 	 0.0160045
8.3877 	 0.0169478
8.42964 	 0.0171296
8.47157 	 0.0165376
8.51351 	 0.0153344
8.55545 	 0.0138144
8.59739 	 0.0123325
8.63933 	 0.0112214
8.68127 	 0.010718
8.72321 	 0.0109129
8.76514 	 0.0117357
8.80708 	 0.012977
