0.0 	 0.0
0.0419385 	 -0.00136865
0.083877 	 -0.00148126
0.125815 	 0.000254986
0.167754 	 0.00186283
0.209692 	 0.00011269
0.251631 	 -0.000409148
0.293569 	 0.0011885
0.335508 	 -0.000196057
0.377446 	 -0.000529139
0.419385 	 0.00175635
0.461323 	 0.00060933
0.503262 	 -0.000703819
0.5452 	 -0.000924021
0.587139 	 -0.0010473
0.629077 	 0.00202078
0.671016 	 -0.000651484
0.712954 	 -0.00378348
0.754893 	 0.00221833
0.796831 	 0.000589655
0.83877 	 -0.0034317
0.880708 	 0.00321786
0.922647 	 0.00194417
0.964585 	 -0.0022193
1.00652 	 0.00138608
1.04846 	 -0.00106825
1.0904 	 -0.00773245
1.13234 	 -0.0181569
1.17428 	 -0.0109634
1.21622 	 0.123946
1.25815 	 0.519597
1.30009 	 1.09602
1.34203 	 1.4009
1.38397 	 0.965166
1.42591 	 -0.215641
1.46785 	 -1.6471
1.50979 	 -2.80111
1.55172 	 -3.12058
1.59366 	 -1.79425
1.6356 	 1.52996
1.67754 	 5.5216
1.71948 	 7.11505
1.76142 	 4.86399
1.80336 	 0.466717
1.84529 	 -3.86878
1.88723 	 -7.39775
1.92917 	 -9.28541
1.97111 	 -8.43322
2.01305 	 -4.95095
2.05499 	 -0.0927181
2.09692 	 4.7941
2.13886 	 8.37267
2.1808 	 9.64092
2.22274 	 8.34438
2.26468 	 4.92573
2.30662 	 0.48512
2.34856 	 -3.61811
2.39049 	 -6.5163
2.43243 	 -7.75899
2.47437 	 -7.03798
2.51631 	 -4.55819
2.55825 	 -1.15348
2.60019 	 2.30076
2.64212 	 5.12659
2.68406 	 6.58462
2.726 	 6.37917
2.76794 	 4.74592
2.80988 	 2.13309
2.85182 	 -0.865817
2.89376 	 -3.56545
2.93569 	 -5.40987
2.97763 	 -6.01486
3.01957 	 -5.20925
3.06151 	 -3.19334
3.10345 	 -0.527959
3.14539 	 2.15092
3.18733 	 4.24528
3.22926 	 5.32458
3.2712 	 5.16915
3.31314 	 3.79272
3.35508 	 1.53243
3.39702 	 -0.991051
3.43896 	 -3.14939
3.48089 	 -4.4754
3.52283 	 -4.71213
3.56477 	 -3.86804
3.60671 	 -2.19855
3.64865 	 -0.104665
3.69059 	 1.91785
3.73253 	 3.40798
3.77446 	 4.06173
3.8164 	 3.77102
3.85834 	 2.64624
3.90028 	 0.984018
3.94222 	 -0.82116
3.98416 	 -2.37169
4.02609 	 -3.33566
4.06803 	 -3.50985
4.10997 	 -2.87726
4.15191 	 -1.6164
4.19385 	 -0.0411326
4.23579 	 1.47651
4.27773 	 2.59223
4.31966 	 3.07382
4.3616 	 2.8453
4.40354 	 1.98889
4.44548 	 0.717573
4.48742 	 -0.666673
4.52936 	 -1.84408
4.5713 	 -2.55802
4.61323 	 -2.66904
4.65517 	 -2.17625
4.69711 	 -1.21342
4.73905 	 -0.0130667
4.78099 	 1.14915
4.82293 	 2.01326
4.86486 	 2.39217
4.9068 	 2.21722
4.94874 	 1.54987
4.99068 	 0.558079
5.03262 	 -0.524983
5.07456 	 -1.45084
5.1165 	 -2.01562
5.15843 	 -2.10622
5.20037 	 -1.71931
5.24231 	 -0.958397
5.28425 	 -0.00924266
5.32619 	 0.905698
5.36813 	 1.581
5.41007 	 1.8745
5.452 	 1.73556
5.49394 	 1.21212
5.53588 	 0.43548
5.57782 	 -0.411047
5.61976 	 -1.13395
5.6617 	 -1.57393
5.70363 	 -1.64204
5.74557 	 -1.33744
5.78751 	 -0.743617
5.82945 	 -0.0051752
5.87139 	 0.706388
5.91333 	 1.23213
5.95527 	 1.46055
5.9972 	 1.35096
6.03914 	 0.940673
6.08108 	 0.33386
6.12302 	 -0.324853
6.16496 	 -0.88512
6.2069 	 -1.22465
6.24884 	 -1.27517
6.29077 	 -1.03628
6.33271 	 -0.572691
6.37465 	 0.00275972
6.41659 	 0.555924
6.45853 	 0.962778
6.50047 	 1.13723
6.5424 	 1.04868
6.58434 	 0.726888
6.62628 	 0.25319
6.66822 	 -0.259946
6.71016 	 -0.695261
6.7521 	 -0.957288
6.79404 	 -0.993153
6.83597 	 -0.803392
6.87791 	 -0.439632
6.91985 	 0.00954298
6.96179 	 0.43965
7.00373 	 0.754444
7.04567 	 0.887257
7.0876 	 0.814899
7.12954 	 0.561305
7.17148 	 0.190589
7.21342 	 -0.209214
7.25536 	 -0.546746
7.2973 	 -0.748227
7.33924 	 -0.773418
7.38117 	 -0.623277
7.42311 	 -0.338267
7.46505 	 0.0123599
7.50699 	 0.347043
7.54893 	 0.59087
7.59087 	 0.692234
7.63281 	 0.633564
7.67474 	 0.434134
7.71668 	 0.144312
7.75862 	 -0.167165
7.80056 	 -0.429237
7.8425 	 -0.584648
7.88444 	 -0.602332
7.92637 	 -0.483472
7.96831 	 -0.260037
8.01025 	 0.0136386
8.05219 	 0.273901
8.09413 	 0.462585
8.13607 	 0.539847
8.17801 	 0.492409
8.21994 	 0.335612
8.26188 	 0.109005
8.30382 	 -0.133653
8.34576 	 -0.336966
8.3877 	 -0.456571
8.42964 	 -0.46864
8.47157 	 -0.374525
8.51351 	 -0.199455
8.55545 	 0.0140485
8.59739 	 0.216342
8.63933 	 0.362196
8.68127 	 0.42085
8.72321 	 0.382326
8.76514 	 0.258968
8.80708 	 0.0818793
