0.0 	 0.0
0.01 	 0.00081539
0.02 	 0.00384028
0.03 	 0.00481356
0.04 	 -0.00502203
0.05 	 -0.019162
0.06 	 -0.0186938
0.07 	 -0.00594938
0.08 	 0.000699933
0.09 	 -0.00109768
0.1 	 -0.00558227
0.11 	 -0.0122268
0.12 	 -0.0151836
0.13 	 -0.00660876
0.14 	 0.0142655
0.15 	 0.0460954
0.16 	 0.0829482
0.17 	 0.110312
0.18 	 0.118934
0.19 	 0.114283
0.2 	 0.107527
0.21 	 0.105449
0.22 	 0.106813
0.23 	 0.104782
0.24 	 0.0940525
0.25 	 0.0746859
0.26 	 0.0508601
0.27 	 0.0281005
0.28 	 0.0101566
0.29 	 -0.00276476
0.3 	 -0.0129153
0.31 	 -0.022971
0.32 	 -0.0362768
0.33 	 -0.0574691
0.34 	 -0.0898278
0.35 	 -0.131785
0.36 	 -0.176355
0.37 	 -0.214235
0.38 	 -0.239024
0.39 	 -0.249404
0.4 	 -0.245789
0.41 	 -0.227066
0.42 	 -0.191464
0.43 	 -0.138963
0.44 	 -0.0726402
0.45 	 0.00126049
0.46 	 0.0746181
0.47 	 0.139172
0.48 	 0.187704
0.49 	 0.215936
0.5 	 0.22529
0.51 	 0.222355
0.52 	 0.213473
0.53 	 0.199968
0.54 	 0.180029
0.55 	 0.155576
0.56 	 0.13539
0.57 	 0.129266
0.58 	 0.138288
0.59 	 0.150948
0.6 	 0.150327
0.61 	 0.127387
0.62 	 0.087867
0.63 	 0.0464302
0.64 	 0.0152283
0.65 	 -0.00324406
0.66 	 -0.0169916
0.67 	 -0.0406374
0.68 	 -0.0876636
0.69 	 -0.162331
0.7 	 -0.256757
0.71 	 -0.354947
0.72 	 -0.440531
0.73 	 -0.502741
0.74 	 -0.537142
0.75 	 -0.542107
0.76 	 -0.516119
0.77 	 -0.459797
0.78 	 -0.378641
0.79 	 -0.28029
0.8 	 -0.169051
0.81 	 -0.0447269
0.82 	 0.092786
0.83 	 0.23761
0.84 	 0.376836
0.85 	 0.495962
0.86 	 0.584997
0.87 	 0.639438
0.88 	 0.657726
0.89 	 0.639951
0.9 	 0.588398
0.91 	 0.506718
0.92 	 0.396866
0.93 	 0.257856
0.94 	 0.0901914
0.95 	 -0.0960107
0.96 	 -0.276712
0.97 	 -0.41922
0.98 	 -0.495177
0.99 	 -0.494004
1.0 	 -0.429794
1.01 	 -0.336807
1.02 	 -0.252165
1.03 	 -0.194045
1.04 	 -0.152998
1.05 	 -0.105035
1.06 	 -0.0338582
1.07 	 0.0566806
1.08 	 0.146418
1.09 	 0.211962
1.1 	 0.237581
1.11 	 0.218549
1.12 	 0.160289
1.13 	 0.0758734
1.14 	 -0.02035
1.15 	 -0.120581
1.16 	 -0.224608
1.17 	 -0.332662
1.18 	 -0.43857
1.19 	 -0.530108
1.2 	 -0.592892
1.21 	 -0.610859
1.22 	 -0.56572
1.23 	 -0.44292
1.24 	 -0.244126
1.25 	 0.004082
1.26 	 0.25636
1.27 	 0.467651
1.28 	 0.610031
1.29 	 0.676518
1.3 	 0.677047
1.31 	 0.635424
1.32 	 0.584071
1.33 	 0.550926
1.34 	 0.545347
1.35 	 0.554695
1.36 	 0.554643
1.37 	 0.525449
1.38 	 0.461921
1.39 	 0.371414
1.4 	 0.265162
1.41 	 0.150354
1.42 	 0.0260341
1.43 	 -0.115119
1.44 	 -0.277254
1.45 	 -0.448204
1.46 	 -0.594306
1.47 	 -0.672449
1.48 	 -0.654525
1.49 	 -0.547076
1.5 	 -0.390094
1.51 	 -0.23488
1.52 	 -0.118738
1.53 	 -0.0548674
1.54 	 -0.0408331
1.55 	 -0.0735207
1.56 	 -0.152345
1.57 	 -0.268199
1.58 	 -0.398133
1.59 	 -0.515905
1.6 	 -0.602012
1.61 	 -0.641795
1.62 	 -0.622867
1.63 	 -0.54084
1.64 	 -0.403309
1.65 	 -0.221539
1.66 	 0.00151788
1.67 	 0.270721
1.68 	 0.585116
1.69 	 0.924423
1.7 	 1.24608
1.71 	 1.49431
1.72 	 1.61624
1.73 	 1.57928
1.74 	 1.38721
1.75 	 1.08626
1.76 	 0.746013
1.77 	 0.420996
1.78 	 0.126501
1.79 	 -0.152236
1.8 	 -0.437344
1.81 	 -0.744624
1.82 	 -1.0731
1.83 	 -1.38918
1.84 	 -1.62115
1.85 	 -1.68409
1.86 	 -1.52868
1.87 	 -1.18076
1.88 	 -0.73664
1.89 	 -0.313339
1.9 	 0.00395333
1.91 	 0.180803
1.92 	 0.227409
1.93 	 0.189435
1.94 	 0.13465
1.95 	 0.126197
1.96 	 0.18989
1.97 	 0.297787
1.98 	 0.386458
1.99 	 0.402051
2.0 	 0.338046
2.01 	 0.239564
2.02 	 0.178567
2.03 	 0.218332
2.04 	 0.381969
2.05 	 0.63704
2.06 	 0.904239
2.07 	 1.0888
2.08 	 1.12283
2.09 	 0.996201
2.1 	 0.754462
2.11 	 0.464419
2.12 	 0.172763
2.13 	 -0.11363
2.14 	 -0.414053
2.15 	 -0.740614
2.16 	 -1.0751
2.17 	 -1.37297
2.18 	 -1.58388
2.19 	 -1.66998
2.2 	 -1.61357
2.21 	 -1.41605
2.22 	 -1.0935
2.23 	 -0.673862
2.24 	 -0.197287
2.25 	 0.282296
2.26 	 0.700359
2.27 	 0.996754
2.28 	 1.14166
2.29 	 1.15659
2.3 	 1.10695
2.31 	 1.06343
2.32 	 1.06171
2.33 	 1.08902
2.34 	 1.09591
2.35 	 1.01977
2.36 	 0.813205
2.37 	 0.469546
2.38 	 0.031762
2.39 	 -0.421554
2.4 	 -0.804876
2.41 	 -1.05525
2.42 	 -1.15344
2.43 	 -1.13274
2.44 	 -1.07186
2.45 	 -1.06515
2.46 	 -1.16795
2.47 	 -1.34406
2.48 	 -1.46831
2.49 	 -1.40211
2.5 	 -1.08778
2.51 	 -0.591372
2.52 	 -0.0701523
2.53 	 0.310881
2.54 	 0.464361
2.55 	 0.418871
2.56 	 0.291816
2.57 	 0.219655
2.58 	 0.293252
2.59 	 0.534113
2.6 	 0.906233
2.61 	 1.33757
2.62 	 1.73993
2.63 	 2.02793
2.64 	 2.13595
2.65 	 2.03422
2.66 	 1.74407
2.67 	 1.34198
2.68 	 0.934468
2.69 	 0.604316
2.7 	 0.360698
2.71 	 0.133274
2.72 	 -0.178091
2.73 	 -0.629633
2.74 	 -1.19288
2.75 	 -1.77633
2.76 	 -2.27935
2.77 	 -2.6306
2.78 	 -2.79787
2.79 	 -2.77934
2.8 	 -2.58375
2.81 	 -2.21247
2.82 	 -1.65966
2.83 	 -0.933859
2.84 	 -0.0846241
2.85 	 0.790471
2.86 	 1.57034
2.87 	 2.1518
2.88 	 2.48123
2.89 	 2.56074
2.9 	 2.43265
2.91 	 2.15355
2.92 	 1.76831
2.93 	 1.29534
2.94 	 0.735651
2.95 	 0.101503
2.96 	 -0.562815
2.97 	 -1.19013
2.98 	 -1.7175
2.99 	 -2.1046
3.0 	 -2.3337
3.01 	 -2.39924
3.02 	 -2.30006
3.03 	 -2.04072
3.04 	 -1.63401
3.05 	 -1.10031
3.06 	 -0.473336
3.07 	 0.18995
3.08 	 0.814044
3.09 	 1.32842
3.1 	 1.69113
3.11 	 1.89632
3.12 	 1.96729
3.13 	 1.94643
3.14 	 1.88699
3.15 	 1.83914
3.16 	 1.82577
3.17 	 1.82329
3.18 	 1.77036
3.19 	 1.60459
3.2 	 1.30023
3.21 	 0.881337
3.22 	 0.408235
3.23 	 -0.0491275
3.24 	 -0.438493
3.25 	 -0.746
3.26 	 -1.00362
3.27 	 -1.27569
3.28 	 -1.6242
3.29 	 -2.06771
3.3 	 -2.55661
3.31 	 -2.98111
3.32 	 -3.21132
3.33 	 -3.15165
3.34 	 -2.78281
3.35 	 -2.16793
3.36 	 -1.4143
3.37 	 -0.614094
3.38 	 0.189191
3.39 	 0.984483
3.4 	 1.75379
3.41 	 2.45249
3.42 	 3.02436
3.43 	 3.43381
3.44 	 3.68266
3.45 	 3.7944
3.46 	 3.78477
3.47 	 3.64712
3.48 	 3.36124
3.49 	 2.914
3.5 	 2.31476
3.51 	 1.59616
3.52 	 0.803705
3.53 	 -0.0171482
3.54 	 -0.83075
3.55 	 -1.61376
3.56 	 -2.34903
3.57 	 -3.01718
3.58 	 -3.5961
3.59 	 -4.06744
3.6 	 -4.41684
3.61 	 -4.6236
3.62 	 -4.65466
3.63 	 -4.47656
3.64 	 -4.07809
3.65 	 -3.48378
3.66 	 -2.74547
3.67 	 -1.91814
3.68 	 -1.04068
3.69 	 -0.135772
3.7 	 0.77709
3.71 	 1.66907
3.72 	 2.49606
3.73 	 3.19999
3.74 	 3.71832
3.75 	 4.00323
3.76 	 4.04711
3.77 	 3.89879
3.78 	 3.64789
3.79 	 3.3759
3.8 	 3.10668
3.81 	 2.79356
3.82 	 2.35086
3.83 	 1.70585
3.84 	 0.838817
3.85 	 -0.205047
3.86 	 -1.32399
3.87 	 -2.37901
3.88 	 -3.22824
3.89 	 -3.77302
3.9 	 -3.99126
3.91 	 -3.9366
3.92 	 -3.70566
3.93 	 -3.3933
3.94 	 -3.05691
3.95 	 -2.70118
3.96 	 -2.2833
3.97 	 -1.73474
3.98 	 -0.994916
3.99 	 -0.0496342
4.0 	 1.04073
4.01 	 2.14463
4.02 	 3.10753
4.03 	 3.8249
4.04 	 4.28499
4.05 	 4.54291
4.06 	 4.64944
4.07 	 4.59688
4.08 	 4.32618
4.09 	 3.78572
4.1 	 2.98386
4.11 	 1.99071
4.12 	 0.902854
4.13 	 -0.188727
4.14 	 -1.21006
4.15 	 -2.10168
4.16 	 -2.81788
4.17 	 -3.33557
4.18 	 -3.66382
4.19 	 -3.8411
4.2 	 -3.91879
4.21 	 -3.93751
4.22 	 -3.90651
4.23 	 -3.79843
4.24 	 -3.56461
4.25 	 -3.16451
4.26 	 -2.59131
4.27 	 -1.87757
4.28 	 -1.08129
4.29 	 -0.264652
4.3 	 0.525296
4.31 	 1.26733
4.32 	 1.96079
4.33 	 2.6056
4.34 	 3.17992
4.35 	 3.63231
4.36 	 3.89927
4.37 	 3.94008
4.38 	 3.76023
4.39 	 3.40308
4.4 	 2.91941
4.41 	 2.3415
4.42 	 1.68008
4.43 	 0.942062
4.44 	 0.149672
4.45 	 -0.655522
4.46 	 -1.42278
4.47 	 -2.10603
4.48 	 -2.67352
4.49 	 -3.1098
4.5 	 -3.41091
4.51 	 -3.57736
4.52 	 -3.60852
4.53 	 -3.50021
4.54 	 -3.24763
4.55 	 -2.85365
4.56 	 -2.33778
4.57 	 -1.73744
4.58 	 -1.0943
4.59 	 -0.430589
4.6 	 0.265415
4.61 	 1.0283
4.62 	 1.88236
4.63 	 2.8071
4.64 	 3.72352
4.65 	 4.51275
4.66 	 5.0607
4.67 	 5.30448
4.68 	 5.25346
4.69 	 4.97181
4.7 	 4.53135
4.71 	 3.96335
4.72 	 3.24313
4.73 	 2.31915
4.74 	 1.16369
4.75 	 -0.188273
4.76 	 -1.63231
4.77 	 -3.02287
4.78 	 -4.22121
4.79 	 -5.13482
4.8 	 -5.7268
4.81 	 -5.99779
4.82 	 -5.96423
4.83 	 -5.65154
4.84 	 -5.0955
4.85 	 -4.3372
4.86 	 -3.4136
4.87 	 -2.356
4.88 	 -1.19906
4.89 	 0.0104464
4.9 	 1.21808
4.91 	 2.37673
4.92 	 3.45158
4.93 	 4.40493
4.94 	 5.17924
4.95 	 5.70202
4.96 	 5.91185
4.97 	 5.78429
4.98 	 5.33837
4.99 	 4.62325
5.0 	 3.69952
