0.0     -0.0
0.0419384905125     -0.0
0.0838769810251     -5.43706432224e-27
0.125815471538     1.14664365697e-22
0.16775396205     2.4975612242e-19
0.209692452563     -9.66844268718e-19
0.251630943075     -9.3057343515e-15
0.293569433588     1.20254630906e-12
0.3355079241     -4.48544630258e-13
0.377446414613     -1.74704739564e-09
0.419384905125     -6.82642777861e-08
0.461323395638     -1.38341670208e-06
0.503261886151     -1.36985263453e-05
0.545200376663     -4.21723270847e-05
0.587138867176     0.000383736856747
0.629077357688     0.00444009061903
0.671015848201     0.0201169252396
0.712954338713     0.0512580089271
0.754892829226     0.0806146562099
0.796831319738     0.0795438364148
0.838769810251     0.0385157130659
0.880708300764     -0.0278623141348
0.922646791276     -0.0925146564841
0.964585281789     -0.132642716169
1.0065237723     -0.143782645464
1.04846226281     -0.118067368865
1.09040075333     -0.0426556989551
1.13233924384     0.0477645732462
1.17427773435     0.0845522582531
1.21621622486     0.051066249609
1.25815471538     -0.00386930140667
1.30009320589     -0.0284945815802
1.3420316964     -0.00799708906561
1.38397018691     0.0365735776722
1.42590867743     0.0713452398777
1.46784716794     0.0804529264569
1.50978565845     0.068192884326
1.55172414896     0.0371637567878
1.59366263948     -0.00937177613378
1.63560112999     -0.0528157129884
1.6775396205     -0.0684736147523
1.71947811101     -0.0450631976128
1.76141660153     0.00301719899289
1.80335509204     0.0419966951013
1.84529358255     0.0486015081406
1.88723207306     0.027266535908
1.92917056358     -0.00325605971739
1.97110905409     -0.0264557693154
2.0130475446     -0.0356227532029
2.05498603511     -0.0326432399452
2.09692452563     -0.0228596664965
2.13886301614     -0.0135903982446
2.18080150665     -0.00714574242011
2.22273999717     0.00107715209015
2.26467848768     0.00962031167001
2.30661697819     0.0128854159266
2.3485554687     0.0103241894394
2.39049395922     0.0032907363493
2.43243244973     -0.00217247707769
2.47437094024     0.000893949298188
2.51630943075     0.00726186716929
2.55824792127     0.00775969773531
2.60018641178     0.00327239721082
2.64212490229     -0.00013822830806
2.6840633928     3.47522545781e-05
2.72600188332     0.00188226683531
2.76794037383     0.00240902183577
2.80987886434     0.00087856024038
2.85181735485     -0.0010924229864
2.89375584537     -0.00181615049951
2.93569433588     -0.00108214805368
2.97763282639     1.45445301314e-05
3.0195713169     0.000212094659219
3.06150980742     -0.000486044824356
3.10344829793     -0.0012644524686
3.14538678844     -0.00172503094655
3.18732527895     -0.00174212339334
3.22926376947     -0.00147303205449
3.27120225998     -0.0013182713883
3.31314075049     -0.00141551496927
3.355079241     -0.00136997934896
3.39701773152     -0.000831644807477
3.43895622203     -0.000282936962321
3.48089471254     -0.000155243687914
3.52283320305     0.00016345694894
3.56477169357     0.0010075008031
3.60671018408     0.00152182811871
3.64864867459     0.00119841564447
3.6905871651     0.000703062221874
3.73252565562     0.000564430374652
3.77446414613     0.000439737195848
3.81640263664     3.88428907172e-06
3.85834112715     -0.000370114459656
3.90027961767     -0.000310281844577
3.94221810818     -5.1429917221e-05
3.98415659869     0.000160610026796
4.0260950892     0.000375404953957
4.06803357972     0.000523158872966
4.10997207023     0.000432657398051
4.15191056074     0.000213543127757
4.19384905125     7.1464193752e-05
4.23578754177     -4.54654473288e-05
4.27772603228     -0.000224715127843
4.31966452279     -0.000420976168243
4.36160301331     -0.000593566859607
4.40354150382     -0.000609277747571
4.44547999433     -0.00035871900036
4.48741848484     -6.70238878229e-05
4.52935697536     1.24085145217e-05
4.57129546587     -3.26522967953e-05
4.61323395638     -1.02990561572e-05
4.65517244689     8.98574871826e-05
4.69711093741     0.000158997208928
4.73904942792     0.00015104067279
4.78098791843     0.00010401468171
4.82292640894     5.31406039954e-05
4.86486489946     4.08142841479e-05
4.90680338997     9.72450507106e-05
4.94874188048     0.000163988850545
4.99068037099     0.000179831433343
5.03261886151     0.000164097640663
5.07455735202     0.000145236743265
5.11649584253     0.000106159641291
5.15843433304     6.07256188232e-05
5.20037282356     5.07060722157e-05
5.24231131407     5.11200851179e-05
5.28424980458     3.16064397339e-05
5.32618829509     -3.96397535951e-06
5.36812678561     -5.82695793128e-05
5.41006527612     -0.00011064181308
5.45200376663     -0.000134644578793
5.49394225714     -0.000136267524795
5.53588074766     -0.000122228244436
5.57781923817     -9.60399556789e-05
5.61975772868     -7.43337513995e-05
5.66169621919     -6.93973343004e-05
5.70363470971     -7.58600290283e-05
5.74557320022     -8.03927105153e-05
5.78751169073     -7.99159970484e-05
5.82945018124     -7.53817075747e-05
5.87138867176     -5.81489803153e-05
5.91332716227     -3.38723621098e-05
5.95526565278     -1.82527874131e-05
5.99720414329     -8.25193910714e-06
6.03914263381     1.09122129288e-06
6.08108112432     6.46201397103e-06
6.12301961483     1.02194608189e-05
6.16495810534     2.38878001255e-05
6.20689659586     4.46044759883e-05
6.24883508637     5.93602890149e-05
6.29077357688     6.48152345093e-05
6.33271206739     6.11868163105e-05
6.37465055791     5.36746047146e-05
6.41658904842     5.00952955917e-05
6.45852753893     5.10822064825e-05
6.50046602945     5.16068612342e-05
6.54240451996     4.69070619147e-05
6.58434301047     3.72747672372e-05
6.62628150098     2.73601581284e-05
6.6682199915     2.03926047107e-05
6.71015848201     1.56355454237e-05
6.75209697252     1.03307493191e-05
6.79403546303     3.44073350789e-06
6.83597395355     -3.86378133044e-06
6.87791244406     -1.00731385828e-05
6.91985093457     -1.50089590534e-05
6.96178942508     -1.8338982045e-05
7.0037279156     -2.03023337235e-05
7.04566640611     -2.17771321331e-05
7.08760489662     -2.33745540754e-05
7.12954338713     -2.53071102634e-05
7.17148187765     -2.5908157113e-05
7.21342036816     -2.46235849772e-05
7.25535885867     -2.11422138818e-05
7.29729734918     -1.62304550031e-05
7.3392358397     -1.24526886793e-05
7.38117433021     -1.03447400761e-05
7.42311282072     -8.53744586493e-06
7.46505131123     -6.66787218506e-06
7.50698980175     -4.22212451667e-06
7.54892829226     -6.9181157869e-07
7.59086678277     2.90761795441e-06
7.63280527328     5.74435398448e-06
7.6747437638     7.71004033595e-06
7.71668225431     8.54206791701e-06
7.75862074482     8.35332230054e-06
7.80055923533     7.98257042334e-06
7.84249772585     7.6997503129e-06
7.88443621636     7.68917016103e-06
7.92637470687     7.99831468612e-06
7.96831319738     8.09442462923e-06
8.0102516879     7.53050289859e-06
8.05219017841     6.30296972304e-06
8.09412866892     4.87991110276e-06
8.13606715943     3.26835106534e-06
8.17800564995     1.97285044123e-06
8.21994414046     1.04676325918e-06
8.26188263097     2.50795039847e-07
8.30382112148     -4.52464746559e-07
8.345759612     -1.3579666529e-06
8.38769810251     -2.23318625103e-06
8.42963659302     -2.85653004539e-06
8.47157508353     -3.33831394528e-06
8.51351357405     -3.34598166774e-06
8.55545206456     -2.96244229503e-06
8.59739055507     -2.64601817435e-06
8.63932904559     -2.39395853896e-06
8.6812675361     -2.2134674964e-06
8.72320602661     -2.07847347156e-06
8.76514451712     -1.82372446034e-06
8.80708300764     -1.49567370045e-06
8.84902149815     -1.2390574966e-06
8.89095998866     -9.50172477587e-07
8.93289847917     -6.01401097811e-07
8.97483696969     -2.51741681723e-07
