0.0     -0.0
0.0419384905125     -0.0
0.0838769810251     -4.46540046374e-26
0.125815471538     2.30857985589e-22
0.16775396205     7.28273269617e-20
0.209692452563     -1.18711535209e-17
0.251630943075     8.7764683555e-15
0.293569433588     -1.3253638638e-12
0.3355079241     3.00183922858e-12
0.377446414613     2.25588658864e-09
0.419384905125     8.52833537124e-08
0.461323395638     1.71469594079e-06
0.503261886151     1.70121675183e-05
0.545200376663     4.80688795506e-05
0.587138867176     -0.000616637931671
0.629077357688     -0.00724775996059
0.671015848201     -0.0362628959119
0.712954338713     -0.107447780669
0.754892829226     -0.209864988923
0.796831319738     -0.289396136999
0.838769810251     -0.294638752937
0.880708300764     -0.217610314488
0.922646791276     -0.0984911397099
0.964585281789     -0.0207603033632
1.0065237723     -0.032913826406
1.04846226281     -0.042053218931
1.09040075333     0.072103895247
1.13233924384     0.245418787003
1.17427773435     0.307084292173
1.21621622486     0.2125287503
1.25815471538     0.0684678182006
1.30009320589     -0.0166579149663
1.3420316964     -0.0293766502291
1.38397018691     -0.016584340483
1.42590867743     -0.00446178903803
1.46784716794     0.0169674009085
1.50978565845     0.0444046072662
1.55172414896     0.0470101907849
1.59366263948     0.0118570569903
1.63560112999     -0.0305097941309
1.6775396205     -0.0387923233211
1.71947811101     -0.00771029712632
1.76141660153     0.0309720486403
1.80335509204     0.0452350415289
1.84529358255     0.02816571109
1.88723207306     -0.00256728311069
1.92917056358     -0.0235042273998
1.97110905409     -0.0282553751022
2.0130475446     -0.0230970978737
2.05498603511     -0.0144184241071
2.09692452563     -0.0117278033867
2.13886301614     -0.0168659649789
2.18080150665     -0.0170843303204
2.22273999717     -0.00643498031422
2.26467848768     0.00463334005326
2.30661697819     0.00604918366298
2.3485554687     0.00157892447896
2.39049395922     0.000272154953564
2.43243244973     0.00235543842427
2.47437094024     0.00269574159756
2.51630943075     0.000190933322301
2.55824792127     -0.00304080825299
2.60018641178     -0.00628089066595
2.64212490229     -0.00921313371509
2.6840633928     -0.00995404366404
2.72600188332     -0.00800940394402
2.76794037383     -0.00444932747632
2.80987886434     0.000131983702886
2.85181735485     0.00478200893849
2.89375584537     0.00813492108136
2.93569433588     0.00896099768579
2.97763282639     0.00723086344078
3.0195713169     0.00406820653006
3.06150980742     0.000198317939066
3.10344829793     -0.00324209965765
3.14538678844     -0.00449873739854
3.18732527895     -0.0036722922232
3.22926376947     -0.00210070377216
3.27120225998     -0.000166501878994
3.31314075049     0.00152717309538
3.355079241     0.00185468036216
3.39701773152     0.00125531386584
3.43895622203     0.000859584019054
3.48089471254     0.000644348794594
3.52283320305     0.000412925204728
3.56477169357     0.000251956371358
3.60671018408     -4.01583783969e-05
3.64864867459     -0.000385179591831
3.6905871651     -0.000214839310502
3.73252565562     0.000556346960366
3.77446414613     0.00125709548593
3.81640263664     0.0013954754686
3.85834112715     0.00107461679727
3.90027961767     0.000624904350843
3.94221810818     0.000238965309109
3.98415659869     -4.02826008212e-05
4.0260950892     -9.4418603112e-05
4.06803357972     -0.000131511260406
4.10997207023     -0.000481307506561
4.15191056074     -0.00111727311742
4.19384905125     -0.00153378921095
4.23578754177     -0.00118689390365
4.27772603228     -0.0004525691038
4.31966452279     0.000110448832856
4.36160301331     0.000541392306332
4.40354150382     0.000802614842542
4.44547999433     0.000670207373332
4.48741848484     0.000360554869985
4.52935697536     0.000220366506255
4.57129546587     0.00016586665879
4.61323395638     -3.26324807247e-05
4.65517244689     -0.000302642118186
4.69711093741     -0.00041653108201
4.73904942792     -0.000364533654647
4.78098791843     -0.000276595295873
4.82292640894     -0.000188201534911
4.86486489946     -0.00014229764929
4.90680338997     -0.000186531746294
4.94874188048     -0.000234833030845
4.99068037099     -0.000167243299074
5.03261886151     -1.76879002538e-05
5.07455735202     9.59987446549e-05
5.11649584253     0.000125709571876
5.15843433304     0.000134063258884
5.20037282356     0.000169495557202
5.24231131407     0.000184632692253
5.28424980458     0.000181298906682
5.32618829509     0.000158875496709
5.36812678561     0.000103183956526
5.41006527612     4.31218613812e-05
5.45200376663     1.54064073286e-05
5.49394225714     1.39638450491e-05
5.53588074766     1.3262633729e-05
5.57781923817     3.09982751787e-05
5.61975772868     5.11159996677e-05
5.66169621919     2.65699582087e-05
5.70363470971     -1.26456616272e-05
5.74557320022     -2.59746161646e-06
5.78751169073     4.65103184979e-05
5.82945018124     7.57842135499e-05
5.87138867176     6.73232061672e-05
5.91332716227     5.27532793058e-05
5.95526565278     3.41568375006e-05
5.99720414329     -9.4188571893e-06
6.03914263381     -5.38259700988e-05
6.08108112432     -5.86189162277e-05
6.12301961483     -5.12062542839e-05
6.16495810534     -7.17908042134e-05
6.20689659586     -9.56855801633e-05
6.24883508637     -9.22232793528e-05
6.29077357688     -7.52177729737e-05
6.33271206739     -5.47334202565e-05
6.37465055791     -2.91103315249e-05
6.41658904842     -8.43752150104e-06
6.45852753893     -7.06871060174e-06
6.50046602945     -2.69380961981e-05
6.54240451996     -3.70408597519e-05
6.58434301047     -2.39165656239e-05
6.62628150098     -9.75656894298e-06
6.6682199915     -9.59745011642e-06
6.71015848201     -1.4246158571e-05
6.75209697252     -1.33703224492e-05
6.79403546303     -7.52340747567e-06
6.83597395355     5.58148144592e-07
6.87791244406     5.48846583115e-06
6.91985093457     1.38231371238e-06
6.96178942508     -6.08734353591e-06
7.0037279156     -9.18232399272e-06
7.04566640611     -8.1327279986e-06
7.08760489662     -4.79815389554e-06
7.12954338713     -2.32253071886e-07
7.17148187765     4.77249523101e-06
7.21342036816     1.04186565295e-05
7.25535885867     1.52483635247e-05
7.29729734918     1.80169863597e-05
7.3392358397     1.9501621864e-05
7.38117433021     1.9217693989e-05
7.42311282072     2.07646953641e-05
7.46505131123     2.2900494514e-05
7.50698980175     2.06823660847e-05
7.54892829226     1.41404425449e-05
7.59086678277     7.70965198171e-06
7.63280527328     4.56689258499e-06
7.6747437638     3.74291857952e-06
7.71668225431     4.33048990089e-06
7.75862074482     4.17878072767e-06
7.80055923533     4.85446253151e-06
7.84249772585     6.27181589152e-06
7.88443621636     7.66626544646e-06
7.92637470687     9.92434979707e-06
7.96831319738     1.17795398182e-05
8.0102516879     1.07222722363e-05
8.05219017841     6.56780457575e-06
8.09412866892     3.31499700224e-06
8.13606715943     2.55325835496e-06
8.17800564995     2.08171582017e-06
8.21994414046     9.19826334211e-07
8.26188263097     -6.43157591185e-07
8.30382112148     -2.16252942664e-06
8.345759612     -3.65969026461e-06
8.38769810251     -4.2284718802e-06
8.42963659302     -3.64579500456e-06
8.47157508353     -2.74751960205e-06
8.51351357405     -3.24298207488e-06
8.55545206456     -4.61466606794e-06
8.59739055507     -5.24145207237e-06
8.63932904559     -4.86551653012e-06
8.6812675361     -3.63157437278e-06
8.72320602661     -2.93521247841e-06
8.76514451712     -2.8749309422e-06
8.80708300764     -2.98428381029e-06
8.84902149815     -2.78066158899e-06
8.89095998866     -2.67877703664e-06
8.93289847917     -3.09502502205e-06
8.97483696969     -3.10198697662e-06
