0.00000    	0.00000   
0.01000    	-0.00304  
0.02000    	-0.00993  
0.03000    	-0.01783  
0.04000    	-0.02260  
0.05000    	-0.02473  
0.06000    	-0.02656  
0.07000    	-0.02526  
0.08000    	-0.01233  
0.09000    	0.02036   
0.10000    	0.07233   
0.11000    	0.13238   
0.12000    	0.18816   
0.13000    	0.23567   
0.14000    	0.27871   
0.15000    	0.32349   
0.16000    	0.37253   
0.17000    	0.42149   
0.18000    	0.46247   
0.19000    	0.48997   
0.20000    	0.50582   
0.21000    	0.51954   
0.22000    	0.54036   
0.23000    	0.56967   
0.24000    	0.60287   
0.25000    	0.63421   
0.26000    	0.65857   
0.27000    	0.67109   
0.28000    	0.66656   
0.29000    	0.64002   
0.30000    	0.58999   
0.31000    	0.52022   
0.32000    	0.43718   
0.33000    	0.34699   
0.34000    	0.25534   
0.35000    	0.16853   
0.36000    	0.09456   
0.37000    	0.04271   
0.38000    	0.01945   
0.39000    	0.02452   
0.40000    	0.05158   
0.41000    	0.09115   
0.42000    	0.13231   
0.43000    	0.16423   
0.44000    	0.17965   
0.45000    	0.17798   
0.46000    	0.16490   
0.47000    	0.14858   
0.48000    	0.13406   
0.49000    	0.12198   
0.50000    	0.11749   
0.51000    	0.13598   
0.52000    	0.19292   
0.53000    	0.29089   
0.54000    	0.41662   
0.55000    	0.54706   
0.56000    	0.66412   
0.57000    	0.76515   
0.58000    	0.85629   
0.59000    	0.94080   
0.60000    	1.01464   
0.61000    	1.06698   
0.62000    	1.08307   
0.63000    	1.04934   
0.64000    	0.96109   
0.65000    	0.82644   
0.66000    	0.65972   
0.67000    	0.47274   
0.68000    	0.27289   
0.69000    	0.06595   
0.70000    	-0.13771  
0.71000    	-0.32048  
0.72000    	-0.46604  
0.73000    	-0.56829  
0.74000    	-0.62956  
0.75000    	-0.65449  
0.76000    	-0.64640  
0.77000    	-0.60705  
0.78000    	-0.54191  
0.79000    	-0.46339  
0.80000    	-0.38409  
0.81000    	-0.30983  
0.82000    	-0.24279  
0.83000    	-0.18680  
0.84000    	-0.14595  
0.85000    	-0.12188  
0.86000    	-0.11537  
0.87000    	-0.12883  
0.88000    	-0.16630  
0.89000    	-0.22989  
0.90000    	-0.31156  
0.91000    	-0.38830  
0.92000    	-0.42928  
0.93000    	-0.40810  
0.94000    	-0.31229  
0.95000    	-0.14910  
0.96000    	0.05340   
0.97000    	0.25529   
0.98000    	0.42914   
0.99000    	0.57505   
1.00000    	0.70327   
1.01000    	0.81185   
1.02000    	0.88565   
1.03000    	0.90612   
1.04000    	0.86199   
1.05000    	0.75590   
1.06000    	0.60058   
1.07000    	0.41101   
1.08000    	0.19932   
1.09000    	-0.02843  
1.10000    	-0.27430  
1.11000    	-0.54475  
1.12000    	-0.83711  
1.13000    	-1.13124  
1.14000    	-1.40021  
1.15000    	-1.62263  
1.16000    	-1.78000  
1.17000    	-1.85172  
1.18000    	-1.82002  
1.19000    	-1.68021  
1.20000    	-1.45123  
1.21000    	-1.17604  
1.22000    	-0.90239  
1.23000    	-0.66448  
1.24000    	-0.48419  
1.25000    	-0.37482  
1.26000    	-0.33165  
1.27000    	-0.32660  
1.28000    	-0.32235  
1.29000    	-0.28944  
1.30000    	-0.21123  
1.31000    	-0.08223  
1.32000    	0.09592   
1.33000    	0.31748   
1.34000    	0.57035   
1.35000    	0.83320   
1.36000    	1.07754   
1.37000    	1.27317   
1.38000    	1.39478   
1.39000    	1.43071   
1.40000    	1.39546   
1.41000    	1.33331   
1.42000    	1.29964   
1.43000    	1.33446   
1.44000    	1.44292   
1.45000    	1.59251   
1.46000    	1.73561   
1.47000    	1.83455   
1.48000    	1.86731   
1.49000    	1.82021   
1.50000    	1.67368   
1.51000    	1.39931   
1.52000    	0.98743   
1.53000    	0.46976   
1.54000    	-0.09878  
1.55000    	-0.66553  
1.56000    	-1.17810  
1.57000    	-1.58099  
1.58000    	-1.83732  
1.59000    	-1.94461  
1.60000    	-1.91334  
1.61000    	-1.74297  
1.62000    	-1.43012  
1.63000    	-0.98723  
1.64000    	-0.44892  
1.65000    	0.13035   
1.66000    	0.68350   
1.67000    	1.14249   
1.68000    	1.45447   
1.69000    	1.59774   
1.70000    	1.59296   
1.71000    	1.49599   
1.72000    	1.35844   
1.73000    	1.19695   
1.74000    	1.01266   
1.75000    	0.81759   
1.76000    	0.62443   
1.77000    	0.43490   
1.78000    	0.26257   
1.79000    	0.15297   
1.80000    	0.16354   
1.81000    	0.32716   
1.82000    	0.62345   
1.83000    	0.97577   
1.84000    	1.29254   
1.85000    	1.50930   
1.86000    	1.58679   
1.87000    	1.49831   
1.88000    	1.24028   
1.89000    	0.84390   
1.90000    	0.36467   
1.91000    	-0.13809  
1.92000    	-0.62016  
1.93000    	-1.05877  
1.94000    	-1.43448  
1.95000    	-1.71273  
1.96000    	-1.85012  
1.97000    	-1.81107  
1.98000    	-1.57963  
1.99000    	-1.16748  
2.00000    	-0.61929  
2.01000    	-0.00870  
2.02000    	0.58177   
2.03000    	1.08500   
2.04000    	1.46543   
2.05000    	1.71939   
2.06000    	1.85163   
2.07000    	1.85287   
2.08000    	1.70237   
2.09000    	1.38778   
2.10000    	0.93369   
2.11000    	0.41351   
2.12000    	-0.08047  
2.13000    	-0.47542  
2.14000    	-0.73166  
2.15000    	-0.83969  
2.16000    	-0.80770  
2.17000    	-0.64858  
2.18000    	-0.37607  
2.19000    	-0.01110  
2.20000    	0.40269   
2.21000    	0.79215   
2.22000    	1.07274   
2.23000    	1.18064   
2.24000    	1.10904   
2.25000    	0.91964   
2.26000    	0.69960   
2.27000    	0.51139   
2.28000    	0.38224   
2.29000    	0.31171   
2.30000    	0.27567   
2.31000    	0.23565   
2.32000    	0.16293   
2.33000    	0.05625   
2.34000    	-0.06692  
2.35000    	-0.18586  
2.36000    	-0.27934  
2.37000    	-0.32898  
2.38000    	-0.33531  
2.39000    	-0.33078  
2.40000    	-0.37524  
2.41000    	-0.52817  
2.42000    	-0.79131  
2.43000    	-1.08180  
2.44000    	-1.29594  
2.45000    	-1.38955  
2.46000    	-1.40060  
2.47000    	-1.42518  
2.48000    	-1.55907  
2.49000    	-1.84085  
2.50000    	-2.23119  
2.51000    	-2.63141  
2.52000    	-2.94553  
2.53000    	-3.12902  
2.54000    	-3.16637  
2.55000    	-3.03391  
2.56000    	-2.70455  
2.57000    	-2.17172  
2.58000    	-1.46898  
2.59000    	-0.67705  
2.60000    	0.08989   
2.61000    	0.71940   
2.62000    	1.15815   
2.63000    	1.44035   
2.64000    	1.63780   
2.65000    	1.79228   
2.66000    	1.89021   
2.67000    	1.87854   
2.68000    	1.72042   
2.69000    	1.43599   
2.70000    	1.07421   
2.71000    	0.66977   
2.72000    	0.23831   
2.73000    	-0.20827  
2.74000    	-0.64421  
2.75000    	-1.01629  
2.76000    	-1.24185  
2.77000    	-1.22943  
2.78000    	-0.93165  
2.79000    	-0.38830  
2.80000    	0.28158   
2.81000    	0.92015   
2.82000    	1.38586   
2.83000    	1.59527   
2.84000    	1.52507   
2.85000    	1.19427   
2.86000    	0.64589   
2.87000    	-0.06991  
2.88000    	-0.90870  
2.89000    	-1.83110  
2.90000    	-2.77871  
2.91000    	-3.66098  
2.92000    	-4.38760  
2.93000    	-4.90725  
2.94000    	-5.21242  
2.95000    	-5.32344  
2.96000    	-5.26608  
2.97000    	-5.05583  
2.98000    	-4.70133  
2.99000    	-4.21477  
3.00000    	-3.61720  
3.01000    	-2.94420  
3.02000    	-2.25768  
3.03000    	-1.64437  
3.04000    	-1.18141  
3.05000    	-0.90292  
3.06000    	-0.80228  
3.07000    	-0.84662  
3.08000    	-0.97865  
3.09000    	-1.11798  
3.10000    	-1.17592  
3.11000    	-1.08019  
3.12000    	-0.80507  
3.13000    	-0.38299  
3.14000    	0.12446   
3.15000    	0.66221   
3.16000    	1.19125   
3.17000    	1.68540   
3.18000    	2.12798   
3.19000    	2.50550   
3.20000    	2.79571   
3.21000    	2.95966   
3.22000    	2.94685   
3.23000    	2.71163   
3.24000    	2.23845   
3.25000    	1.56113   
3.26000    	0.76188   
3.27000    	-0.04673  
3.28000    	-0.75440  
3.29000    	-1.28427  
3.30000    	-1.60673  
3.31000    	-1.73013  
3.32000    	-1.66282  
3.33000    	-1.39069  
3.34000    	-0.91343  
3.35000    	-0.28531  
3.36000    	0.39379   
3.37000    	1.01865   
3.38000    	1.53151   
3.39000    	1.95124   
3.40000    	2.34273   
3.41000    	2.76570   
3.42000    	3.24334   
3.43000    	3.75669   
3.44000    	4.26920   
3.45000    	4.75411   
3.46000    	5.19886   
3.47000    	5.59679   
3.48000    	5.93559   
3.49000    	6.18957   
3.50000    	6.32339   
3.51000    	6.30374   
3.52000    	6.11445   
3.53000    	5.76117   
3.54000    	5.25269   
3.55000    	4.58746   
3.56000    	3.77386   
3.57000    	2.85109   
3.58000    	1.87692   
3.59000    	0.90338   
3.60000    	-0.03682  
3.61000    	-0.93015  
3.62000    	-1.76617  
3.63000    	-2.52349  
3.64000    	-3.17445  
3.65000    	-3.69769  
3.66000    	-4.08872  
3.67000    	-4.36435  
3.68000    	-4.55658  
3.69000    	-4.70036  
3.70000    	-4.81982  
3.71000    	-4.91304  
3.72000    	-4.93536  
3.73000    	-4.80471  
3.74000    	-4.45297  
3.75000    	-3.87702  
3.76000    	-3.14354  
3.77000    	-2.36316  
3.78000    	-1.64954  
3.79000    	-1.08485  
3.80000    	-0.71405  
3.81000    	-0.54812  
3.82000    	-0.55607  
3.83000    	-0.66614  
3.84000    	-0.79703  
3.85000    	-0.89238  
3.86000    	-0.93109  
3.87000    	-0.92314  
3.88000    	-0.90182  
3.89000    	-0.91090  
3.90000    	-0.98481  
3.91000    	-1.13000  
3.92000    	-1.31623  
3.93000    	-1.48149  
3.94000    	-1.55385  
3.95000    	-1.48076  
3.96000    	-1.25711  
3.97000    	-0.92626  
3.98000    	-0.52855  
3.99000    	-0.05947  
4.00000    	0.49988   
4.01000    	1.13082   
4.02000    	1.75484   
4.03000    	2.25421   
4.04000    	2.54671   
4.05000    	2.64383   
4.06000    	2.62327   
4.07000    	2.57022   
4.08000    	2.54184   
4.09000    	2.55778   
4.10000    	2.61879   
4.11000    	2.72770   
4.12000    	2.88698   
4.13000    	3.08344   
4.14000    	3.27145   
4.15000    	3.37003   
4.16000    	3.28852   
4.17000    	2.96168   
4.18000    	2.37565   
4.19000    	1.57336   
4.20000    	0.62772   
4.21000    	-0.38972  
4.22000    	-1.41771  
4.23000    	-2.40305  
4.24000    	-3.29797  
4.25000    	-4.05860  
4.26000    	-4.64597  
4.27000    	-5.03150  
4.28000    	-5.20962  
4.29000    	-5.20755  
4.30000    	-5.08182  
4.31000    	-4.89993  
4.32000    	-4.70612  
4.33000    	-4.50014  
4.34000    	-4.25805  
4.35000    	-3.96614  
4.36000    	-3.63868  
4.37000    	-3.31568  
4.38000    	-3.03620  
4.39000    	-2.81272  
4.40000    	-2.63285  
4.41000    	-2.47635  
4.42000    	-2.33379  
4.43000    	-2.21692  
4.44000    	-2.15259  
4.45000    	-2.16936  
4.46000    	-2.28442  
4.47000    	-2.49596  
4.48000    	-2.78786  
4.49000    	-3.13965  
4.50000    	-3.53330  
4.51000    	-3.95645  
4.52000    	-4.40293  
4.53000    	-4.86430  
4.54000    	-5.30562  
4.55000    	-5.65034  
4.56000    	-5.79964  
4.57000    	-5.66809  
4.58000    	-5.21785  
4.59000    	-4.47642  
4.60000    	-3.52414  
4.61000    	-2.46216  
4.62000    	-1.37188  
4.63000    	-0.29026  
4.64000    	0.77521   
4.65000    	1.81367   
4.66000    	2.78084   
4.67000    	3.59155   
4.68000    	4.15537   
4.69000    	4.42135   
4.70000    	4.39751   
4.71000    	4.14524   
4.72000    	3.74981   
4.73000    	3.28647   
4.74000    	2.80081   
4.75000    	2.31038   
4.76000    	1.83499   
4.77000    	1.41740   
4.78000    	1.09667   
4.79000    	0.87587   
4.80000    	0.72521   
4.81000    	0.60159   
4.82000    	0.46683   
4.83000    	0.30006   
4.84000    	0.09915   
4.85000    	-0.11994  
4.86000    	-0.31670  
4.87000    	-0.43071  
4.88000    	-0.41629  
4.89000    	-0.27363  
4.90000    	-0.04238  
4.91000    	0.22322   
4.92000    	0.47915   
4.93000    	0.70567   
4.94000    	0.89943   
4.95000    	1.05962   
4.96000    	1.18452   
4.97000    	1.27224   
4.98000    	1.31938   
4.99000    	1.32290   
5.00000    	1.29031   
5.01000    	1.24275   
5.02000    	1.19649   
5.03000    	1.14110   
5.04000    	1.03223   
5.05000    	0.80874   
5.06000    	0.44462   
5.07000    	-0.01639  
5.08000    	-0.49447  
5.09000    	-0.92644  
5.10000    	-1.28702  
5.11000    	-1.58613  
5.12000    	-1.85066  
5.13000    	-2.10335  
5.14000    	-2.35032  
5.15000    	-2.57544  
5.16000    	-2.74013  
5.17000    	-2.79394  
5.18000    	-2.70155  
5.19000    	-2.46257  
5.20000    	-2.10077  
5.21000    	-1.64010  
5.22000    	-1.08547  
5.23000    	-0.41473  
5.24000    	0.41166   
5.25000    	1.42714   
5.26000    	2.62476   
5.27000    	3.93382   
5.28000    	5.22857   
5.29000    	6.36096   
5.30000    	7.20999   
5.31000    	7.71855   
5.32000    	7.88814   
5.33000    	7.75276   
5.34000    	7.35417   
5.35000    	6.72649   
5.36000    	5.89804   
5.37000    	4.90107   
5.38000    	3.77962   
5.39000    	2.58951   
5.40000    	1.38501   
5.41000    	0.20805   
5.42000    	-0.90365  
5.43000    	-1.90936  
5.44000    	-2.77955  
5.45000    	-3.51216  
5.46000    	-4.12968  
5.47000    	-4.66466  
5.48000    	-5.14234  
5.49000    	-5.57277  
5.50000    	-5.96387  
5.51000    	-6.33911  
5.52000    	-6.74330  
5.53000    	-7.23231  
5.54000    	-7.84189  
5.55000    	-8.56293  
5.56000    	-9.34994  
5.57000    	-10.13958 
5.58000    	-10.85617 
5.59000    	-11.41944 
5.60000    	-11.76902 
5.61000    	-11.88106 
5.62000    	-11.75272 
5.63000    	-11.38087 
5.64000    	-10.76034 
5.65000    	-9.89615  
5.66000    	-8.82558  
5.67000    	-7.62764  
5.68000    	-6.39699  
5.69000    	-5.21436  
5.70000    	-4.14504  
5.71000    	-3.23907  
5.72000    	-2.50747  
5.73000    	-1.91050  
5.74000    	-1.39325  
5.75000    	-0.92399  
5.76000    	-0.49169  
5.77000    	-0.09202  
5.78000    	0.26924   
5.79000    	0.57341   
5.80000    	0.80433   
5.81000    	0.96502   
5.82000    	1.07846   
5.83000    	1.17824   
5.84000    	1.29604   
5.85000    	1.45329   
5.86000    	1.66305   
5.87000    	1.93062   
5.88000    	2.24174   
5.89000    	2.55311   
5.90000    	2.79948   
5.91000    	2.90780   
5.92000    	2.80946   
5.93000    	2.45267   
5.94000    	1.81642   
5.95000    	0.91371   
5.96000    	-0.22765  
5.97000    	-1.57985  
5.98000    	-3.09914  
5.99000    	-4.71404  
6.00000    	-6.35183  
6.01000    	-7.96681  
6.02000    	-9.53239  
6.03000    	-11.01976 
6.04000    	-12.38672 
6.05000    	-13.57907 
6.06000    	-14.54567 
6.07000    	-15.24832 
6.08000    	-15.64833 
6.09000    	-15.70100 
6.10000    	-15.38975 
6.11000    	-14.76500 
6.12000    	-13.95276 
6.13000    	-13.12973 
6.14000    	-12.46258 
6.15000    	-12.04724 
6.16000    	-11.88508 
6.17000    	-11.89950 
6.18000    	-11.99612 
6.19000    	-12.11653 
6.20000    	-12.23668 
6.21000    	-12.34448 
6.22000    	-12.43102 
6.23000    	-12.48919 
6.24000    	-12.51360 
6.25000    	-12.50097 
6.26000    	-12.44913 
6.27000    	-12.35772 
6.28000    	-12.23466 
6.29000    	-12.09711 
6.30000    	-11.95508 
6.31000    	-11.79958 
6.32000    	-11.61713 
6.33000    	-11.40675 
6.34000    	-11.17571 
6.35000    	-10.93227 
6.36000    	-10.69326 
6.37000    	-10.49678 
6.38000    	-10.41021 
6.39000    	-10.51394 
6.40000    	-10.84137 
6.41000    	-11.33763 
6.42000    	-11.89947 
6.43000    	-12.42245 
6.44000    	-12.78189 
6.45000    	-12.81598 
6.46000    	-12.37780 
6.47000    	-11.38966 
6.48000    	-9.83414  
6.49000    	-7.72193  
6.50000    	-5.07649  
6.51000    	-1.94028  
6.52000    	1.59381   
6.53000    	5.37547   
6.54000    	9.26308   
6.55000    	13.16915  
6.56000    	16.99225  
6.57000    	20.54824  
6.58000    	23.61296  
6.59000    	26.00485  
6.60000    	27.63528  
6.61000    	28.51845  
6.62000    	28.73379  
6.63000    	28.37529  
6.64000    	27.52097  
6.65000    	26.22589  
6.66000    	24.54188  
6.67000    	22.53036  
6.68000    	20.23553  
6.69000    	17.66755  
6.70000    	14.84437  
6.71000    	11.83416  
6.72000    	8.74093   
6.73000    	5.68496   
6.74000    	2.82911   
6.75000    	0.38149   
6.76000    	-1.49544  
6.77000    	-2.73675  
6.78000    	-3.25661  
6.79000    	-2.84313  
6.80000    	-1.24996  
6.81000    	1.60269   
6.82000    	5.40440   
6.83000    	9.43002   
6.84000    	12.93326  
6.85000    	15.53457  
6.86000    	17.18150  
6.87000    	17.95781  
6.88000    	18.01884  
6.89000    	17.57405  
6.90000    	16.83422  
6.91000    	15.96679  
6.92000    	15.10411  
6.93000    	14.36917  
6.94000    	13.88262  
6.95000    	13.74859  
6.96000    	14.01744  
6.97000    	14.65763  
6.98000    	15.56852  
6.99000    	16.62042  
7.00000    	17.70797  
7.01000    	18.77523  
7.02000    	19.77283  
7.03000    	20.61212  
7.04000    	21.18149  
7.05000    	21.38680  
7.06000    	21.17803  
7.07000    	20.56629  
7.08000    	19.63668  
7.09000    	18.53805  
7.10000    	17.43135  
7.11000    	16.43475  
7.12000    	15.60363  
7.13000    	14.94250  
7.14000    	14.44588  
7.15000    	14.13402  
7.16000    	14.04938  
7.17000    	14.22240  
7.18000    	14.61473  
7.19000    	15.08874  
7.20000    	15.45172  
7.21000    	15.53114  
7.22000    	15.23751  
7.23000    	14.57952  
7.24000    	13.59784  
7.25000    	12.31301  
7.26000    	10.78175  
7.27000    	9.15079   
7.28000    	7.59704   
7.29000    	6.25158   
7.30000    	5.20634   
7.31000    	4.55739   
7.32000    	4.43745   
7.33000    	5.01047   
7.34000    	6.40285   
7.35000    	8.63410   
7.36000    	11.60828  
7.37000    	15.14497  
7.38000    	19.02912  
7.39000    	23.03367  
7.40000    	26.86957  
7.41000    	30.18769  
7.42000    	32.75707  
7.43000    	34.60965  
7.44000    	35.94210  
7.45000    	36.94021  
7.46000    	37.69204  
7.47000    	38.18483  
7.48000    	38.37820  
7.49000    	38.27285  
7.50000    	37.89568  
7.51000    	37.26554  
7.52000    	36.40451  
7.53000    	35.35608  
7.54000    	34.17150  
7.55000    	32.88924  
7.56000    	31.53403  
7.57000    	30.12395  
7.58000    	28.67338  
7.59000    	27.19075  
7.60000    	25.66976  
7.61000    	24.08533  
7.62000    	22.40565  
7.63000    	20.60403  
7.64000    	18.65435  
7.65000    	16.52599  
7.66000    	14.19439  
7.67000    	11.65288  
7.68000    	8.91173   
7.69000    	5.98802   
7.70000    	2.89023   
7.71000    	-0.38094  
7.72000    	-3.79382  
7.73000    	-7.26518  
7.74000    	-10.71418 
7.75000    	-14.10226 
7.76000    	-17.37122 
7.77000    	-20.39153 
7.78000    	-23.03185 
7.79000    	-25.23775 
7.80000    	-27.00931 
7.81000    	-28.34502 
7.82000    	-29.21984 
7.83000    	-29.57219 
7.84000    	-29.27509 
7.85000    	-28.19087 
7.86000    	-26.40890 
7.87000    	-24.38399 
7.88000    	-22.69440 
7.89000    	-21.71978 
7.90000    	-21.53922 
7.91000    	-22.00463 
7.92000    	-22.94217 
7.93000    	-24.30489 
7.94000    	-26.10131 
7.95000    	-28.27877 
7.96000    	-30.74030 
7.97000    	-33.39891 
7.98000    	-36.17092 
7.99000    	-38.95602 
8.00000    	-41.65385 
8.01000    	-44.18799 
8.02000    	-46.50649 
8.03000    	-48.56502 
8.04000    	-50.30023 
8.05000    	-51.62361 
8.06000    	-52.46518 
8.07000    	-52.75256 
8.08000    	-52.21357 
8.09000    	-50.33048 
8.10000    	-46.77147 
8.11000    	-41.77570 
8.12000    	-35.97120 
8.13000    	-29.97123 
8.14000    	-24.09565 
8.15000    	-18.33981 
8.16000    	-12.70883 
8.17000    	-7.47349  
8.18000    	-2.90836  
8.19000    	1.00522   
8.20000    	4.43054   
8.21000    	7.43259   
8.22000    	9.99231   
8.23000    	12.09575  
8.24000    	13.71481  
8.25000    	14.78416  
8.26000    	15.27921  
8.27000    	15.27666  
8.28000    	14.87987  
8.29000    	14.13448  
8.30000    	13.05938  
8.31000    	11.70327  
8.32000    	10.13751  
8.33000    	8.43145   
8.34000    	6.65596   
8.35000    	4.89539   
8.36000    	3.24805   
8.37000    	1.81294   
8.38000    	0.66047   
8.39000    	-0.18281  
8.40000    	-0.70648  
8.41000    	-0.89032  
8.42000    	-0.72396  
8.43000    	-0.23186  
8.44000    	0.53652   
8.45000    	1.52844   
8.46000    	2.69856   
8.47000    	4.01235   
8.48000    	5.44574   
8.49000    	6.97658   
8.50000    	8.56420   
8.51000    	10.14102  
8.52000    	11.64002  
8.53000    	13.02067  
8.54000    	14.25714  
8.55000    	15.32000  
8.56000    	16.18341  
8.57000    	16.83242  
8.58000    	17.24479  
8.59000    	17.37808  
8.60000    	17.19447  
8.61000    	16.68956  
8.62000    	15.89007  
8.63000    	14.83496  
8.64000    	13.55528  
8.65000    	12.07011  
8.66000    	10.41538  
8.67000    	8.66306   
8.68000    	6.88804   
8.69000    	5.13205   
8.70000    	3.41278   
8.71000    	1.74903   
8.72000    	0.17319   
8.73000    	-1.26676  
8.74000    	-2.51328  
8.75000    	-3.51680  
8.76000    	-4.26764  
8.77000    	-4.81462  
8.78000    	-5.24285  
8.79000    	-5.63547  
8.80000    	-6.04441  
8.81000    	-6.47494  
8.82000    	-6.88878  
8.83000    	-7.22358  
8.84000    	-7.42596  
8.85000    	-7.47856  
8.86000    	-7.40200  
8.87000    	-7.23530  
8.88000    	-6.99799  
8.89000    	-6.66902  
8.90000    	-6.21762  
8.91000    	-5.63521  
8.92000    	-4.91850  
8.93000    	-4.04436  
8.94000    	-2.97702  
8.95000    	-1.69028  
8.96000    	-0.18790  
8.97000    	1.48864   
8.98000    	3.27496   
8.99000    	5.10903   
9.00000    	6.95561   
9.01000    	8.81501   
9.02000    	10.70035  
9.03000    	12.60668  
9.04000    	14.49633  
9.05000    	16.29731  
9.06000    	17.91090  
9.07000    	19.23360  
9.08000    	20.19877  
9.09000    	20.80357  
9.10000    	21.08673  
9.11000    	21.09348  
9.12000    	20.86463  
9.13000    	20.43619  
9.14000    	19.83575  
9.15000    	19.07561  
9.16000    	18.14295  
9.17000    	17.00259  
9.18000    	15.62743  
9.19000    	14.02274  
9.20000    	12.21096  
9.21000    	10.20973  
9.22000    	8.03558   
9.23000    	5.71428   
9.24000    	3.27967   
9.25000    	0.76661   
9.26000    	-1.79653  
9.27000    	-4.39211  
9.28000    	-7.01082  
9.29000    	-9.64571  
9.30000    	-12.28624 
9.31000    	-14.91604 
9.32000    	-17.51852 
9.33000    	-20.08212 
9.34000    	-22.59635 
9.35000    	-25.04692 
9.36000    	-27.41875 
9.37000    	-29.69620 
9.38000    	-31.85034 
9.39000    	-33.82689 
9.40000    	-35.54831 
9.41000    	-36.92869 
9.42000    	-37.89903 
9.43000    	-38.41568 
9.44000    	-38.42624 
9.45000    	-37.86994 
9.46000    	-36.78775 
9.47000    	-35.39972 
9.48000    	-34.00839 
9.49000    	-32.84722 
9.50000    	-31.99216 
9.51000    	-31.36338 
9.52000    	-30.84249 
9.53000    	-30.37122 
9.54000    	-29.89948 
9.55000    	-29.31808 
9.56000    	-28.51012 
9.57000    	-27.42172 
9.58000    	-26.05248 
9.59000    	-24.42620 
9.60000    	-22.60324 
9.61000    	-20.69847 
9.62000    	-18.86735 
9.63000    	-17.26449 
9.64000    	-15.98021 
9.65000    	-15.00716 
9.66000    	-14.28756 
9.67000    	-13.76651 
9.68000    	-13.37818 
9.69000    	-13.02008 
9.70000    	-12.57080 
9.71000    	-11.92748 
9.72000    	-11.03843 
9.73000    	-9.91574  
9.74000    	-8.61343  
9.75000    	-7.19636  
9.76000    	-5.72425  
9.77000    	-4.24448  
9.78000    	-2.78758  
9.79000    	-1.37133  
9.80000    	-0.01964  
9.81000    	1.22635   
9.82000    	2.32745   
9.83000    	3.27224   
9.84000    	4.08547   
9.85000    	4.81767   
9.86000    	5.51511   
9.87000    	6.19607   
9.88000    	6.85950   
9.89000    	7.50651   
9.90000    	8.15402   
9.91000    	8.83406   
9.92000    	9.57396   
9.93000    	10.37714  
9.94000    	11.22274  
9.95000    	12.07185  
9.96000    	12.86969  
9.97000    	13.55204  
9.98000    	14.06291  
9.99000    	14.37024  
10.00000   	14.46699  
10.01000   	14.36272  
10.02000   	14.07089  
10.03000   	13.60519  
10.04000   	12.99710  
10.05000   	12.30347  
10.06000   	11.57451  
10.07000   	10.82525  
10.08000   	10.05176  
10.09000   	9.25494   
10.10000   	8.43669   
10.11000   	7.59101   
10.12000   	6.71212   
10.13000   	5.80487   
10.14000   	4.88335   
10.15000   	3.96588   
10.16000   	3.07479   
10.17000   	2.24178   
10.18000   	1.51866   
10.19000   	0.97583   
10.20000   	0.67120   
10.21000   	0.62306   
10.22000   	0.81960   
10.23000   	1.23732   
10.24000   	1.84047   
10.25000   	2.57575   
10.26000   	3.37700   
10.27000   	4.17358   
10.28000   	4.89623   
10.29000   	5.48263   
10.30000   	5.88420   
10.31000   	6.07265   
10.32000   	6.04541   
10.33000   	5.82776   
10.34000   	5.46800   
10.35000   	5.02900   
10.36000   	4.58023   
10.37000   	4.18976   
10.38000   	3.91485   
10.39000   	3.79187   
10.40000   	3.82673   
10.41000   	3.99406   
10.42000   	4.25373   
10.43000   	4.57052   
10.44000   	4.92232   
10.45000   	5.29907   
10.46000   	5.69464   
10.47000   	6.10039   
10.48000   	6.50758   
10.49000   	6.91108   
10.50000   	7.30717   
10.51000   	7.69092   
10.52000   	8.05821   
10.53000   	8.40896   
10.54000   	8.74822   
10.55000   	9.08639   
10.56000   	9.44004   
10.57000   	9.83272   
10.58000   	10.29569  
10.59000   	10.86167  
10.60000   	11.54378  
10.61000   	12.32165  
10.62000   	13.15690  
10.63000   	14.00830  
10.64000   	14.81668  
10.65000   	15.49624  
10.66000   	15.96975  
10.67000   	16.20453  
10.68000   	16.20590  
10.69000   	15.99390  
10.70000   	15.58947  
10.71000   	15.01117  
10.72000   	14.28342  
10.73000   	13.44089  
10.74000   	12.51402  
10.75000   	11.51771  
10.76000   	10.46443  
10.77000   	9.37994   
10.78000   	8.30115   
10.79000   	7.27258   
10.80000   	6.35728   
10.81000   	5.63563   
10.82000   	5.16588   
10.83000   	4.95314   
10.84000   	4.97363   
10.85000   	5.20288   
10.86000   	5.59568   
10.87000   	6.05703   
10.88000   	6.44511   
10.89000   	6.60575   
10.90000   	6.43665   
10.91000   	5.92851   
10.92000   	5.13043   
10.93000   	4.09607   
10.94000   	2.86722   
10.95000   	1.47906   
10.96000   	-0.03003  
10.97000   	-1.61481  
10.98000   	-3.23579  
10.99000   	-4.86879  
11.00000   	-6.49283  
11.01000   	-8.07429  
11.02000   	-9.56444  
11.03000   	-10.90511 
11.04000   	-12.03895 
11.05000   	-12.92075 
11.06000   	-13.52416 
11.07000   	-13.84205 
11.08000   	-13.88057 
11.09000   	-13.65586 
11.10000   	-13.19988 
11.11000   	-12.56626 
11.12000   	-11.82779 
11.13000   	-11.06655 
11.14000   	-10.35710 
11.15000   	-9.74979  
11.16000   	-9.26190  
11.17000   	-8.87989  
11.18000   	-8.57519  
11.19000   	-8.32487  
11.20000   	-8.12924  
11.21000   	-8.01447  
11.22000   	-8.00849  
11.23000   	-8.11585  
11.24000   	-8.31760  
11.25000   	-8.58444  
11.26000   	-8.89046  
11.27000   	-9.21793  
11.28000   	-9.54361  
11.29000   	-9.82779  
11.30000   	-10.02676 
11.31000   	-10.10737 
11.32000   	-10.04134 
11.33000   	-9.79809  
11.34000   	-9.35497  
11.35000   	-8.71406  
11.36000   	-7.91442  
11.37000   	-7.03112  
11.38000   	-6.15290  
11.39000   	-5.35995  
11.40000   	-4.72211  
11.41000   	-4.29702  
11.42000   	-4.10930  
11.43000   	-4.13626  
11.44000   	-4.32461  
11.45000   	-4.61629  
11.46000   	-4.96319  
11.47000   	-5.33141  
11.48000   	-5.69467  
11.49000   	-6.02700  
11.50000   	-6.30501  
11.51000   	-6.51331  
11.52000   	-6.64620  
11.53000   	-6.70721  
11.54000   	-6.70901  
11.55000   	-6.67164  
11.56000   	-6.61619  
11.57000   	-6.55877  
11.58000   	-6.51050  
11.59000   	-6.47919  
11.60000   	-6.46739  
11.61000   	-6.47083  
11.62000   	-6.48153  
11.63000   	-6.48981  
11.64000   	-6.47995  
11.65000   	-6.42721  
11.66000   	-6.30319  
11.67000   	-6.08296  
11.68000   	-5.74859  
11.69000   	-5.28811  
11.70000   	-4.68782  
11.71000   	-3.92845  
11.72000   	-2.99694  
11.73000   	-1.90012  
11.74000   	-0.66703  
11.75000   	0.65817   
11.76000   	2.03068   
11.77000   	3.41744   
11.78000   	4.79655   
11.79000   	6.15177   
11.80000   	7.47128   
11.81000   	8.74684   
11.82000   	9.96776   
11.83000   	11.11448  
11.84000   	12.15763  
11.85000   	13.06493  
11.86000   	13.81802  
11.87000   	14.42490  
11.88000   	14.91440  
11.89000   	15.32037  
11.90000   	15.66376  
11.91000   	15.94202  
11.92000   	16.13440  
11.93000   	16.21629  
11.94000   	16.17718  
11.95000   	16.02862  
11.96000   	15.78767  
11.97000   	15.45779  
11.98000   	15.03110  
11.99000   	14.50084  
12.00000   	13.87218  
12.01000   	13.16309  
12.02000   	12.38737  
12.03000   	11.54084  
12.04000   	10.61065  
12.05000   	9.59019   
12.06000   	8.48185   
12.07000   	7.29380   
12.08000   	6.03612   
12.09000   	4.71803   
12.10000   	3.34783   
12.11000   	1.93391   
12.12000   	0.48528   
12.13000   	-0.98742  
12.14000   	-2.46891  
12.15000   	-3.93751  
12.16000   	-5.36746  
12.17000   	-6.73228  
12.18000   	-8.00612  
12.19000   	-9.16597  
12.20000   	-10.19783 
12.21000   	-11.10065 
12.22000   	-11.88107 
12.23000   	-12.54796 
12.24000   	-13.11521 
12.25000   	-13.60224 
12.26000   	-14.02108 
12.27000   	-14.36492 
12.28000   	-14.61332 
12.29000   	-14.74495 
12.30000   	-14.74866 
12.31000   	-14.62907 
12.32000   	-14.40311 
12.33000   	-14.09209 
12.34000   	-13.71438 
12.35000   	-13.27996 
12.36000   	-12.78731 
12.37000   	-12.22224 
12.38000   	-11.55989 
12.39000   	-10.77125 
12.40000   	-9.83428  
12.41000   	-8.74078  
12.42000   	-7.49182  
12.43000   	-6.09370  
12.44000   	-4.56528  
12.45000   	-2.94491  
12.46000   	-1.28472  
12.47000   	0.35561   
12.48000   	1.90261   
12.49000   	3.26612   
12.50000   	4.35605   
12.51000   	5.10766   
12.52000   	5.50379   
12.53000   	5.57853   
12.54000   	5.38690   
12.55000   	4.97544   
12.56000   	4.38919   
12.57000   	3.68344   
12.58000   	2.90804   
12.59000   	2.09427   
12.60000   	1.27568   
12.61000   	0.51080   
12.62000   	-0.12463  
12.63000   	-0.56028  
12.64000   	-0.75195  
12.65000   	-0.69328  
12.66000   	-0.41093  
12.67000   	0.04522   
12.68000   	0.60565   
12.69000   	1.18600   
12.70000   	1.70046   
12.71000   	2.07606   
12.72000   	2.26028   
12.73000   	2.22498   
12.74000   	1.96984   
12.75000   	1.52017   
12.76000   	0.91402   
12.77000   	0.18951   
12.78000   	-0.61600  
12.79000   	-1.46580  
12.80000   	-2.33375  
12.81000   	-3.20545  
12.82000   	-4.05167  
12.83000   	-4.81112  
12.84000   	-5.41882  
12.85000   	-5.83903  
12.86000   	-6.06248  
12.87000   	-6.09207  
12.88000   	-5.94004  
12.89000   	-5.63044  
12.90000   	-5.20211  
12.91000   	-4.70840  
12.92000   	-4.20846  
12.93000   	-3.75518  
12.94000   	-3.38654  
12.95000   	-3.11970  
12.96000   	-2.94682  
12.97000   	-2.84016  
12.98000   	-2.77409  
12.99000   	-2.74152  
13.00000   	-2.74218  
13.01000   	-2.76772  
13.02000   	-2.80961  
13.03000   	-2.86983  
13.04000   	-2.95428  
13.05000   	-3.06333  
13.06000   	-3.19464  
13.07000   	-3.34793  
13.08000   	-3.52139  
13.09000   	-3.70677  
13.10000   	-3.88894  
13.11000   	-4.04938  
13.12000   	-4.17402  
13.13000   	-4.25984  
13.14000   	-4.31274  
13.15000   	-4.34119  
13.16000   	-4.35197  
13.17000   	-4.34894  
13.18000   	-4.33437  
13.19000   	-4.31130  
13.20000   	-4.28623  
13.21000   	-4.27064  
13.22000   	-4.27866  
13.23000   	-4.32308  
13.24000   	-4.41228  
13.25000   	-4.54787  
13.26000   	-4.72304  
13.27000   	-4.92272  
13.28000   	-5.12713  
13.29000   	-5.31423  
13.30000   	-5.45657  
13.31000   	-5.52011  
13.32000   	-5.47203  
13.33000   	-5.28841  
13.34000   	-4.95336  
13.35000   	-4.45696  
13.36000   	-3.79876  
13.37000   	-2.99290  
13.38000   	-2.07168  
13.39000   	-1.08546  
13.40000   	-0.09675  
13.41000   	0.82698   
13.42000   	1.61709   
13.43000   	2.21149   
13.44000   	2.57446   
13.45000   	2.70855   
13.46000   	2.63799   
13.47000   	2.38911   
13.48000   	1.99421   
13.49000   	1.49837   
13.50000   	0.94765   
13.51000   	0.37386   
13.52000   	-0.20747  
13.53000   	-0.79046  
13.54000   	-1.36883  
13.55000   	-1.93089  
13.56000   	-2.46723  
13.57000   	-2.97927  
13.58000   	-3.47682  
13.59000   	-3.97165  
13.60000   	-4.47493  
13.61000   	-4.99576  
13.62000   	-5.53752  
13.63000   	-6.09509  
13.64000   	-6.65598  
13.65000   	-7.20281  
13.66000   	-7.71469  
13.67000   	-8.16894  
13.68000   	-8.54441  
13.69000   	-8.82449  
13.70000   	-8.99801  
13.71000   	-9.05891  
13.72000   	-9.00699  
13.73000   	-8.84908  
13.74000   	-8.60015  
13.75000   	-8.28041  
13.76000   	-7.90542  
13.77000   	-7.47848  
13.78000   	-6.99383  
13.79000   	-6.44425  
13.80000   	-5.82632  
13.81000   	-5.14264  
13.82000   	-4.39991  
13.83000   	-3.60507  
13.84000   	-2.76135  
13.85000   	-1.86821  
13.86000   	-0.92828  
13.87000   	0.04747   
13.88000   	1.04432   
13.89000   	2.04739   
13.90000   	3.03385   
13.91000   	3.96630   
13.92000   	4.79872   
13.93000   	5.49264   
13.94000   	6.04161   
13.95000   	6.48119   
13.96000   	6.85998   
13.97000   	7.20798   
13.98000   	7.53926   
13.99000   	7.86732   
14.00000   	8.21070   
14.01000   	8.58976   
14.02000   	9.01696   
14.03000   	9.48886   
14.04000   	9.98667   
14.05000   	10.47928  
14.06000   	10.92376  
14.07000   	11.27065  
14.08000   	11.48071  
14.09000   	11.53824  
14.10000   	11.44612  
14.11000   	11.21525  
14.12000   	10.86125  
14.13000   	10.40474  
14.14000   	9.87089   
14.15000   	9.28735   
14.16000   	8.67986   
14.17000   	8.07027   
14.18000   	7.48076   
14.19000   	6.93522   
14.20000   	6.44921   
14.21000   	6.02066   
14.22000   	5.63258   
14.23000   	5.26052   
14.24000   	4.87798   
14.25000   	4.45995   
14.26000   	3.98388   
14.27000   	3.43162   
14.28000   	2.79759   
14.29000   	2.09389   
14.30000   	1.34333   
14.31000   	0.56922   
14.32000   	-0.20946  
14.33000   	-0.97499  
14.34000   	-1.69653  
14.35000   	-2.32115  
14.36000   	-2.78862  
14.37000   	-3.05176  
14.38000   	-3.08278  
14.39000   	-2.86983  
14.40000   	-2.41021  
14.41000   	-1.70535  
14.42000   	-0.76079  
14.43000   	0.40934   
14.44000   	1.77250   
14.45000   	3.27292   
14.46000   	4.84351   
14.47000   	6.42121   
14.48000   	7.95180   
14.49000   	9.38930   
14.50000   	10.69588  
14.51000   	11.84433  
14.52000   	12.82476  
14.53000   	13.64586  
14.54000   	14.32142  
14.55000   	14.85775  
14.56000   	15.25855  
14.57000   	15.53277  
14.58000   	15.69119  
14.59000   	15.73964  
14.60000   	15.67780  
14.61000   	15.50329  
14.62000   	15.22129  
14.63000   	14.85072  
14.64000   	14.41856  
14.65000   	13.95143  
14.66000   	13.47341  
14.67000   	13.00659  
14.68000   	12.57161  
14.69000   	12.18688  
14.70000   	11.86467  
14.71000   	11.60665  
14.72000   	11.40250  
14.73000   	11.23315  
14.74000   	11.07993  
14.75000   	10.92984  
14.76000   	10.76814  
14.77000   	10.57112  
14.78000   	10.31129  
14.79000   	9.96916   
14.80000   	9.54549   
14.81000   	9.06314   
14.82000   	8.54809   
14.83000   	8.01269   
14.84000   	7.46220   
14.85000   	6.90526   
14.86000   	6.34969   
14.87000   	5.79619   
14.88000   	5.24170   
14.89000   	4.68518   
14.90000   	4.12925   
14.91000   	3.57971   
14.92000   	3.04522   
14.93000   	2.53675   
14.94000   	2.06593   
14.95000   	1.64235   
14.96000   	1.26957   
14.97000   	0.94276   
14.98000   	0.65086   
14.99000   	0.37976   
15.00000   	0.11323   
15.01000   	-0.16565  
15.02000   	-0.47000  
15.03000   	-0.80558  
15.04000   	-1.17172  
15.05000   	-1.56368  
15.06000   	-1.97370  
15.07000   	-2.39092  
15.08000   	-2.80085  
15.09000   	-3.18582  
15.10000   	-3.52771  
15.11000   	-3.81127  
15.12000   	-4.02696  
15.13000   	-4.17318  
15.14000   	-4.25713  
15.15000   	-4.29306  
15.16000   	-4.29687  
15.17000   	-4.28264  
15.18000   	-4.26566  
15.19000   	-4.26447  
15.20000   	-4.29501  
15.21000   	-4.36485  
15.22000   	-4.47530  
15.23000   	-4.62611  
15.24000   	-4.81664  
15.25000   	-5.04568  
15.26000   	-5.31310  
15.27000   	-5.62078  
15.28000   	-5.96876  
15.29000   	-6.35020  
15.30000   	-6.74979  
15.31000   	-7.14520  
15.32000   	-7.51012  
15.33000   	-7.81719  
15.34000   	-8.03969  
15.35000   	-8.15377  
15.36000   	-8.14274  
15.37000   	-8.00112  
15.38000   	-7.73567  
15.39000   	-7.36444  
15.40000   	-6.91563  
15.41000   	-6.42421  
15.42000   	-5.92302  
15.43000   	-5.43610  
15.44000   	-4.98280  
15.45000   	-4.58318  
15.46000   	-4.25417  
15.47000   	-4.00505  
15.48000   	-3.84139  
15.49000   	-3.76963  
15.50000   	-3.79312  
15.51000   	-3.90612  
15.52000   	-4.09350  
15.53000   	-4.33502  
15.54000   	-4.61176  
15.55000   	-4.91043  
15.56000   	-5.22293  
15.57000   	-5.54475  
15.58000   	-5.87505  
15.59000   	-6.21553  
15.60000   	-6.56644  
15.61000   	-6.92371  
15.62000   	-7.28102  
15.63000   	-7.63034  
15.64000   	-7.95450  
15.65000   	-8.22374  
15.66000   	-8.40772  
15.67000   	-8.49055  
15.68000   	-8.47618  
15.69000   	-8.38426  
15.70000   	-8.23597  
15.71000   	-8.04195  
15.72000   	-7.80473  
15.73000   	-7.52615  
15.74000   	-7.20947  
15.75000   	-6.85860  
15.76000   	-6.47782  
15.77000   	-6.07218  
15.78000   	-5.64857  
15.79000   	-5.21680  
15.80000   	-4.78976  
15.81000   	-4.38250  
15.82000   	-4.01055  
15.83000   	-3.68803  
15.84000   	-3.42530  
15.85000   	-3.22669  
15.86000   	-3.08902  
15.87000   	-3.00144  
15.88000   	-2.94695  
15.89000   	-2.90577  
15.90000   	-2.86020  
15.91000   	-2.79837  
15.92000   	-2.71443  
15.93000   	-2.60677  
15.94000   	-2.47632  
15.95000   	-2.32546  
15.96000   	-2.15781  
15.97000   	-1.97832  
15.98000   	-1.79350  
15.99000   	-1.61123  
16.00000   	-1.43857  
16.01000   	-1.27918  
16.02000   	-1.13238  
16.03000   	-0.99306  
16.04000   	-0.85116  
16.05000   	-0.69282  
16.06000   	-0.50477  
16.07000   	-0.27854  
16.08000   	-0.01101  
16.09000   	0.29607   
16.10000   	0.63518   
16.11000   	0.99235   
16.12000   	1.34900   
16.13000   	1.68543   
16.14000   	1.98428   
16.15000   	2.23272   
16.16000   	2.42253   
16.17000   	2.55078   
16.18000   	2.62335   
16.19000   	2.65487   
16.20000   	2.65923   
16.21000   	2.64142   
16.22000   	2.60149   
16.23000   	2.54200   
16.24000   	2.47118   
16.25000   	2.40221   
16.26000   	2.34855   
16.27000   	2.31945   
16.28000   	2.31991   
16.29000   	2.35227   
16.30000   	2.41616   
16.31000   	2.50809   
16.32000   	2.62340   
16.33000   	2.75960   
16.34000   	2.91935   
16.35000   	3.11071   
16.36000   	3.34312   
16.37000   	3.62203   
16.38000   	3.94393   
16.39000   	4.29453   
16.40000   	4.65303   
16.41000   	4.99868   
16.42000   	5.31449   
16.43000   	5.58817   
16.44000   	5.81018   
16.45000   	5.97166   
16.46000   	6.06567   
16.47000   	6.08976   
16.48000   	6.04804   
16.49000   	5.95130   
16.50000   	5.81454   
16.51000   	5.65413   
16.52000   	5.48637   
16.53000   	5.32621   
16.54000   	5.18551   
16.55000   	5.07439   
16.56000   	5.00756   
16.57000   	5.00646   
16.58000   	5.08875   
16.59000   	5.25754   
16.60000   	5.50249   
16.61000   	5.80612   
16.62000   	6.14932   
16.63000   	6.51420   
16.64000   	6.88276   
16.65000   	7.23626   
16.66000   	7.56034   
16.67000   	7.84915   
16.68000   	8.10260   
16.69000   	8.32195   
16.70000   	8.50845   
16.71000   	8.66334   
16.72000   	8.78816   
16.73000   	8.88555   
16.74000   	8.95890   
16.75000   	9.01089   
16.76000   	9.04176   
16.77000   	9.04924   
16.78000   	9.03067   
16.79000   	8.98574   
16.80000   	8.91838   
16.81000   	8.83682   
16.82000   	8.75020   
16.83000   	8.66492   
16.84000   	8.58436   
16.85000   	8.51000   
16.86000   	8.44096   
16.87000   	8.37427   
16.88000   	8.30935   
16.89000   	8.25141   
16.90000   	8.20808   
16.91000   	8.18404   
16.92000   	8.17920   
16.93000   	8.18992   
16.94000   	8.21211   
16.95000   	8.24277   
16.96000   	8.27620   
16.97000   	8.30108   
16.98000   	8.30483   
16.99000   	8.27914   
17.00000   	8.21927   
17.01000   	8.12067   
17.02000   	7.97764   
17.03000   	7.78467   
17.04000   	7.53973   
17.05000   	7.24580   
17.06000   	6.90827   
17.07000   	6.53215   
17.08000   	6.12213   
17.09000   	5.68387   
17.10000   	5.22569   
17.11000   	4.75932   
17.12000   	4.29802   
17.13000   	3.85395   
17.14000   	3.43751   
17.15000   	3.05777   
17.16000   	2.72269   
17.17000   	2.43855   
17.18000   	2.20840   
17.19000   	2.03117   
17.20000   	1.90193   
17.21000   	1.81251   
17.22000   	1.75167   
17.23000   	1.70622   
17.24000   	1.66432   
17.25000   	1.61839   
17.26000   	1.56532   
17.27000   	1.50528   
17.28000   	1.44144   
17.29000   	1.37897   
17.30000   	1.32163   
17.31000   	1.26815   
17.32000   	1.21170   
17.33000   	1.14209   
17.34000   	1.04968   
17.35000   	0.92788   
17.36000   	0.77164   
17.37000   	0.57600   
17.38000   	0.33764   
17.39000   	0.05686   
17.40000   	-0.26344  
17.41000   	-0.61999  
17.42000   	-1.00971  
17.43000   	-1.42917  
17.44000   	-1.87496  
17.45000   	-2.34410  
17.46000   	-2.83303  
17.47000   	-3.33576  
17.48000   	-3.84247  
17.49000   	-4.33960  
17.50000   	-4.81318  
17.51000   	-5.25266  
17.52000   	-5.65186  
17.53000   	-6.00796  
17.54000   	-6.32044  
17.55000   	-6.58976  
17.56000   	-6.81512  
17.57000   	-6.99321  
17.58000   	-7.12024  
17.59000   	-7.19476  
17.60000   	-7.21846  
17.61000   	-7.19579  
17.62000   	-7.13303  
17.63000   	-7.03701  
17.64000   	-6.91432  
17.65000   	-6.77100  
17.66000   	-6.61227  
17.67000   	-6.44250  
17.68000   	-6.26544  
17.69000   	-6.08408  
17.70000   	-5.89964  
17.71000   	-5.71073  
17.72000   	-5.51306  
17.73000   	-5.29878  
17.74000   	-5.05557  
17.75000   	-4.76808  
17.76000   	-4.42354  
17.77000   	-4.01712  
17.78000   	-3.55232  
17.79000   	-3.03857  
17.80000   	-2.48873  
17.81000   	-1.91784  
17.82000   	-1.34408  
17.83000   	-0.78848  
17.84000   	-0.27090  
17.85000   	0.19396   
17.86000   	0.59860   
17.87000   	0.94313   
17.88000   	1.23405   
17.89000   	1.48148   
17.90000   	1.69621   
17.91000   	1.88742   
17.92000   	2.06093   
17.93000   	2.21849   
17.94000   	2.35948   
17.95000   	2.48264   
17.96000   	2.58518   
17.97000   	2.66165   
17.98000   	2.70450   
17.99000   	2.70599   
18.00000   	2.66133   
18.01000   	2.57008   
18.02000   	2.43294   
18.03000   	2.24846   
18.04000   	2.01425   
18.05000   	1.72993   
18.06000   	1.39991   
18.07000   	1.03484   
18.08000   	0.65037   
18.09000   	0.26526   
18.10000   	-0.09953  
18.11000   	-0.42278  
18.12000   	-0.68828  
18.13000   	-0.88856  
18.14000   	-1.02305  
18.15000   	-1.09500  
18.16000   	-1.11127  
18.17000   	-1.08382  
18.18000   	-1.03139  
18.19000   	-0.97822  
18.20000   	-0.94729  
18.21000   	-0.95362  
18.22000   	-1.00310  
18.23000   	-1.09409  
18.24000   	-1.22008  
18.25000   	-1.37151  
18.26000   	-1.53510  
18.27000   	-1.69346  
18.28000   	-1.82772  
18.29000   	-1.92063  
18.30000   	-1.95849  
18.31000   	-1.93340  
18.32000   	-1.84647  
18.33000   	-1.70850  
18.34000   	-1.53514  
18.35000   	-1.34144  
18.36000   	-1.14025  
18.37000   	-0.94226  
18.38000   	-0.75604  
18.39000   	-0.58744  
18.40000   	-0.43812  
18.41000   	-0.30524  
18.42000   	-0.18394  
18.43000   	-0.06952  
18.44000   	0.04350   
18.45000   	0.16225   
18.46000   	0.29368   
18.47000   	0.44202   
18.48000   	0.60763   
18.49000   	0.78715   
18.50000   	0.97449   
18.51000   	1.16167   
18.52000   	1.33939   
18.53000   	1.49731   
18.54000   	1.62363   
18.55000   	1.70539   
18.56000   	1.73130   
18.57000   	1.69469   
18.58000   	1.59508   
18.59000   	1.43859   
18.60000   	1.23770   
18.61000   	1.00947   
18.62000   	0.77043   
18.63000   	0.53149   
18.64000   	0.29769   
18.65000   	0.07125   
18.66000   	-0.14463  
18.67000   	-0.34426  
18.68000   	-0.52226  
18.69000   	-0.67613  
18.70000   	-0.80475  
18.71000   	-0.90633  
18.72000   	-0.97933  
18.73000   	-1.02403  
18.74000   	-1.04283  
18.75000   	-1.04009  
18.76000   	-1.02208  
18.77000   	-0.99649  
18.78000   	-0.97208  
18.79000   	-0.95789  
18.80000   	-0.96113  
18.81000   	-0.98555  
18.82000   	-1.03255  
18.83000   	-1.10184  
18.84000   	-1.18852  
18.85000   	-1.28108  
18.86000   	-1.36454  
18.87000   	-1.42513  
18.88000   	-1.45300  
18.89000   	-1.44273  
18.90000   	-1.39214  
18.91000   	-1.30097  
18.92000   	-1.16987  
18.93000   	-1.00037  
18.94000   	-0.79698  
18.95000   	-0.56927  
18.96000   	-0.33180  
18.97000   	-0.10225  
18.98000   	0.10138   
18.99000   	0.26340   
19.00000   	0.37151   
19.01000   	0.41667   
19.02000   	0.39209   
19.03000   	0.29263   
19.04000   	0.11589   
19.05000   	-0.13578  
19.06000   	-0.45376  
19.07000   	-0.82335  
19.08000   	-1.22660  
19.09000   	-1.64485  
19.10000   	-2.05816  
19.11000   	-2.44560  
19.12000   	-2.78986  
19.13000   	-3.08173  
19.14000   	-3.31906  
19.15000   	-3.50427  
19.16000   	-3.64542  
19.17000   	-3.75763  
19.18000   	-3.86122  
19.19000   	-3.97683  
19.20000   	-4.11911  
19.21000   	-4.29266  
19.22000   	-4.49348  
19.23000   	-4.71263  
19.24000   	-4.93966  
19.25000   	-5.16542  
19.26000   	-5.38310  
19.27000   	-5.58873  
19.28000   	-5.78212  
19.29000   	-5.96692  
19.30000   	-6.14767  
19.31000   	-6.32615  
19.32000   	-6.49918  
19.33000   	-6.65793  
19.34000   	-6.78850  
19.35000   	-6.87390  
19.36000   	-6.89740  
19.37000   	-6.84565  
19.38000   	-6.71071  
19.39000   	-6.49162  
19.40000   	-6.19537  
19.41000   	-5.83555  
19.42000   	-5.42758  
19.43000   	-4.98572  
19.44000   	-4.52661  
19.45000   	-4.07197  
19.46000   	-3.64433  
19.47000   	-3.26137  
19.48000   	-2.93351  
19.49000   	-2.66370  
19.50000   	-2.44874  
19.51000   	-2.28134  
19.52000   	-2.15190  
19.53000   	-2.04855  
19.54000   	-1.95521  
19.55000   	-1.85217  
19.56000   	-1.72303  
19.57000   	-1.56129  
19.58000   	-1.37020  
19.59000   	-1.15857  
19.60000   	-0.93622  
19.61000   	-0.71178  
19.62000   	-0.49475  
19.63000   	-0.29667  
19.64000   	-0.12700  
19.65000   	0.01028   
19.66000   	0.11371   
19.67000   	0.18072   
19.68000   	0.20919   
19.69000   	0.20011   
19.70000   	0.15622   
19.71000   	0.08028   
19.72000   	-0.02302  
19.73000   	-0.14545  
19.74000   	-0.27761  
19.75000   	-0.41176  
19.76000   	-0.54062  
19.77000   	-0.65549  
19.78000   	-0.74779  
19.79000   	-0.81157  
19.80000   	-0.84426  
19.81000   	-0.84680  
19.82000   	-0.82574  
19.83000   	-0.79477  
19.84000   	-0.77303  
19.85000   	-0.78164  
19.86000   	-0.84046  
19.87000   	-0.96572  
19.88000   	-1.16953  
19.89000   	-1.45889  
19.90000   	-1.83144  
19.91000   	-2.27405  
19.92000   	-2.77073  
19.93000   	-3.30989  
19.94000   	-3.88173  
19.95000   	-4.47405  
19.96000   	-5.07320  
19.97000   	-5.66506  
19.98000   	-6.23229  
19.99000   	-6.75263  
20.00000   	-7.20191  
20.01000   	-7.56064  
20.02000   	-7.82294  
20.03000   	-8.00041  
20.04000   	-8.11360  
20.05000   	-8.18097  
20.06000   	-8.21600  
20.07000   	-8.22877  
20.08000   	-8.22707  
20.09000   	-8.21697  
20.10000   	-8.20369  
20.11000   	-8.19137  
20.12000   	-8.18022  
20.13000   	-8.16424  
20.14000   	-8.13185  
20.15000   	-8.06895  
20.16000   	-7.96406  
20.17000   	-7.81256  
20.18000   	-7.61548  
20.19000   	-7.37635  
20.20000   	-7.10073  
20.21000   	-6.79699  
20.22000   	-6.47648  
20.23000   	-6.15224  
20.24000   	-5.83595  
20.25000   	-5.53582  
20.26000   	-5.25826  
20.27000   	-5.00916  
20.28000   	-4.79096  
20.29000   	-4.59973  
20.30000   	-4.42577  
20.31000   	-4.25545  
20.32000   	-4.07234  
20.33000   	-3.85913  
20.34000   	-3.60100  
20.35000   	-3.28884  
20.36000   	-2.92159  
20.37000   	-2.50570  
20.38000   	-2.04883  
20.39000   	-1.55441  
20.40000   	-1.02462  
20.41000   	-0.46430  
20.42000   	0.12202   
20.43000   	0.73352   
20.44000   	1.36986   
20.45000   	2.02655   
20.46000   	2.69510   
20.47000   	3.36487   
20.48000   	4.02381   
20.49000   	4.65886   
20.50000   	5.25719   
20.51000   	5.80710   
20.52000   	6.29700   
20.53000   	6.71509   
20.54000   	7.05202   
20.55000   	7.30361   
20.56000   	7.47096   
20.57000   	7.55887   
20.58000   	7.57273   
20.59000   	7.51669   
20.60000   	7.39660   
20.61000   	7.22259   
20.62000   	7.00563   
20.63000   	6.75349   
20.64000   	6.47133   
20.65000   	6.16412   
20.66000   	5.83722   
20.67000   	5.49612   
20.68000   	5.14662   
20.69000   	4.79489   
20.70000   	4.44629   
20.71000   	4.10472   
20.72000   	3.77416   
20.73000   	3.45971   
20.74000   	3.16602   
20.75000   	2.89636   
20.76000   	2.65392   
20.77000   	2.44319   
20.78000   	2.27040   
20.79000   	2.14345   
20.80000   	2.07079   
20.81000   	2.05933   
20.82000   	2.11100   
20.83000   	2.22071   
20.84000   	2.37862   
20.85000   	2.57312   
20.86000   	2.79105   
20.87000   	3.01718   
20.88000   	3.23556   
20.89000   	3.43176   
20.90000   	3.59502   
20.91000   	3.71939   
20.92000   	3.80310   
20.93000   	3.84702   
20.94000   	3.85360   
20.95000   	3.82620   
20.96000   	3.76815   
20.97000   	3.68181   
20.98000   	3.56838   
20.99000   	3.42829   
21.00000   	3.26176   
21.01000   	3.06996   
21.02000   	2.85711   
21.03000   	2.63192   
21.04000   	2.40625   
21.05000   	2.19297   
21.06000   	2.00518   
21.07000   	1.85524   
21.08000   	1.75077   
21.09000   	1.69201   
21.10000   	1.67527   
21.11000   	1.69707   
21.12000   	1.75333   
21.13000   	1.83723   
21.14000   	1.93934   
21.15000   	2.04913   
21.16000   	2.15710   
21.17000   	2.25613   
21.18000   	2.34072   
21.19000   	2.40599   
21.20000   	2.44802   
21.21000   	2.46498   
21.22000   	2.45917   
21.23000   	2.43761   
21.24000   	2.40771   
21.25000   	2.37246   
21.26000   	2.33052   
21.27000   	2.27867   
21.28000   	2.21358   
21.29000   	2.13302   
21.30000   	2.03658   
21.31000   	1.92548   
21.32000   	1.80143   
21.33000   	1.66668   
21.34000   	1.52596   
21.35000   	1.38680   
21.36000   	1.25529   
21.37000   	1.13251   
21.38000   	1.01606   
21.39000   	0.90291   
21.40000   	0.78986   
21.41000   	0.67258   
21.42000   	0.54426   
21.43000   	0.39622   
21.44000   	0.22221   
21.45000   	0.02157   
21.46000   	-0.20375  
21.47000   	-0.45293  
21.48000   	-0.72558  
21.49000   	-1.01998  
21.50000   	-1.33392  
21.51000   	-1.66588  
21.52000   	-2.01441  
21.53000   	-2.37720  
21.54000   	-2.75190  
21.55000   	-3.13704  
21.56000   	-3.53142  
21.57000   	-3.93336  
21.58000   	-4.34158  
21.59000   	-4.75507  
21.60000   	-5.16908  
21.61000   	-5.57220  
21.62000   	-5.94966  
21.63000   	-6.28846  
21.64000   	-6.57944  
21.65000   	-6.81743  
21.66000   	-7.00108  
21.67000   	-7.13217  
21.68000   	-7.21465  
21.69000   	-7.25329  
21.70000   	-7.25217  
21.71000   	-7.21464  
21.72000   	-7.14596  
21.73000   	-7.05483  
21.74000   	-6.95093  
21.75000   	-6.84230  
21.76000   	-6.73630  
21.77000   	-6.64044  
21.78000   	-6.55934  
21.79000   	-6.49203  
21.80000   	-6.43353  
21.81000   	-6.37793  
21.82000   	-6.32083  
21.83000   	-6.25971  
21.84000   	-6.19083  
21.85000   	-6.10687  
21.86000   	-5.99978  
21.87000   	-5.86408  
21.88000   	-5.69631  
21.89000   	-5.49377  
21.90000   	-5.25572  
21.91000   	-4.98479  
21.92000   	-4.68690  
21.93000   	-4.37098  
21.94000   	-4.04935  
21.95000   	-3.73690  
21.96000   	-3.44901  
21.97000   	-3.19904  
21.98000   	-2.99541  
21.99000   	-2.83960  
22.00000   	-2.72683  
22.01000   	-2.64855  
22.02000   	-2.59523  
22.03000   	-2.55902  
22.04000   	-2.53458  
22.05000   	-2.51849  
22.06000   	-2.50842  
22.07000   	-2.50323  
22.08000   	-2.50361  
22.09000   	-2.51200  
22.10000   	-2.53172  
22.11000   	-2.56640  
22.12000   	-2.61935  
22.13000   	-2.69213  
22.14000   	-2.78257  
22.15000   	-2.88434  
22.16000   	-2.98918  
22.17000   	-3.08901  
22.18000   	-3.17499  
22.19000   	-3.23616  
22.20000   	-3.26024  
22.21000   	-3.23523  
22.22000   	-3.15023  
22.23000   	-2.99668  
22.24000   	-2.77167  
22.25000   	-2.48037  
22.26000   	-2.13392  
22.27000   	-1.74584  
22.28000   	-1.33046  
22.29000   	-0.90270  
22.30000   	-0.47864  
22.31000   	-0.07518  
22.32000   	0.29215   
22.33000   	0.61227   
22.34000   	0.88208   
22.35000   	1.10866   
22.36000   	1.30769   
22.37000   	1.49985   
22.38000   	1.70682   
22.39000   	1.94697   
22.40000   	2.23170   
22.41000   	2.56355   
22.42000   	2.93579   
22.43000   	3.33419   
22.44000   	3.74218   
22.45000   	4.14562   
22.46000   	4.53292   
22.47000   	4.89477   
22.48000   	5.22725   
22.49000   	5.53289   
22.50000   	5.81566   
22.51000   	6.07618   
22.52000   	6.31239   
22.53000   	6.52187   
22.54000   	6.70296   
22.55000   	6.85488   
22.56000   	6.97652   
22.57000   	7.06557   
22.58000   	7.12005   
22.59000   	7.13995   
22.60000   	7.12615   
22.61000   	7.07944   
22.62000   	7.00292   
22.63000   	6.90389   
22.64000   	6.79119   
22.65000   	6.67200   
22.66000   	6.55066   
22.67000   	6.42821   
22.68000   	6.30276   
22.69000   	6.17072   
22.70000   	6.02748   
22.71000   	5.86815   
22.72000   	5.68979   
22.73000   	5.49321   
22.74000   	5.28137   
22.75000   	5.05743   
22.76000   	4.82595   
22.77000   	4.59499   
22.78000   	4.37567   
22.79000   	4.17940   
22.80000   	4.01430   
22.81000   	3.88343   
22.82000   	3.78601   
22.83000   	3.71903   
22.84000   	3.67691   
22.85000   	3.65110   
22.86000   	3.63208   
22.87000   	3.61160   
22.88000   	3.58280   
22.89000   	3.53986   
22.90000   	3.47950   
22.91000   	3.40194   
22.92000   	3.30860   
22.93000   	3.20018   
22.94000   	3.07784   
22.95000   	2.94396   
22.96000   	2.79925   
22.97000   	2.64021   
22.98000   	2.46068   
22.99000   	2.25516   
23.00000   	2.02159   
23.01000   	1.76211   
23.02000   	1.48117   
23.03000   	1.18347   
23.04000   	0.87397   
23.05000   	0.55828   
23.06000   	0.24252   
23.07000   	-0.06706  
23.08000   	-0.36528  
23.09000   	-0.64895  
23.10000   	-0.91660  
23.11000   	-1.16773  
23.12000   	-1.40151  
23.13000   	-1.61589  
23.14000   	-1.80848  
23.15000   	-1.97711  
23.16000   	-2.11822  
23.17000   	-2.22572  
23.18000   	-2.29319  
23.19000   	-2.31618  
23.20000   	-2.29189  
23.21000   	-2.21794  
23.22000   	-2.09169  
23.23000   	-1.91004  
23.24000   	-1.67146  
23.25000   	-1.37877  
23.26000   	-1.03987  
23.27000   	-0.66581  
23.28000   	-0.26714  
23.29000   	0.14780   
23.30000   	0.56943   
23.31000   	0.98458   
23.32000   	1.38091   
23.33000   	1.75109   
23.34000   	2.09082   
23.35000   	2.39593   
23.36000   	2.66246   
23.37000   	2.88740   
23.38000   	3.06811   
23.39000   	3.20228   
23.40000   	3.28938   
23.41000   	3.33196   
23.42000   	3.33561   
23.43000   	3.30874   
23.44000   	3.26265   
23.45000   	3.21114   
23.46000   	3.16885   
23.47000   	3.14821   
23.48000   	3.15503   
23.49000   	3.18701   
23.50000   	3.23867   
23.51000   	3.30540   
23.52000   	3.38032   
23.53000   	3.45158   
23.54000   	3.50777   
23.55000   	3.54330   
23.56000   	3.55631   
23.57000   	3.54477   
23.58000   	3.50543   
23.59000   	3.43477   
23.60000   	3.33172   
23.61000   	3.19920   
23.62000   	3.04060   
23.63000   	2.85629   
23.64000   	2.64557   
23.65000   	2.40905   
23.66000   	2.14672   
23.67000   	1.85628   
23.68000   	1.53675   
23.69000   	1.19182   
23.70000   	0.82818   
23.71000   	0.45264   
23.72000   	0.07217   
23.73000   	-0.30485  
23.74000   	-0.66797  
23.75000   	-1.00547  
23.76000   	-1.30806  
23.77000   	-1.57120  
23.78000   	-1.79174  
23.79000   	-1.96511  
23.80000   	-2.08954  
23.81000   	-2.17062  
23.82000   	-2.21925  
23.83000   	-2.24746  
23.84000   	-2.26704  
23.85000   	-2.28890  
23.86000   	-2.32046  
23.87000   	-2.36337  
23.88000   	-2.41544  
23.89000   	-2.47304  
23.90000   	-2.53049  
23.91000   	-2.57901  
23.92000   	-2.60805  
23.93000   	-2.60820  
23.94000   	-2.57523  
23.95000   	-2.51181  
23.96000   	-2.42373  
23.97000   	-2.31696  
23.98000   	-2.20041  
23.99000   	-2.08738  
24.00000   	-1.98986  
24.01000   	-1.91343  
24.02000   	-1.85910  
24.03000   	-1.82537  
24.04000   	-1.80577  
24.05000   	-1.78669  
24.06000   	-1.74932  
24.07000   	-1.67424  
24.08000   	-1.54793  
24.09000   	-1.36753  
24.10000   	-1.13932  
24.11000   	-0.87340  
24.12000   	-0.57888  
24.13000   	-0.26213  
24.14000   	0.07057   
24.15000   	0.41093   
24.16000   	0.74978   
24.17000   	1.07880   
24.18000   	1.39091   
24.19000   	1.68099   
24.20000   	1.94812   
24.21000   	2.19659   
24.22000   	2.43322   
24.23000   	2.66364   
24.24000   	2.89069   
24.25000   	3.11366   
24.26000   	3.32741   
24.27000   	3.52240   
24.28000   	3.68742   
24.29000   	3.81288   
24.30000   	3.89222   
24.31000   	3.92248   
24.32000   	3.90485   
24.33000   	3.84454   
24.34000   	3.74981   
24.35000   	3.63053   
24.36000   	3.49615   
24.37000   	3.35423   
24.38000   	3.21127   
24.39000   	3.07325   
24.40000   	2.94277   
24.41000   	2.81685   
24.42000   	2.68941   
24.43000   	2.55466   
24.44000   	2.40828   
24.45000   	2.24793   
24.46000   	2.07323   
24.47000   	1.88509   
24.48000   	1.68528   
24.49000   	1.47716   
24.50000   	1.26733   
24.51000   	1.06551   
24.52000   	0.88083   
24.53000   	0.71858   
24.54000   	0.58115   
24.55000   	0.46981   
24.56000   	0.38386   
24.57000   	0.31917   
24.58000   	0.26863   
24.59000   	0.22399   
24.60000   	0.17809   
24.61000   	0.12698   
24.62000   	0.07076   
24.63000   	0.01259   
24.64000   	-0.04444  
24.65000   	-0.09987  
24.66000   	-0.15563  
24.67000   	-0.21407  
24.68000   	-0.27584  
24.69000   	-0.33963  
24.70000   	-0.40555  
24.71000   	-0.47719  
24.72000   	-0.55878  
24.73000   	-0.65137  
24.74000   	-0.75203  
24.75000   	-0.85525  
24.76000   	-0.95602  
24.77000   	-1.05194  
24.78000   	-1.14144  
24.79000   	-1.22098  
24.80000   	-1.28551  
24.81000   	-1.33064  
24.82000   	-1.35395  
24.83000   	-1.35515  
24.84000   	-1.33526  
24.85000   	-1.29641  
24.86000   	-1.24213  
24.87000   	-1.17710  
24.88000   	-1.10628  
24.89000   	-1.03476  
24.90000   	-0.96811  
24.91000   	-0.91188  
24.92000   	-0.87070  
24.93000   	-0.84757  
24.94000   	-0.84337  
24.95000   	-0.85624  
24.96000   	-0.88135  
24.97000   	-0.91144  
24.98000   	-0.93958  
24.99000   	-0.96110  
25.00000   	-0.97142  
25.01000   	-0.96381  
25.02000   	-0.93148  
25.03000   	-0.87123  
25.04000   	-0.78529  
25.05000   	-0.67993  
25.06000   	-0.56012  
25.07000   	-0.42630  
25.08000   	-0.27886  
25.09000   	-0.12259  
25.10000   	0.03596   
25.11000   	0.19243   
25.12000   	0.34425   
25.13000   	0.48881   
25.14000   	0.62426   
25.15000   	0.75061   
25.16000   	0.86845   
25.17000   	0.97681   
25.18000   	1.07315   
25.19000   	1.15505   
25.20000   	1.22262   
25.21000   	1.27890   
25.22000   	1.32625   
25.23000   	1.36330   
25.24000   	1.38787   
25.25000   	1.40102   
25.26000   	1.40654   
25.27000   	1.40832   
25.28000   	1.40870   
25.29000   	1.40823   
25.30000   	1.40709   
25.31000   	1.40596   
25.32000   	1.40432   
25.33000   	1.39855   
25.34000   	1.38290   
25.35000   	1.35164   
25.36000   	1.30013   
25.37000   	1.22523   
25.38000   	1.12633   
25.39000   	1.00639   
25.40000   	0.87123   
25.41000   	0.72738   
25.42000   	0.58034   
25.43000   	0.43407   
25.44000   	0.29167   
25.45000   	0.15580   
25.46000   	0.02834   
25.47000   	-0.08983  
25.48000   	-0.19811  
25.49000   	-0.29555  
25.50000   	-0.38163  
25.51000   	-0.45787  
25.52000   	-0.52825  
25.53000   	-0.59770  
25.54000   	-0.66833  
25.55000   	-0.73750  
25.56000   	-0.80050  
25.57000   	-0.85450  
25.58000   	-0.89987  
25.59000   	-0.93898  
25.60000   	-0.97274  
25.61000   	-0.99869  
25.62000   	-1.01494  
25.63000   	-1.02480  
25.64000   	-1.03587  
25.65000   	-1.05656  
25.66000   	-1.09416  
25.67000   	-1.15418  
25.68000   	-1.23962  
25.69000   	-1.35063  
25.70000   	-1.48538  
25.71000   	-1.64120  
25.72000   	-1.81434  
25.73000   	-1.99917  
25.74000   	-2.18883  
25.75000   	-2.37651  
25.76000   	-2.55586  
25.77000   	-2.72091  
25.78000   	-2.86689  
25.79000   	-2.99175  
25.80000   	-3.09744  
25.81000   	-3.18926  
25.82000   	-3.27287  
25.83000   	-3.35176  
25.84000   	-3.42748  
25.85000   	-3.50005  
25.86000   	-3.56678  
25.87000   	-3.62203  
25.88000   	-3.65980  
25.89000   	-3.67657  
25.90000   	-3.67269  
25.91000   	-3.65200  
25.92000   	-3.61998  
25.93000   	-3.58173  
25.94000   	-3.54176  
25.95000   	-3.50386  
25.96000   	-3.47017  
25.97000   	-3.44031  
25.98000   	-3.41078  
25.99000   	-3.37470  
26.00000   	-3.32364  
26.01000   	-3.25011  
26.02000   	-3.14818  
26.03000   	-3.01314  
26.04000   	-2.84278  
26.05000   	-2.63844  
26.06000   	-2.40314  
26.07000   	-2.13959  
26.08000   	-1.85255  
26.09000   	-1.55186  
26.10000   	-1.25163  
26.11000   	-0.96657  
26.12000   	-0.70792  
26.13000   	-0.48127  
26.14000   	-0.28763  
26.15000   	-0.12559  
26.16000   	0.00774   
26.17000   	0.11633   
26.18000   	0.20466   
26.19000   	0.27702   
26.20000   	0.33652   
26.21000   	0.38443   
26.22000   	0.41968   
26.23000   	0.43894   
26.24000   	0.43893   
26.25000   	0.41854   
26.26000   	0.37787   
26.27000   	0.31687   
26.28000   	0.23706   
26.29000   	0.14330   
26.30000   	0.04176   
26.31000   	-0.06249  
26.32000   	-0.16402  
26.33000   	-0.25491  
26.34000   	-0.32575  
26.35000   	-0.36871  
26.36000   	-0.38112  
26.37000   	-0.36623  
26.38000   	-0.32922  
26.39000   	-0.27385  
26.40000   	-0.20370  
26.41000   	-0.12355  
26.42000   	-0.03720  
26.43000   	0.05446   
26.44000   	0.15207   
26.45000   	0.25532   
26.46000   	0.36186   
26.47000   	0.46743   
26.48000   	0.56758   
26.49000   	0.65916   
26.50000   	0.73906   
26.51000   	0.80312   
26.52000   	0.84911   
26.53000   	0.87951   
26.54000   	0.89899   
26.55000   	0.91068   
26.56000   	0.91579   
26.57000   	0.91516   
26.58000   	0.91078   
26.59000   	0.90597   
26.60000   	0.90303   
26.61000   	0.90119   
26.62000   	0.89671   
26.63000   	0.88419   
26.64000   	0.85825   
26.65000   	0.81518   
26.66000   	0.75376   
26.67000   	0.67496   
26.68000   	0.58078   
26.69000   	0.47363   
26.70000   	0.35730   
26.71000   	0.23723   
26.72000   	0.11906   
26.73000   	0.00714   
26.74000   	-0.09582  
26.75000   	-0.18858  
26.76000   	-0.27111  
26.77000   	-0.34344  
26.78000   	-0.40362  
26.79000   	-0.44701  
26.80000   	-0.46830  
26.81000   	-0.46416  
26.82000   	-0.43442  
26.83000   	-0.38140  
26.84000   	-0.30711  
26.85000   	-0.21143  
26.86000   	-0.09479  
26.87000   	0.03900   
26.88000   	0.18510   
26.89000   	0.34073   
26.90000   	0.50414   
26.91000   	0.67223   
26.92000   	0.84076   
26.93000   	1.00648   
26.94000   	1.16927   
26.95000   	1.33192   
26.96000   	1.49603   
26.97000   	1.65934   
26.98000   	1.81889   
26.99000   	1.97433   
27.00000   	2.12691   
27.01000   	2.27705   
27.02000   	2.42420   
27.03000   	2.56778   
27.04000   	2.70764   
27.05000   	2.84354   
27.06000   	2.97405   
27.07000   	3.09604   
27.08000   	3.20583   
27.09000   	3.30081   
27.10000   	3.38092   
27.11000   	3.44880   
27.12000   	3.50728   
27.13000   	3.55779   
27.14000   	3.60312   
27.15000   	3.64887   
27.16000   	3.69901   
27.17000   	3.75136   
27.18000   	3.79874   
27.19000   	3.83258   
27.20000   	3.84584   
27.21000   	3.83461   
27.22000   	3.79795   
27.23000   	3.73694   
27.24000   	3.65457   
27.25000   	3.55634   
27.26000   	3.44998   
27.27000   	3.34389   
27.28000   	3.24546   
27.29000   	3.15942   
27.30000   	3.08610   
27.31000   	3.02075   
27.32000   	2.95587   
27.33000   	2.88444   
27.34000   	2.80173   
27.35000   	2.70560   
27.36000   	2.59530   
27.37000   	2.47008   
27.38000   	2.32939   
27.39000   	2.17389   
27.40000   	2.00596   
27.41000   	1.82870   
27.42000   	1.64267   
27.43000   	1.44496   
27.44000   	1.23399   
27.45000   	1.01332   
27.46000   	0.78825   
27.47000   	0.56228   
27.48000   	0.33933   
27.49000   	0.12563   
27.50000   	-0.07399  
27.51000   	-0.26000  
27.52000   	-0.43742  
27.53000   	-0.61285  
27.54000   	-0.79112  
27.55000   	-0.97351  
27.56000   	-1.15901  
27.57000   	-1.34609  
27.58000   	-1.53263  
27.59000   	-1.71552  
27.60000   	-1.89087  
27.61000   	-2.05436  
27.62000   	-2.20148  
27.63000   	-2.32827  
27.64000   	-2.43294  
27.65000   	-2.51618  
27.66000   	-2.57814  
27.67000   	-2.61642  
27.68000   	-2.62906  
27.69000   	-2.61769  
27.70000   	-2.58622  
27.71000   	-2.53856  
27.72000   	-2.47864  
27.73000   	-2.41046  
27.74000   	-2.33580  
27.75000   	-2.25319  
27.76000   	-2.16159  
27.77000   	-2.06327  
27.78000   	-1.96036  
27.79000   	-1.85165  
27.80000   	-1.73590  
27.81000   	-1.61535  
27.82000   	-1.49346  
27.83000   	-1.37141  
27.84000   	-1.24707  
27.85000   	-1.11601  
27.86000   	-0.97474  
27.87000   	-0.82282  
27.88000   	-0.66072  
27.89000   	-0.48721  
27.90000   	-0.30110  
27.91000   	-0.10405  
27.92000   	0.09937   
27.93000   	0.30316   
27.94000   	0.50110   
27.95000   	0.68710   
27.96000   	0.85456   
27.97000   	0.99650   
27.98000   	1.10735   
27.99000   	1.18499   
28.00000   	1.23151   
28.01000   	1.25226   
28.02000   	1.25105   
28.03000   	1.22725   
28.04000   	1.18121   
28.05000   	1.12000   
28.06000   	1.05401   
28.07000   	0.99131   
28.08000   	0.93699   
28.09000   	0.89405   
28.10000   	0.86164   
28.11000   	0.83386   
28.12000   	0.80369   
28.13000   	0.76682   
28.14000   	0.71965   
28.15000   	0.65677   
28.16000   	0.57263   
28.17000   	0.46411   
28.18000   	0.33098   
28.19000   	0.17512   
28.20000   	-0.00093  
28.21000   	-0.19458  
28.22000   	-0.40157  
28.23000   	-0.61488  
28.24000   	-0.82652  
28.25000   	-1.02960  
28.26000   	-1.21786  
28.27000   	-1.38562  
28.28000   	-1.53049  
28.29000   	-1.65514  
28.30000   	-1.76407  
28.31000   	-1.86026  
28.32000   	-1.94603  
28.33000   	-2.02432  
28.34000   	-2.09672  
28.35000   	-2.16181  
28.36000   	-2.21745  
28.37000   	-2.26357  
28.38000   	-2.30301  
28.39000   	-2.34045  
28.40000   	-2.37962  
28.41000   	-2.42076  
28.42000   	-2.46087  
28.43000   	-2.49503  
28.44000   	-2.51821  
28.45000   	-2.52653  
28.46000   	-2.51569  
28.47000   	-2.47918  
28.48000   	-2.41049  
28.49000   	-2.30621  
28.50000   	-2.16575  
28.51000   	-1.98998  
28.52000   	-1.78181  
28.53000   	-1.54710  
28.54000   	-1.29357  
28.55000   	-1.02880  
28.56000   	-0.75824  
28.57000   	-0.48499  
28.58000   	-0.21323  
28.59000   	0.04973   
28.60000   	0.29717   
28.61000   	0.52621   
28.62000   	0.73499   
28.63000   	0.91882   
28.64000   	1.07082   
28.65000   	1.18518   
28.66000   	1.26012   
28.67000   	1.29817   
28.68000   	1.30313   
28.69000   	1.27785   
28.70000   	1.22535   
28.71000   	1.15035   
28.72000   	1.05900   
28.73000   	0.95875   
28.74000   	0.85889   
28.75000   	0.77030   
28.76000   	0.70375   
28.77000   	0.66782   
28.78000   	0.66744   
28.79000   	0.70360   
28.80000   	0.77515   
28.81000   	0.88055   
28.82000   	1.01743   
28.83000   	1.18142   
28.84000   	1.36511   
28.85000   	1.55821   
28.86000   	1.74930   
28.87000   	1.92794   
28.88000   	2.08632   
28.89000   	2.22028   
28.90000   	2.32853   
28.91000   	2.41168   
28.92000   	2.47198   
28.93000   	2.51298   
28.94000   	2.53854   
28.95000   	2.55212   
28.96000   	2.55677   
28.97000   	2.55476   
28.98000   	2.54642   
28.99000   	2.53015   
29.00000   	2.50474   
29.01000   	2.47040   
29.02000   	2.42665   
29.03000   	2.37076   
29.04000   	2.29899   
29.05000   	2.20877   
29.06000   	2.10165   
29.07000   	1.98460   
29.08000   	1.86672   
29.09000   	1.75514   
29.10000   	1.65406   
29.11000   	1.56493   
29.12000   	1.48556   
29.13000   	1.41065   
29.14000   	1.33619   
29.15000   	1.26235   
29.16000   	1.18981   
29.17000   	1.11569   
29.18000   	1.03506   
29.19000   	0.94415   
29.20000   	0.84167   
29.21000   	0.72796   
29.22000   	0.60224   
29.23000   	0.46144   
29.24000   	0.30402   
29.25000   	0.13347   
29.26000   	-0.04421  
29.27000   	-0.22400  
29.28000   	-0.40158  
29.29000   	-0.57226  
29.30000   	-0.73234  
29.31000   	-0.88095  
29.32000   	-1.01995  
29.33000   	-1.15232  
29.34000   	-1.28026  
29.35000   	-1.40390  
29.36000   	-1.52185  
29.37000   	-1.63254  
29.38000   	-1.73544  
29.39000   	-1.83112  
29.40000   	-1.91917  
29.41000   	-1.99679  
29.42000   	-2.06037  
29.43000   	-2.10832  
29.44000   	-2.14264  
29.45000   	-2.16812  
29.46000   	-2.18942  
29.47000   	-2.20904  
29.48000   	-2.22793  
29.49000   	-2.24622  
29.50000   	-2.26269  
29.51000   	-2.27536  
29.52000   	-2.28421  
29.53000   	-2.29214  
29.54000   	-2.30062  
29.55000   	-2.30613  
29.56000   	-2.30401  
29.57000   	-2.29308  
29.58000   	-2.27447  
29.59000   	-2.24883  
29.60000   	-2.21641  
29.61000   	-2.17834  
29.62000   	-2.13755  
29.63000   	-2.09838  
29.64000   	-2.06291  
29.65000   	-2.02868  
29.66000   	-1.99313  
29.67000   	-1.95819  
29.68000   	-1.92797  
29.69000   	-1.90455  
29.70000   	-1.88719  
29.71000   	-1.87371  
29.72000   	-1.86199  
29.73000   	-1.84988  
29.74000   	-1.83204  
29.75000   	-1.79890  
29.76000   	-1.74292  
29.77000   	-1.66432  
29.78000   	-1.56816  
29.79000   	-1.45898  
29.80000   	-1.34038  
29.81000   	-1.21662  
29.82000   	-1.09349  
29.83000   	-0.97813  
29.84000   	-0.87802  
29.85000   	-0.79986  
29.86000   	-0.74817  
29.87000   	-0.72356  
29.88000   	-0.72183  
29.89000   	-0.73550  
29.90000   	-0.75805  
29.91000   	-0.78630  
29.92000   	-0.81775  
29.93000   	-0.84767  
29.94000   	-0.87040  
29.95000   	-0.88203  
29.96000   	-0.88119  
29.97000   	-0.86882  
29.98000   	-0.84857  
29.99000   	-0.82613  
30.00000   	-0.80533  
30.01000   	-0.78582  
30.02000   	-0.76760  
30.03000   	-0.75516  
30.04000   	-0.75372  
30.05000   	-0.76401  
30.06000   	-0.78309  
30.07000   	-0.80772  
30.08000   	-0.83691  
30.09000   	-0.87250  
30.10000   	-0.91689  
30.11000   	-0.97046  
30.12000   	-1.03187  
30.13000   	-1.09844  
30.14000   	-1.16387  
30.15000   	-1.21818  
30.16000   	-1.25506  
30.17000   	-1.27688  
30.18000   	-1.28832  
30.19000   	-1.28937  
30.20000   	-1.27746  
30.21000   	-1.25226  
30.22000   	-1.21706  
30.23000   	-1.17800  
30.24000   	-1.14184  
30.25000   	-1.11398  
30.26000   	-1.09906  
30.27000   	-1.10141  
30.28000   	-1.12156  
30.29000   	-1.15433  
30.30000   	-1.19403  
30.31000   	-1.23896  
30.32000   	-1.28764  
30.33000   	-1.33475  
30.34000   	-1.37342  
30.35000   	-1.39893  
30.36000   	-1.40911  
30.37000   	-1.40349  
30.38000   	-1.38242  
30.39000   	-1.34688  
30.40000   	-1.29888  
30.41000   	-1.24168  
30.42000   	-1.17872  
30.43000   	-1.11283  
30.44000   	-1.04750  
30.45000   	-0.98785  
30.46000   	-0.93796  
30.47000   	-0.89873  
30.48000   	-0.87077  
30.49000   	-0.85728  
30.50000   	-0.86105  
30.51000   	-0.88116  
30.52000   	-0.91552  
30.53000   	-0.96438  
30.54000   	-1.02883  
30.55000   	-1.10769  
30.56000   	-1.19701  
30.57000   	-1.29204  
30.58000   	-1.39098  
30.59000   	-1.49565  
30.60000   	-1.60548  
30.61000   	-1.71340  
30.62000   	-1.81169  
30.63000   	-1.89809  
30.64000   	-1.97351  
30.65000   	-2.03743  
30.66000   	-2.08712  
30.67000   	-2.11911  
30.68000   	-2.13164  
30.69000   	-2.12583  
30.70000   	-2.10338  
30.71000   	-2.06451  
30.72000   	-2.00914  
30.73000   	-1.93780  
30.74000   	-1.85021  
30.75000   	-1.74453  
30.76000   	-1.61957  
30.77000   	-1.47672  
30.78000   	-1.32004  
30.79000   	-1.15528  
30.80000   	-0.98766  
30.81000   	-0.82009  
30.82000   	-0.65424  
30.83000   	-0.49231  
30.84000   	-0.33704  
30.85000   	-0.19014  
30.86000   	-0.05018  
30.87000   	0.08765   
30.88000   	0.22780   
30.89000   	0.37167   
30.90000   	0.52001   
30.91000   	0.67483   
30.92000   	0.83585   
30.93000   	0.99774   
30.94000   	1.15386   
30.95000   	1.30059   
30.96000   	1.43687   
30.97000   	1.56211   
30.98000   	1.67476   
30.99000   	1.77248   
31.00000   	1.85543   
31.01000   	1.92831   
31.02000   	1.99537   
31.03000   	2.05573   
31.04000   	2.10753   
31.05000   	2.15302   
31.06000   	2.19594   
31.07000   	2.23731   
31.08000   	2.27611   
31.09000   	2.31095   
31.10000   	2.33916   
31.11000   	2.35630   
31.12000   	2.35872   
31.13000   	2.34645   
31.14000   	2.32234   
31.15000   	2.28980   
31.16000   	2.25146   
31.17000   	2.20916   
31.18000   	2.16519   
31.19000   	2.12269   
31.20000   	2.08337   
31.21000   	2.04606   
31.22000   	2.00948   
31.23000   	1.97465   
31.24000   	1.94273   
31.25000   	1.91238   
31.26000   	1.88045   
31.27000   	1.84399   
31.28000   	1.80166   
31.29000   	1.75424   
31.30000   	1.70308   
31.31000   	1.64858   
31.32000   	1.59007   
31.33000   	1.52673   
31.34000   	1.45900   
31.35000   	1.38896   
31.36000   	1.31818   
31.37000   	1.24628   
31.38000   	1.17245   
31.39000   	1.09711   
31.40000   	1.02178   
31.41000   	0.94861   
31.42000   	0.88035   
31.43000   	0.82013   
31.44000   	0.77148   
31.45000   	0.73784   
31.46000   	0.72013   
31.47000   	0.71577   
31.48000   	0.72314   
31.49000   	0.74487   
31.50000   	0.78320   
31.51000   	0.83464   
31.52000   	0.89186   
31.53000   	0.94790   
31.54000   	0.99790   
31.55000   	1.03885   
31.56000   	1.06811   
31.57000   	1.08320   
31.58000   	1.08449   
31.59000   	1.07674   
31.60000   	1.06617   
31.61000   	1.05758   
31.62000   	1.05524   
31.63000   	1.06389   
31.64000   	1.08706   
31.65000   	1.12542   
31.66000   	1.17688   
31.67000   	1.23738   
31.68000   	1.30162   
31.69000   	1.36441   
31.70000   	1.42242   
31.71000   	1.47507   
31.72000   	1.52360   
31.73000   	1.57035   
31.74000   	1.61903   
31.75000   	1.67332   
31.76000   	1.73251   
31.77000   	1.79019   
31.78000   	1.84024   
31.79000   	1.88167   
31.80000   	1.91535   
31.81000   	1.93974   
31.82000   	1.95143   
31.83000   	1.94812   
31.84000   	1.93134   
31.85000   	1.90616   
31.86000   	1.87579   
31.87000   	1.83850   
31.88000   	1.79340   
31.89000   	1.74470   
31.90000   	1.69560   
31.91000   	1.64278   
31.92000   	1.58116   
31.93000   	1.51034   
31.94000   	1.43410   
31.95000   	1.35716   
31.96000   	1.28373   
31.97000   	1.21728   
31.98000   	1.15996   
31.99000   	1.11240   
32.00000   	1.07574   
32.01000   	1.05244   
32.02000   	1.04207   
32.03000   	1.03877   
32.04000   	1.03640   
32.05000   	1.03339   
32.06000   	1.02935   
32.07000   	1.02099   
32.08000   	1.00474   
32.09000   	0.98044   
32.10000   	0.95036   
32.11000   	0.91645   
32.12000   	0.87889   
32.13000   	0.83668   
32.14000   	0.79062   
32.15000   	0.74491   
32.16000   	0.70338   
32.17000   	0.66575   
32.18000   	0.62983   
32.19000   	0.59462   
32.20000   	0.55965   
32.21000   	0.52350   
32.22000   	0.48365   
32.23000   	0.43677   
32.24000   	0.37888   
32.25000   	0.30739   
32.26000   	0.22652   
32.27000   	0.14820   
32.28000   	0.08116   
32.29000   	0.02265   
32.30000   	-0.03325  
32.31000   	-0.08625  
32.32000   	-0.13402  
32.33000   	-0.17818  
32.34000   	-0.22088  
32.35000   	-0.26109  
32.36000   	-0.29826  
32.37000   	-0.33603  
32.38000   	-0.37970  
32.39000   	-0.43279  
32.40000   	-0.49679  
32.41000   	-0.57229  
32.42000   	-0.66062  
32.43000   	-0.76437  
32.44000   	-0.88487  
32.45000   	-1.02038  
32.46000   	-1.16836  
32.47000   	-1.32747  
32.48000   	-1.49496  
32.49000   	-1.66459  
32.50000   	-1.82970  
32.51000   	-1.98667  
32.52000   	-2.13376  
32.53000   	-2.26922  
32.54000   	-2.39284  
32.55000   	-2.50744  
32.56000   	-2.61817  
32.57000   	-2.73106  
32.58000   	-2.85138  
32.59000   	-2.98201  
32.60000   	-3.12210  
32.61000   	-3.26776  
32.62000   	-3.41627  
32.63000   	-3.56820  
32.64000   	-3.72180  
32.65000   	-3.86820  
32.66000   	-3.99631  
32.67000   	-4.09967  
32.68000   	-4.17701  
32.69000   	-4.22981  
32.70000   	-4.25944  
32.71000   	-4.26566  
32.72000   	-4.24848  
32.73000   	-4.20994  
32.74000   	-4.15132  
32.75000   	-4.07108  
32.76000   	-3.96915  
32.77000   	-3.85072  
32.78000   	-3.72175  
32.79000   	-3.58351  
32.80000   	-3.43374  
32.81000   	-3.27043  
32.82000   	-3.09384  
32.83000   	-2.90652  
32.84000   	-2.71118  
32.85000   	-2.50899  
32.86000   	-2.29994  
32.87000   	-2.08410  
32.88000   	-1.86241  
32.89000   	-1.63711  
32.90000   	-1.41128  
32.91000   	-1.18773  
32.92000   	-0.96837  
32.93000   	-0.75433  
32.94000   	-0.54624  
32.95000   	-0.34443  
32.96000   	-0.14982  
32.97000   	0.03625   
32.98000   	0.21402   
32.99000   	0.38616   
33.00000   	0.55405   
33.01000   	0.71495   
33.02000   	0.86451   
33.03000   	1.00021   
33.04000   	1.12144   
33.05000   	1.22810   
33.06000   	1.32022   
33.07000   	1.39817   
33.08000   	1.46310   
33.09000   	1.51679   
33.10000   	1.56057   
33.11000   	1.59470   
33.12000   	1.61899   
33.13000   	1.63368   
33.14000   	1.64028   
33.15000   	1.64128   
33.16000   	1.63814   
33.17000   	1.62979   
33.18000   	1.61361   
33.19000   	1.58772   
33.20000   	1.55343   
33.21000   	1.51507   
33.22000   	1.47514   
33.23000   	1.43149   
33.24000   	1.38207   
33.25000   	1.32868   
33.26000   	1.27263   
33.27000   	1.21093   
33.28000   	1.14107   
33.29000   	1.06570   
33.30000   	0.98948   
33.31000   	0.91474   
33.32000   	0.84277   
33.33000   	0.77620   
33.34000   	0.71810   
33.35000   	0.67013   
33.36000   	0.63249   
33.37000   	0.60422   
33.38000   	0.58307   
33.39000   	0.56568   
33.40000   	0.54889   
33.41000   	0.53111   
33.42000   	0.51245   
33.43000   	0.49369   
33.44000   	0.47513   
33.45000   	0.45637   
33.46000   	0.43756   
33.47000   	0.42010   
33.48000   	0.40564   
33.49000   	0.39511   
33.50000   	0.38963   
33.51000   	0.39143   
33.52000   	0.40191   
33.53000   	0.41960   
33.54000   	0.44130   
33.55000   	0.46438   
33.56000   	0.48646   
33.57000   	0.50500   
33.58000   	0.51876   
33.59000   	0.52824   
33.60000   	0.53281   
33.61000   	0.52938   
33.62000   	0.51591   
33.63000   	0.49374   
33.64000   	0.46421   
33.65000   	0.42634   
33.66000   	0.38009   
33.67000   	0.32894   
33.68000   	0.27767   
33.69000   	0.22976   
33.70000   	0.18751   
33.71000   	0.15292   
33.72000   	0.12799   
33.73000   	0.11442   
33.74000   	0.11297   
33.75000   	0.12292   
33.76000   	0.14199   
33.77000   	0.16669   
33.78000   	0.19248   
33.79000   	0.21421   
33.80000   	0.22814   
33.81000   	0.23351   
33.82000   	0.23087   
33.83000   	0.22011   
33.84000   	0.20111   
33.85000   	0.17512   
33.86000   	0.14456   
33.87000   	0.11198   
33.88000   	0.07892   
33.89000   	0.04560   
33.90000   	0.01193   
33.91000   	-0.02176  
33.92000   	-0.05512  
33.93000   	-0.08763  
33.94000   	-0.11755  
33.95000   	-0.14207  
33.96000   	-0.15928  
33.97000   	-0.16965  
33.98000   	-0.17564  
33.99000   	-0.18045  
34.00000   	-0.18580  
34.01000   	-0.19068  
34.02000   	-0.19394  
34.03000   	-0.19646  
34.04000   	-0.19894  
34.05000   	-0.19935  
34.06000   	-0.19433  
34.07000   	-0.18175  
34.08000   	-0.16180  
34.09000   	-0.13677  
34.10000   	-0.10856  
34.11000   	-0.07708  
34.12000   	-0.04383  
34.13000   	-0.01441  
34.14000   	0.00750   
34.15000   	0.02591   
34.16000   	0.04868   
34.17000   	0.08048   
34.18000   	0.12014   
34.19000   	0.16293   
34.20000   	0.20780   
34.21000   	0.26110   
34.22000   	0.32841   
34.23000   	0.40709   
34.24000   	0.49170   
34.25000   	0.58116   
34.26000   	0.67716   
34.27000   	0.78002   
34.28000   	0.88746   
34.29000   	0.99483   
34.30000   	1.09757   
34.31000   	1.19349   
34.32000   	1.28125   
34.33000   	1.35810   
34.34000   	1.42181   
34.35000   	1.47274   
34.36000   	1.51173   
34.37000   	1.53777   
34.38000   	1.55049   
34.39000   	1.55250   
34.40000   	1.54708   
34.41000   	1.53523   
34.42000   	1.51628   
34.43000   	1.48998   
34.44000   	1.45700   
34.45000   	1.41811   
34.46000   	1.37359   
34.47000   	1.32384   
34.48000   	1.27101   
34.49000   	1.21910   
34.50000   	1.17155   
34.51000   	1.12948   
34.52000   	1.09334   
34.53000   	1.06421   
34.54000   	1.04131   
34.55000   	1.02030   
34.56000   	0.99702   
34.57000   	0.97053   
34.58000   	0.93939   
34.59000   	0.89825   
34.60000   	0.84162   
34.61000   	0.76856   
34.62000   	0.68180   
34.63000   	0.58444   
34.64000   	0.47797   
34.65000   	0.36249   
34.66000   	0.24001   
34.67000   	0.11625   
34.68000   	-0.00336  
34.69000   	-0.11787  
34.70000   	-0.22936  
34.71000   	-0.33949  
34.72000   	-0.44822  
34.73000   	-0.55438  
34.74000   	-0.65723  
34.75000   	-0.75707  
34.76000   	-0.85327  
34.77000   	-0.94346  
34.78000   	-1.02622  
34.79000   	-1.10269  
34.80000   	-1.17294  
34.81000   	-1.23318  
34.82000   	-1.27934  
34.83000   	-1.31103  
34.84000   	-1.33054  
34.85000   	-1.34075  
34.86000   	-1.34541  
34.87000   	-1.34935  
34.88000   	-1.35656  
34.89000   	-1.36830  
34.90000   	-1.38347  
34.91000   	-1.40036  
34.92000   	-1.41883  
34.93000   	-1.44048  
34.94000   	-1.46493  
34.95000   	-1.48744  
34.96000   	-1.50317  
34.97000   	-1.51149  
34.98000   	-1.51398  
34.99000   	-1.51090  
35.00000   	-1.50076  
35.01000   	-1.48145  
35.02000   	-1.45204  
35.03000   	-1.41408  
35.04000   	-1.37079  
35.05000   	-1.32514  
35.06000   	-1.27832  
35.07000   	-1.22944  
35.08000   	-1.17796  
35.09000   	-1.12597  
35.10000   	-1.07608  
35.11000   	-1.02857  
35.12000   	-0.98294  
35.13000   	-0.93988  
35.14000   	-0.89818  
35.15000   	-0.85217  
35.16000   	-0.79719  
35.17000   	-0.73561  
35.18000   	-0.67443  
35.19000   	-0.62005  
35.20000   	-0.57663  
35.21000   	-0.54649  
35.22000   	-0.53012  
35.23000   	-0.52623  
35.24000   	-0.53267  
35.25000   	-0.54736  
35.26000   	-0.56871  
35.27000   	-0.59528  
35.28000   	-0.62433  
35.29000   	-0.65166  
35.30000   	-0.67489  
35.31000   	-0.69579  
35.32000   	-0.71700  
35.33000   	-0.73784  
35.34000   	-0.75472  
35.35000   	-0.76407  
35.36000   	-0.76531  
35.37000   	-0.76232  
35.38000   	-0.76155  
35.39000   	-0.76816  
35.40000   	-0.78207  
35.41000   	-0.79805  
35.42000   	-0.81306  
35.43000   	-0.83061  
35.44000   	-0.85370  
35.45000   	-0.87807  
35.46000   	-0.89629  
35.47000   	-0.90318  
35.48000   	-0.89516  
35.49000   	-0.86843  
35.50000   	-0.81926  
35.51000   	-0.74519  
35.52000   	-0.64695  
35.53000   	-0.52896  
35.54000   	-0.39568  
35.55000   	-0.24904  
35.56000   	-0.09226  
35.57000   	0.06668   
35.58000   	0.21892   
35.59000   	0.35969   
35.60000   	0.48742   
35.61000   	0.60082   
35.62000   	0.69926   
35.63000   	0.78443   
35.64000   	0.85997   
35.65000   	0.92984   
35.66000   	0.99622   
35.67000   	1.05862   
35.68000   	1.11613   
35.69000   	1.16968   
35.70000   	1.21965   
35.71000   	1.26342   
35.72000   	1.29814   
35.73000   	1.32390   
35.74000   	1.34151   
35.75000   	1.34910   
35.76000   	1.34255   
35.77000   	1.31807   
35.78000   	1.27510   
35.79000   	1.21710   
35.80000   	1.14876   
35.81000   	1.07340   
35.82000   	0.99363   
35.83000   	0.91247   
35.84000   	0.83347   
35.85000   	0.76035   
35.86000   	0.69582   
35.87000   	0.64065   
35.88000   	0.59363   
35.89000   	0.55213   
35.90000   	0.51323   
35.91000   	0.47514   
35.92000   	0.43738   
35.93000   	0.40006   
35.94000   	0.36288   
35.95000   	0.32524   
35.96000   	0.28729   
35.97000   	0.25062   
35.98000   	0.21806   
35.99000   	0.19293   
36.00000   	0.17654   
36.01000   	0.16629   
36.02000   	0.15739   
36.03000   	0.14626   
36.04000   	0.13187   
36.05000   	0.11520   
36.06000   	0.09810   
36.07000   	0.08290   
36.08000   	0.07195   
36.09000   	0.06684   
36.10000   	0.06834   
36.11000   	0.07700   
36.12000   	0.09354   
36.13000   	0.11905   
36.14000   	0.15537   
36.15000   	0.20410   
36.16000   	0.26405   
36.17000   	0.33060   
36.18000   	0.40043   
36.19000   	0.47479   
36.20000   	0.55583   
36.21000   	0.64272   
36.22000   	0.73375   
36.23000   	0.82900   
36.24000   	0.92950   
36.25000   	1.03551   
36.26000   	1.14580   
36.27000   	1.25766   
36.28000   	1.36750   
36.29000   	1.47140   
36.30000   	1.56497   
36.31000   	1.64404   
36.32000   	1.70684   
36.33000   	1.75470   
36.34000   	1.79013   
36.35000   	1.81477   
36.36000   	1.82970   
36.37000   	1.83583   
36.38000   	1.83254   
36.39000   	1.81758   
36.40000   	1.79113   
36.41000   	1.75813   
36.42000   	1.72315   
36.43000   	1.68562   
36.44000   	1.64296   
36.45000   	1.59510   
36.46000   	1.54432   
36.47000   	1.49312   
36.48000   	1.44211   
36.49000   	1.38982   
36.50000   	1.33556   
36.51000   	1.28128   
36.52000   	1.22870   
36.53000   	1.17662   
36.54000   	1.12254   
36.55000   	1.06487   
36.56000   	1.00272   
36.57000   	0.93493   
36.58000   	0.85995   
36.59000   	0.77658   
36.60000   	0.68569   
36.61000   	0.59134   
36.62000   	0.49957   
36.63000   	0.41617   
36.64000   	0.34534   
36.65000   	0.28907   
36.66000   	0.24781   
36.67000   	0.22147   
36.68000   	0.20897   
36.69000   	0.20722   
36.70000   	0.21170   
36.71000   	0.21779   
36.72000   	0.22183   
36.73000   	0.22165   
36.74000   	0.21619   
36.75000   	0.20482   
36.76000   	0.18781   
36.77000   	0.16713   
36.78000   	0.14513   
36.79000   	0.12316   
36.80000   	0.10277   
36.81000   	0.08717   
36.82000   	0.07900   
36.83000   	0.07771   
36.84000   	0.07988   
36.85000   	0.08107   
36.86000   	0.07820   
36.87000   	0.07070   
36.88000   	0.05819   
36.89000   	0.03814   
36.90000   	0.00826   
36.91000   	-0.03097  
36.92000   	-0.07803  
36.93000   	-0.13261  
36.94000   	-0.19488  
36.95000   	-0.26399  
36.96000   	-0.33804  
36.97000   	-0.41502  
36.98000   	-0.49356  
36.99000   	-0.57275  
37.00000   	-0.65036  
37.01000   	-0.72238  
37.02000   	-0.78633  
37.03000   	-0.84351  
37.04000   	-0.89605  
37.05000   	-0.94397  
37.06000   	-0.98717  
37.07000   	-1.02764  
37.08000   	-1.06771  
37.09000   	-1.10810  
37.10000   	-1.14883  
37.11000   	-1.19046  
37.12000   	-1.23398  
37.13000   	-1.27995  
37.14000   	-1.32700  
37.15000   	-1.37109  
37.16000   	-1.40841  
37.17000   	-1.43829  
37.18000   	-1.46188  
37.19000   	-1.47967  
37.20000   	-1.49151  
37.21000   	-1.49718  
37.22000   	-1.49596  
37.23000   	-1.48678  
37.24000   	-1.46990  
37.25000   	-1.44776  
37.26000   	-1.42318  
37.27000   	-1.39763  
37.28000   	-1.37212  
37.29000   	-1.34880  
37.30000   	-1.33044  
37.31000   	-1.31869  
37.32000   	-1.31321  
37.33000   	-1.31224  
37.34000   	-1.31387  
37.35000   	-1.31660  
37.36000   	-1.31920  
37.37000   	-1.32054  
37.38000   	-1.32023  
37.39000   	-1.31845  
37.40000   	-1.31463  
37.41000   	-1.30673  
37.42000   	-1.29214  
37.43000   	-1.26896  
37.44000   	-1.23708  
37.45000   	-1.19830  
37.46000   	-1.15428  
37.47000   	-1.10520  
37.48000   	-1.05220  
37.49000   	-0.99928  
37.50000   	-0.95072  
37.51000   	-0.90821  
37.52000   	-0.87184  
37.53000   	-0.84175  
37.54000   	-0.81734  
37.55000   	-0.79648  
37.56000   	-0.77664  
37.57000   	-0.75660  
37.58000   	-0.73671  
37.59000   	-0.71794  
37.60000   	-0.70072  
37.61000   	-0.68466  
37.62000   	-0.67028  
37.63000   	-0.65989  
37.64000   	-0.65423  
37.65000   	-0.64993  
37.66000   	-0.64272  
37.67000   	-0.63109  
37.68000   	-0.61470  
37.69000   	-0.59219  
37.70000   	-0.56318  
37.71000   	-0.52998  
37.72000   	-0.49503  
37.73000   	-0.45805  
37.74000   	-0.41770  
37.75000   	-0.37430  
37.76000   	-0.32940  
37.77000   	-0.28423  
37.78000   	-0.23924  
37.79000   	-0.19427  
37.80000   	-0.14943  
37.81000   	-0.10631  
37.82000   	-0.06729  
37.83000   	-0.03396  
37.84000   	-0.00726  
37.85000   	0.01173   
37.86000   	0.02267   
37.87000   	0.02684   
37.88000   	0.02600   
37.89000   	0.02126   
37.90000   	0.01358   
37.91000   	0.00450   
37.92000   	-0.00400  
37.93000   	-0.00979  
37.94000   	-0.01077  
37.95000   	-0.00520  
37.96000   	0.00825   
37.97000   	0.03069   
37.98000   	0.06227   
37.99000   	0.10136   
38.00000   	0.14532   
38.01000   	0.19201   
38.02000   	0.23968   
38.03000   	0.28598   
38.04000   	0.32843   
38.05000   	0.36563   
38.06000   	0.39776   
38.07000   	0.42610   
38.08000   	0.45199   
38.09000   	0.47590   
38.10000   	0.49735   
38.11000   	0.51517   
38.12000   	0.52805   
38.13000   	0.53527   
38.14000   	0.53746   
38.15000   	0.53646   
38.16000   	0.53380   
38.17000   	0.52948   
38.18000   	0.52322   
38.19000   	0.51598   
38.20000   	0.50929   
38.21000   	0.50372   
38.22000   	0.49887   
38.23000   	0.49387   
38.24000   	0.48756   
38.25000   	0.47872   
38.26000   	0.46655   
38.27000   	0.45075   
38.28000   	0.43128   
38.29000   	0.40825   
38.30000   	0.38214   
38.31000   	0.35388   
38.32000   	0.32469   
38.33000   	0.29639   
38.34000   	0.27124   
38.35000   	0.25119   
38.36000   	0.23711   
38.37000   	0.22866   
38.38000   	0.22472   
38.39000   	0.22374   
38.40000   	0.22456   
38.41000   	0.22712   
38.42000   	0.23174   
38.43000   	0.23773   
38.44000   	0.24378   
38.45000   	0.24933   
38.46000   	0.25474   
38.47000   	0.26042   
38.48000   	0.26646   
38.49000   	0.27265   
38.50000   	0.27867   
38.51000   	0.28420   
38.52000   	0.28889   
38.53000   	0.29252   
38.54000   	0.29525   
38.55000   	0.29766   
38.56000   	0.30008   
38.57000   	0.30220   
38.58000   	0.30323   
38.59000   	0.30236   
38.60000   	0.29905   
38.61000   	0.29296   
38.62000   	0.28434   
38.63000   	0.27434   
38.64000   	0.26400   
38.65000   	0.25329   
38.66000   	0.24210   
38.67000   	0.23110   
38.68000   	0.22099   
38.69000   	0.21165   
38.70000   	0.20261   
38.71000   	0.19366   
38.72000   	0.18502   
38.73000   	0.17697   
38.74000   	0.16940   
38.75000   	0.16194   
38.76000   	0.15441   
38.77000   	0.14666   
38.78000   	0.13810   
38.79000   	0.12796   
38.80000   	0.11613   
38.81000   	0.10345   
38.82000   	0.09082   
38.83000   	0.07843   
38.84000   	0.06611   
38.85000   	0.05426   
38.86000   	0.04363   
38.87000   	0.03446   
38.88000   	0.02668   
38.89000   	0.02050   
38.90000   	0.01596   
38.91000   	0.01236   
38.92000   	0.00884   
38.93000   	0.00508   
38.94000   	0.00139   
38.95000   	-0.00160  
38.96000   	-0.00362  
38.97000   	-0.00494  
38.98000   	-0.00563  
38.99000   	-0.00516  
39.00000   	-0.00314  
39.01000   	0.00018   
39.02000   	0.00410   
39.03000   	0.00808   
39.04000   	0.01193   
39.05000   	0.01569   
39.06000   	0.01941   
39.07000   	0.02305   
39.08000   	0.02640   
39.09000   	0.02929   
39.10000   	0.03203   
39.11000   	0.03519   
39.12000   	0.03905   
39.13000   	0.04359   
39.14000   	0.04897   
39.15000   	0.05554   
39.16000   	0.06347   
39.17000   	0.07255   
39.18000   	0.08240   
39.19000   	0.09272   
39.20000   	0.10340   
39.21000   	0.11452   
39.22000   	0.12614   
39.23000   	0.13789   
39.24000   	0.14913   
39.25000   	0.15956   
39.26000   	0.16924   
39.27000   	0.17832   
39.28000   	0.18672   
39.29000   	0.19423   
39.30000   	0.20062   
39.31000   	0.20583   
39.32000   	0.20996   
39.33000   	0.21310   
39.34000   	0.21547   
39.35000   	0.21745   
39.36000   	0.21923   
39.37000   	0.22062   
39.38000   	0.22155   
39.39000   	0.22215   
39.40000   	0.22241   
39.41000   	0.22233   
39.42000   	0.22220   
39.43000   	0.22238   
39.44000   	0.22301   
39.45000   	0.22390   
39.46000   	0.22475   
39.47000   	0.22541   
39.48000   	0.22579   
39.49000   	0.22575   
39.50000   	0.22534   
39.51000   	0.22483   
39.52000   	0.22419   
39.53000   	0.22313   
39.54000   	0.22165   
39.55000   	0.22010   
39.56000   	0.21847   
39.57000   	0.21642   
39.58000   	0.21397   
39.59000   	0.21150   
39.60000   	0.20920   
39.61000   	0.20694   
39.62000   	0.20456   
39.63000   	0.20197   
39.64000   	0.19898   
39.65000   	0.19568   
39.66000   	0.19237   
39.67000   	0.18922   
39.68000   	0.18611   
39.69000   	0.18298   
39.70000   	0.17986   
39.71000   	0.17679   
39.72000   	0.17375   
39.73000   	0.17073   
39.74000   	0.16774   
39.75000   	0.16477   
39.76000   	0.16183   
39.77000   	0.15891   
39.78000   	0.15602   
39.79000   	0.15315   
39.80000   	0.15031   
39.81000   	0.14750   
39.82000   	0.14470   
39.83000   	0.14194   
39.84000   	0.13919   
39.85000   	0.13648   
39.86000   	0.13463   