0 	 -0.000515655
0.00100033 	 -0.000515314
0.00200067 	 -0.000513973
0.003001 	 -0.000511637
0.00400133 	 -0.000508311
0.00500167 	 -0.000504005
0.006002 	 -0.000498729
0.00700233 	 -0.000492498
0.00800267 	 -0.000485327
0.009003 	 -0.000477237
0.0100033 	 -0.000468246
0.0110037 	 -0.00045838
0.012004 	 -0.000447663
0.0130043 	 -0.000436123
0.0140047 	 -0.00042379
0.015005 	 -0.000410696
0.0160053 	 -0.000396873
0.0170057 	 -0.000382356
0.018006 	 -0.000367184
0.0190063 	 -0.000351394
0.0200067 	 -0.000335025
0.021007 	 -0.000318119
0.0220073 	 -0.000300717
0.0230077 	 -0.000282863
0.024008 	 -0.0002646
0.0250083 	 -0.000245974
0.0260087 	 -0.000227029
0.027009 	 -0.000207812
0.0280093 	 -0.000188367
0.0290097 	 -0.000168742
0.03001 	 -0.000148983
0.0310103 	 -0.000129135
0.0320107 	 -0.000109245
0.033011 	 -8.93584e-05
0.0340113 	 -6.952e-05
0.0350117 	 -4.97745e-05
0.036012 	 -3.01655e-05
0.0370123 	 -1.07359e-05
0.0380127 	 8.4725e-06
0.039013 	 2.74189e-05
0.0400133 	 4.60638e-05
0.0410137 	 6.43689e-05
0.042014 	 8.22975e-05
0.0430143 	 9.98141e-05
0.0440147 	 0.000116885
0.045015 	 0.000133478
0.0460153 	 0.000149564
0.0470157 	 0.000165112
0.048016 	 0.000180098
0.0490163 	 0.000194496
0.0500167 	 0.000208283
0.051017 	 0.000221439
0.0520173 	 0.000233945
0.0530177 	 0.000245784
0.054018 	 0.000256942
0.0550183 	 0.000267407
0.0560187 	 0.000277168
0.057019 	 0.000286217
0.0580193 	 0.000294547
0.0590197 	 0.000302156
0.06002 	 0.00030904
0.0610203 	 0.0003152
0.0620207 	 0.000320638
0.063021 	 0.000325357
0.0640213 	 0.000329364
0.0650217 	 0.000332666
0.066022 	 0.000335273
0.0670223 	 0.000337195
0.0680227 	 0.000338445
0.069023 	 0.000339038
0.0700233 	 0.00033899
0.0710237 	 0.000338317
0.072024 	 0.000337038
0.0730243 	 0.000335173
0.0740247 	 0.000332743
0.075025 	 0.000329769
0.0760253 	 0.000326275
0.0770257 	 0.000322284
0.078026 	 0.000317821
0.0790263 	 0.000312911
0.0800267 	 0.000307579
0.081027 	 0.000301851
0.0820273 	 0.000295755
0.0830277 	 0.000289316
0.084028 	 0.000282562
0.0850283 	 0.00027552
0.0860287 	 0.000268217
0.087029 	 0.000260679
0.0880293 	 0.000252934
0.0890297 	 0.000245008
0.09003 	 0.000236926
0.0910303 	 0.000228715
0.0920307 	 0.000220399
0.093031 	 0.000212004
0.0940313 	 0.000203552
0.0950317 	 0.000195067
0.096032 	 0.000186572
0.0970323 	 0.000178087
0.0980327 	 0.000169634
0.099033 	 0.000161233
0.100033 	 0.000152901
0.101034 	 0.000144658
0.102034 	 0.000136518
0.103034 	 0.0001285
0.104035 	 0.000120616
0.105035 	 0.00011288
0.106035 	 0.000105305
0.107036 	 9.79023e-05
0.108036 	 9.06817e-05
0.109036 	 8.36524e-05
0.110037 	 7.68224e-05
0.111037 	 7.01986e-05
0.112037 	 6.37867e-05
0.113038 	 5.75916e-05
0.114038 	 5.16168e-05
0.115038 	 4.58651e-05
0.116039 	 4.03382e-05
0.117039 	 3.5037e-05
0.118039 	 2.99612e-05
0.11904 	 2.51099e-05
0.12004 	 2.04812e-05
0.12104 	 1.60727e-05
0.122041 	 1.18808e-05
0.123041 	 7.90158e-06
0.124041 	 4.13039e-06
0.125042 	 5.61944e-07
0.126042 	 -2.80956e-06
0.127042 	 -5.99042e-06
0.128043 	 -8.98735e-06
0.129043 	 -1.18075e-05
0.130043 	 -1.44582e-05
0.131044 	 -1.69473e-05
0.132044 	 -1.92827e-05
0.133044 	 -2.14725e-05
0.134045 	 -2.35249e-05
0.135045 	 -2.54483e-05
0.136045 	 -2.7251e-05
0.137046 	 -2.89414e-05
0.138046 	 -3.05276e-05
0.139046 	 -3.2018e-05
0.140047 	 -3.34205e-05
0.141047 	 -3.4743e-05
0.142047 	 -3.5993e-05
0.143048 	 -3.71779e-05
0.144048 	 -3.83049e-05
0.145048 	 -3.93807e-05
0.146049 	 -4.04117e-05
0.147049 	 -4.1404e-05
0.148049 	 -4.23633e-05
0.14905 	 -4.32949e-05
0.15005 	 -4.42037e-05
0.15105 	 -4.5094e-05
0.152051 	 -4.597e-05
0.153051 	 -4.68353e-05
0.154051 	 -4.76928e-05
0.155052 	 -4.85453e-05
0.156052 	 -4.93951e-05
0.157052 	 -5.02439e-05
0.158053 	 -5.1093e-05
0.159053 	 -5.19434e-05
0.160053 	 -5.27957e-05
0.161054 	 -5.36497e-05
0.162054 	 -5.45054e-05
0.163054 	 -5.5362e-05
0.164055 	 -5.62185e-05
0.165055 	 -5.70734e-05
0.166055 	 -5.79252e-05
0.167056 	 -5.87719e-05
0.168056 	 -5.96112e-05
0.169056 	 -6.04406e-05
0.170057 	 -6.12575e-05
0.171057 	 -6.20589e-05
0.172057 	 -6.28417e-05
0.173058 	 -6.36028e-05
0.174058 	 -6.43388e-05
0.175058 	 -6.50464e-05
0.176059 	 -6.5722e-05
0.177059 	 -6.63622e-05
0.178059 	 -6.69634e-05
0.17906 	 -6.75223e-05
0.18006 	 -6.80352e-05
0.18106 	 -6.8499e-05
0.182061 	 -6.89103e-05
0.183061 	 -6.92659e-05
0.184061 	 -6.95629e-05
0.185062 	 -6.97983e-05
0.186062 	 -6.99696e-05
0.187062 	 -7.00741e-05
0.188063 	 -7.01097e-05
0.189063 	 -7.00743e-05
0.190063 	 -6.9966e-05
0.191064 	 -6.97834e-05
0.192064 	 -6.9525e-05
0.193064 	 -6.919e-05
0.194065 	 -6.87774e-05
0.195065 	 -6.82869e-05
0.196065 	 -6.77183e-05
0.197066 	 -6.70716e-05
0.198066 	 -6.63472e-05
0.199066 	 -6.55458e-05
0.200067 	 -6.46684e-05
0.201067 	 -6.37162e-05
0.202067 	 -6.26907e-05
0.203068 	 -6.15936e-05
0.204068 	 -6.0427e-05
0.205068 	 -5.91932e-05
0.206069 	 -5.78947e-05
0.207069 	 -5.65341e-05
0.208069 	 -5.51145e-05
0.20907 	 -5.3639e-05
0.21007 	 -5.2111e-05
0.21107 	 -5.05338e-05
0.212071 	 -4.89112e-05
0.213071 	 -4.72469e-05
0.214071 	 -4.55449e-05
0.215072 	 -4.38091e-05
0.216072 	 -4.20436e-05
0.217072 	 -4.02526e-05
0.218073 	 -3.84402e-05
0.219073 	 -3.66107e-05
0.220073 	 -3.47682e-05
0.221074 	 -3.29171e-05
0.222074 	 -3.10614e-05
0.223074 	 -2.92054e-05
0.224075 	 -2.73531e-05
0.225075 	 -2.55086e-05
0.226075 	 -2.36757e-05
0.227076 	 -2.18584e-05
0.228076 	 -2.00603e-05
0.229076 	 -1.8285e-05
0.230077 	 -1.65358e-05
0.231077 	 -1.48162e-05
0.232077 	 -1.31291e-05
0.233078 	 -1.14776e-05
0.234078 	 -9.8644e-06
0.235078 	 -8.292e-06
0.236079 	 -6.7628e-06
0.237079 	 -5.27894e-06
0.238079 	 -3.84239e-06
0.23908 	 -2.45488e-06
0.24008 	 -1.11793e-06
0.24108 	 1.67141e-07
0.242081 	 1.39924e-06
0.243081 	 2.57747e-06
0.244081 	 3.70117e-06
0.245082 	 4.76987e-06
0.246082 	 5.78332e-06
0.247082 	 6.74144e-06
0.248083 	 7.64438e-06
0.249083 	 8.49247e-06
0.250083 	 9.2862e-06
0.251084 	 1.00263e-05
0.252084 	 1.07135e-05
0.253084 	 1.13489e-05
0.254085 	 1.19336e-05
0.255085 	 1.2469e-05
0.256085 	 1.29564e-05
0.257086 	 1.33973e-05
0.258086 	 1.37935e-05
0.259086 	 1.41466e-05
0.260087 	 1.44585e-05
0.261087 	 1.47311e-05
0.262087 	 1.49663e-05
0.263088 	 1.51661e-05
0.264088 	 1.53326e-05
0.265088 	 1.5468e-05
0.266089 	 1.55742e-05
0.267089 	 1.56533e-05
0.268089 	 1.57076e-05
0.26909 	 1.57391e-05
0.27009 	 1.57499e-05
0.27109 	 1.5742e-05
0.272091 	 1.57174e-05
0.273091 	 1.56782e-05
0.274091 	 1.56262e-05
0.275092 	 1.55633e-05
0.276092 	 1.54912e-05
0.277092 	 1.54118e-05
0.278093 	 1.53266e-05
0.279093 	 1.52372e-05
0.280093 	 1.51452e-05
0.281094 	 1.50518e-05
0.282094 	 1.49584e-05
0.283094 	 1.48662e-05
0.284095 	 1.47763e-05
0.285095 	 1.46898e-05
0.286095 	 1.46075e-05
0.287096 	 1.45303e-05
0.288096 	 1.4459e-05
0.289096 	 1.43942e-05
0.290097 	 1.43364e-05
0.291097 	 1.42862e-05
0.292097 	 1.42439e-05
0.293098 	 1.42098e-05
0.294098 	 1.41842e-05
0.295098 	 1.41672e-05
0.296099 	 1.41589e-05
0.297099 	 1.41593e-05
0.298099 	 1.41683e-05
0.2991 	 1.4186e-05
0.3001 	 1.4212e-05
0.3011 	 1.42462e-05
0.302101 	 1.42884e-05
0.303101 	 1.43383e-05
0.304101 	 1.43956e-05
0.305102 	 1.44599e-05
0.306102 	 1.45309e-05
0.307102 	 1.46082e-05
0.308103 	 1.46914e-05
0.309103 	 1.47801e-05
0.310103 	 1.48739e-05
0.311104 	 1.49723e-05
0.312104 	 1.50751e-05
0.313104 	 1.51818e-05
0.314105 	 1.5292e-05
0.315105 	 1.54053e-05
0.316105 	 1.55213e-05
0.317106 	 1.56398e-05
0.318106 	 1.57605e-05
0.319106 	 1.58829e-05
0.320107 	 1.60068e-05
0.321107 	 1.61321e-05
0.322107 	 1.62583e-05
0.323108 	 1.63854e-05
0.324108 	 1.65132e-05
0.325108 	 1.66414e-05
0.326109 	 1.677e-05
0.327109 	 1.68988e-05
0.328109 	 1.70277e-05
0.32911 	 1.71566e-05
0.33011 	 1.72856e-05
0.33111 	 1.74144e-05
0.332111 	 1.75432e-05
0.333111 	 1.76718e-05
0.334111 	 1.78003e-05
0.335112 	 1.79286e-05
0.336112 	 1.80568e-05
0.337112 	 1.81848e-05
0.338113 	 1.83125e-05
0.339113 	 1.84401e-05
0.340113 	 1.85674e-05
0.341114 	 1.86945e-05
0.342114 	 1.88212e-05
0.343114 	 1.89475e-05
0.344115 	 1.90733e-05
0.345115 	 1.91985e-05
0.346115 	 1.9323e-05
0.347116 	 1.94466e-05
0.348116 	 1.95691e-05
0.349116 	 1.96903e-05
0.350117 	 1.981e-05
0.351117 	 1.99279e-05
0.352117 	 2.00437e-05
0.353118 	 2.0157e-05
0.354118 	 2.02675e-05
0.355118 	 2.03748e-05
0.356119 	 2.04784e-05
0.357119 	 2.05779e-05
0.358119 	 2.06727e-05
0.35912 	 2.07624e-05
0.36012 	 2.08464e-05
0.36112 	 2.09242e-05
0.362121 	 2.0995e-05
0.363121 	 2.10583e-05
0.364121 	 2.11135e-05
0.365122 	 2.11599e-05
0.366122 	 2.11968e-05
0.367122 	 2.12236e-05
0.368123 	 2.12396e-05
0.369123 	 2.1244e-05
0.370123 	 2.12363e-05
0.371124 	 2.12156e-05
0.372124 	 2.11815e-05
0.373124 	 2.11331e-05
0.374125 	 2.107e-05
0.375125 	 2.09914e-05
0.376125 	 2.08968e-05
0.377126 	 2.07857e-05
0.378126 	 2.06575e-05
0.379126 	 2.05117e-05
0.380127 	 2.0348e-05
0.381127 	 2.01659e-05
0.382127 	 1.99652e-05
0.383128 	 1.97454e-05
0.384128 	 1.95065e-05
0.385128 	 1.92482e-05
0.386129 	 1.89704e-05
0.387129 	 1.86732e-05
0.388129 	 1.83565e-05
0.38913 	 1.80205e-05
0.39013 	 1.76653e-05
0.39113 	 1.72912e-05
0.392131 	 1.68985e-05
0.393131 	 1.64876e-05
0.394131 	 1.6059e-05
0.395132 	 1.56133e-05
0.396132 	 1.51509e-05
0.397132 	 1.46728e-05
0.398133 	 1.41795e-05
0.399133 	 1.36719e-05
0.400133 	 1.3151e-05
0.401134 	 1.26176e-05
0.402134 	 1.20729e-05
0.403134 	 1.15178e-05
0.404135 	 1.09536e-05
0.405135 	 1.03813e-05
0.406135 	 9.80233e-06
0.407136 	 9.21783e-06
0.408136 	 8.62915e-06
0.409136 	 8.03763e-06
0.410137 	 7.44463e-06
0.411137 	 6.85155e-06
0.412137 	 6.25979e-06
0.413138 	 5.67077e-06
0.414138 	 5.0859e-06
0.415138 	 4.50661e-06
0.416139 	 3.93431e-06
0.417139 	 3.37039e-06
0.418139 	 2.81624e-06
0.41914 	 2.27321e-06
0.42014 	 1.74263e-06
0.42114 	 1.22578e-06
0.422141 	 7.23915e-07
0.423141 	 2.38226e-07
0.424141 	 -2.30136e-07
0.425142 	 -6.80083e-07
0.426142 	 -1.11059e-06
0.427142 	 -1.52069e-06
0.428143 	 -1.90949e-06
0.429143 	 -2.27618e-06
0.430143 	 -2.62002e-06
0.431144 	 -2.94036e-06
0.432144 	 -3.2366e-06
0.433144 	 -3.50828e-06
0.434145 	 -3.75499e-06
0.435145 	 -3.97641e-06
0.436145 	 -4.17233e-06
0.437146 	 -4.34262e-06
0.438146 	 -4.48723e-06
0.439146 	 -4.60623e-06
0.440147 	 -4.69975e-06
0.441147 	 -4.76803e-06
0.442147 	 -4.81139e-06
0.443148 	 -4.83023e-06
0.444148 	 -4.82505e-06
0.445148 	 -4.79641e-06
0.446149 	 -4.74497e-06
0.447149 	 -4.67145e-06
0.448149 	 -4.57664e-06
0.44915 	 -4.46141e-06
0.45015 	 -4.32667e-06
0.45115 	 -4.1734e-06
0.452151 	 -4.00264e-06
0.453151 	 -3.81546e-06
0.454151 	 -3.61297e-06
0.455152 	 -3.39635e-06
0.456152 	 -3.16675e-06
0.457152 	 -2.9254e-06
0.458153 	 -2.67352e-06
0.459153 	 -2.41234e-06
0.460153 	 -2.1431e-06
0.461154 	 -1.86705e-06
0.462154 	 -1.58542e-06
0.463154 	 -1.29943e-06
0.464155 	 -1.01027e-06
0.465155 	 -7.19143e-07
0.466155 	 -4.27176e-07
0.467156 	 -1.35489e-07
0.468156 	 1.54851e-07
0.469156 	 4.42814e-07
0.470157 	 7.27432e-07
0.471157 	 1.00778e-06
0.472157 	 1.283e-06
0.473158 	 1.55228e-06
0.474158 	 1.81491e-06
0.475158 	 2.07022e-06
0.476159 	 2.31761e-06
0.477159 	 2.55656e-06
0.478159 	 2.78663e-06
0.47916 	 3.00746e-06
0.48016 	 3.21876e-06
0.48116 	 3.42031e-06
0.482161 	 3.61198e-06
0.483161 	 3.79373e-06
0.484161 	 3.96556e-06
0.485162 	 4.12758e-06
0.486162 	 4.27996e-06
0.487162 	 4.42294e-06
0.488163 	 4.55684e-06
0.489163 	 4.68203e-06
0.490163 	 4.79894e-06
0.491164 	 4.90809e-06
0.492164 	 5.01003e-06
0.493164 	 5.10536e-06
0.494165 	 5.19473e-06
0.495165 	 5.27885e-06
0.496165 	 5.35844e-06
0.497166 	 5.43426e-06
0.498166 	 5.50711e-06
0.499166 	 5.57778e-06
0.500167 	 5.6471e-06
0.501167 	 5.71591e-06
0.502167 	 5.78503e-06
0.503168 	 5.8553e-06
0.504168 	 5.92754e-06
0.505168 	 6.00256e-06
0.506169 	 6.08115e-06
0.507169 	 6.16406e-06
0.508169 	 6.25203e-06
0.50917 	 6.34575e-06
0.51017 	 6.44587e-06
0.51117 	 6.553e-06
0.512171 	 6.66769e-06
0.513171 	 6.79044e-06
0.514171 	 6.92168e-06
0.515172 	 7.06181e-06
0.516172 	 7.21112e-06
0.517172 	 7.36985e-06
0.518173 	 7.53817e-06
0.519173 	 7.71618e-06
0.520173 	 7.9039e-06
0.521174 	 8.10126e-06
0.522174 	 8.30813e-06
0.523174 	 8.52429e-06
0.524175 	 8.74946e-06
0.525175 	 8.98325e-06
0.526175 	 9.22523e-06
0.527176 	 9.47486e-06
0.528176 	 9.73154e-06
0.529176 	 9.99462e-06
0.530177 	 1.02633e-05
0.531177 	 1.05369e-05
0.532177 	 1.08145e-05
0.533178 	 1.1095e-05
0.534178 	 1.13777e-05
0.535178 	 1.16614e-05
0.536179 	 1.19451e-05
0.537179 	 1.22276e-05
0.538179 	 1.25078e-05
0.53918 	 1.27845e-05
0.54018 	 1.30565e-05
0.54118 	 1.33225e-05
0.542181 	 1.35815e-05
0.543181 	 1.3832e-05
0.544181 	 1.40729e-05
0.545182 	 1.43029e-05
0.546182 	 1.45208e-05
0.547182 	 1.47254e-05
0.548183 	 1.49155e-05
0.549183 	 1.509e-05
0.550183 	 1.52478e-05
0.551184 	 1.53877e-05
0.552184 	 1.55089e-05
0.553184 	 1.56103e-05
0.554185 	 1.5691e-05
0.555185 	 1.57501e-05
0.556185 	 1.5787e-05
0.557186 	 1.58009e-05
0.558186 	 1.57912e-05
0.559186 	 1.57573e-05
0.560187 	 1.56988e-05
0.561187 	 1.56154e-05
0.562187 	 1.55067e-05
0.563188 	 1.53725e-05
0.564188 	 1.52129e-05
0.565188 	 1.50276e-05
0.566189 	 1.48169e-05
0.567189 	 1.45809e-05
0.568189 	 1.432e-05
0.56919 	 1.40344e-05
0.57019 	 1.37246e-05
0.57119 	 1.33912e-05
0.572191 	 1.30349e-05
0.573191 	 1.26563e-05
0.574191 	 1.22562e-05
0.575192 	 1.18357e-05
0.576192 	 1.13955e-05
0.577192 	 1.09367e-05
0.578193 	 1.04606e-05
0.579193 	 9.96808e-06
0.580193 	 9.46054e-06
0.581194 	 8.9392e-06
0.582194 	 8.4054e-06
0.583194 	 7.86048e-06
0.584195 	 7.30585e-06
0.585195 	 6.74293e-06
0.586195 	 6.17318e-06
0.587196 	 5.59805e-06
0.588196 	 5.01903e-06
0.589196 	 4.4376e-06
0.590197 	 3.85524e-06
0.591197 	 3.27342e-06
0.592197 	 2.6936e-06
0.593198 	 2.11722e-06
0.594198 	 1.54569e-06
0.595198 	 9.80387e-07
0.596199 	 4.22666e-07
0.597199 	 -1.26178e-07
0.598199 	 -6.64886e-07
0.5992 	 -1.19226e-06
0.6002 	 -1.70715e-06
0.6012 	 -2.20847e-06
0.602201 	 -2.69519e-06
0.603201 	 -3.16637e-06
0.604201 	 -3.62112e-06
0.605202 	 -4.05863e-06
0.606202 	 -4.47816e-06
0.607202 	 -4.87906e-06
0.608203 	 -5.26075e-06
0.609203 	 -5.62272e-06
0.610203 	 -5.96457e-06
0.611204 	 -6.28594e-06
0.612204 	 -6.5866e-06
0.613204 	 -6.86635e-06
0.614205 	 -7.1251e-06
0.615205 	 -7.36283e-06
0.616205 	 -7.5796e-06
0.617206 	 -7.77554e-06
0.618206 	 -7.95084e-06
0.619206 	 -8.10578e-06
0.620207 	 -8.24069e-06
0.621207 	 -8.35598e-06
0.622207 	 -8.45208e-06
0.623208 	 -8.52952e-06
0.624208 	 -8.58886e-06
0.625208 	 -8.63071e-06
0.626209 	 -8.65571e-06
0.627209 	 -8.66456e-06
0.628209 	 -8.65797e-06
0.62921 	 -8.6367e-06
0.63021 	 -8.60152e-06
0.63121 	 -8.55323e-06
0.632211 	 -8.49262e-06
0.633211 	 -8.42052e-06
0.634211 	 -8.33775e-06
0.635212 	 -8.24513e-06
0.636212 	 -8.14348e-06
0.637212 	 -8.03362e-06
0.638213 	 -7.91633e-06
0.639213 	 -7.79242e-06
0.640213 	 -7.66263e-06
0.641214 	 -7.52772e-06
0.642214 	 -7.38839e-06
0.643214 	 -7.24535e-06
0.644215 	 -7.09924e-06
0.645215 	 -6.9507e-06
0.646215 	 -6.8003e-06
0.647216 	 -6.64861e-06
0.648216 	 -6.49614e-06
0.649216 	 -6.34337e-06
0.650217 	 -6.19072e-06
0.651217 	 -6.03861e-06
0.652217 	 -5.88739e-06
0.653218 	 -5.73738e-06
0.654218 	 -5.58886e-06
0.655218 	 -5.44208e-06
0.656219 	 -5.29723e-06
0.657219 	 -5.15449e-06
0.658219 	 -5.01401e-06
0.65922 	 -4.87589e-06
0.66022 	 -4.74021e-06
0.66122 	 -4.60703e-06
0.662221 	 -4.47637e-06
0.663221 	 -4.34824e-06
0.664221 	 -4.22264e-06
0.665222 	 -4.09954e-06
0.666222 	 -3.97889e-06
0.667222 	 -3.86068e-06
0.668223 	 -3.74482e-06
0.669223 	 -3.63128e-06
0.670223 	 -3.52e-06
0.671224 	 -3.41092e-06
0.672224 	 -3.304e-06
0.673224 	 -3.1992e-06
0.674225 	 -3.0965e-06
0.675225 	 -2.99588e-06
0.676225 	 -2.89734e-06
0.677226 	 -2.8009e-06
0.678226 	 -2.70661e-06
0.679226 	 -2.61451e-06
0.680227 	 -2.52468e-06
0.681227 	 -2.43723e-06
0.682227 	 -2.35228e-06
0.683228 	 -2.26997e-06
0.684228 	 -2.19048e-06
0.685228 	 -2.114e-06
0.686229 	 -2.04072e-06
0.687229 	 -1.9709e-06
0.688229 	 -1.90476e-06
0.68923 	 -1.84259e-06
0.69023 	 -1.78465e-06
0.69123 	 -1.73123e-06
0.692231 	 -1.68264e-06
0.693231 	 -1.63918e-06
0.694231 	 -1.60114e-06
0.695232 	 -1.56883e-06
0.696232 	 -1.54254e-06
0.697232 	 -1.52257e-06
0.698233 	 -1.50916e-06
0.699233 	 -1.50258e-06
0.700233 	 -1.50305e-06
0.701234 	 -1.51077e-06
0.702234 	 -1.52588e-06
0.703234 	 -1.54852e-06
0.704235 	 -1.57875e-06
0.705235 	 -1.61661e-06
0.706235 	 -1.66207e-06
0.707236 	 -1.71505e-06
0.708236 	 -1.77539e-06
0.709236 	 -1.84288e-06
0.710237 	 -1.91723e-06
0.711237 	 -1.99809e-06
0.712237 	 -2.085e-06
0.713238 	 -2.17744e-06
0.714238 	 -2.27481e-06
0.715238 	 -2.37642e-06
0.716239 	 -2.48147e-06
0.717239 	 -2.58909e-06
0.718239 	 -2.69833e-06
0.71924 	 -2.80811e-06
0.72024 	 -2.91731e-06
0.72124 	 -3.02467e-06
0.722241 	 -3.12888e-06
0.723241 	 -3.22852e-06
0.724241 	 -3.32209e-06
0.725242 	 -3.40802e-06
0.726242 	 -3.48465e-06
0.727242 	 -3.55025e-06
0.728243 	 -3.60303e-06
0.729243 	 -3.64114e-06
0.730243 	 -3.66265e-06
0.731244 	 -3.66562e-06
0.732244 	 -3.64804e-06
0.733244 	 -3.60788e-06
0.734245 	 -3.54307e-06
0.735245 	 -3.45155e-06
0.736245 	 -3.33124e-06
0.737246 	 -3.18006e-06
0.738246 	 -2.99594e-06
0.739246 	 -2.77686e-06
0.740247 	 -2.52081e-06
0.741247 	 -2.22582e-06
0.742247 	 -1.89001e-06
0.743248 	 -1.51154e-06
0.744248 	 -1.08865e-06
0.745248 	 -6.19691e-07
0.746249 	 -1.03093e-07
0.747249 	 4.62587e-07
0.748249 	 1.07868e-06
0.74925 	 1.74637e-06
0.75025 	 2.46672e-06
0.75125 	 3.24061e-06
0.752251 	 4.06878e-06
0.753251 	 4.95179e-06
0.754251 	 5.89004e-06
0.755252 	 6.8837e-06
0.756252 	 7.9328e-06
0.757252 	 9.03713e-06
0.758253 	 1.01963e-05
0.759253 	 1.14097e-05
0.760253 	 1.26765e-05
0.761254 	 1.39958e-05
0.762254 	 1.53661e-05
0.763254 	 1.67861e-05
0.764255 	 1.82542e-05
0.765255 	 1.97683e-05
0.766255 	 2.13265e-05
0.767256 	 2.29263e-05
0.768256 	 2.45654e-05
0.769256 	 2.6241e-05
0.770257 	 2.79501e-05
0.771257 	 2.96898e-05
0.772257 	 3.14567e-05
0.773258 	 3.32475e-05
0.774258 	 3.50586e-05
0.775258 	 3.68863e-05
0.776259 	 3.87268e-05
0.777259 	 4.05761e-05
0.778259 	 4.24303e-05
0.77926 	 4.42852e-05
0.78026 	 4.61366e-05
0.78126 	 4.79802e-05
0.782261 	 4.98119e-05
0.783261 	 5.16274e-05
0.784261 	 5.34223e-05
0.785262 	 5.51925e-05
0.786262 	 5.69336e-05
0.787262 	 5.86417e-05
0.788263 	 6.03124e-05
0.789263 	 6.1942e-05
0.790263 	 6.35265e-05
0.791264 	 6.50621e-05
0.792264 	 6.65454e-05
0.793264 	 6.79727e-05
0.794265 	 6.93409e-05
0.795265 	 7.0647e-05
0.796265 	 7.18879e-05
0.797266 	 7.30613e-05
0.798266 	 7.41646e-05
0.799266 	 7.51957e-05
0.800267 	 7.61527e-05
0.801267 	 7.7034e-05
0.802267 	 7.78382e-05
0.803268 	 7.85644e-05
0.804268 	 7.92117e-05
0.805268 	 7.97796e-05
0.806269 	 8.0268e-05
0.807269 	 8.06769e-05
0.808269 	 8.10068e-05
0.80927 	 8.12582e-05
0.81027 	 8.14323e-05
0.81127 	 8.15302e-05
0.812271 	 8.15534e-05
0.813271 	 8.15037e-05
0.814271 	 8.13831e-05
0.815272 	 8.11939e-05
0.816272 	 8.09385e-05
0.817272 	 8.06197e-05
0.818273 	 8.02402e-05
0.819273 	 7.98032e-05
0.820273 	 7.93119e-05
0.821274 	 7.87695e-05
0.822274 	 7.81794e-05
0.823274 	 7.75452e-05
0.824275 	 7.68705e-05
0.825275 	 7.61587e-05
0.826275 	 7.54136e-05
0.827276 	 7.46387e-05
0.828276 	 7.38375e-05
0.829276 	 7.30135e-05
0.830277 	 7.217e-05
0.831277 	 7.13102e-05
0.832277 	 7.04372e-05
0.833278 	 6.9554e-05
0.834278 	 6.8663e-05
0.835278 	 6.77668e-05
0.836279 	 6.68676e-05
0.837279 	 6.59671e-05
0.838279 	 6.5067e-05
0.83928 	 6.41685e-05
0.84028 	 6.32724e-05
0.84128 	 6.23793e-05
0.842281 	 6.14892e-05
0.843281 	 6.06019e-05
0.844281 	 5.97167e-05
0.845282 	 5.88323e-05
0.846282 	 5.79473e-05
0.847282 	 5.70595e-05
0.848283 	 5.61665e-05
0.849283 	 5.52654e-05
0.850283 	 5.43527e-05
0.851284 	 5.34246e-05
0.852284 	 5.24767e-05
0.853284 	 5.15045e-05
0.854285 	 5.05026e-05
0.855285 	 4.94655e-05
0.856285 	 4.83873e-05
0.857286 	 4.72617e-05
0.858286 	 4.60819e-05
0.859286 	 4.48408e-05
0.860287 	 4.35313e-05
0.861287 	 4.21457e-05
0.862287 	 4.06762e-05
0.863288 	 3.91148e-05
0.864288 	 3.74533e-05
0.865288 	 3.56833e-05
0.866289 	 3.37966e-05
0.867289 	 3.17847e-05
0.868289 	 2.96392e-05
0.86929 	 2.73518e-05
0.87029 	 2.49141e-05
0.87129 	 2.23182e-05
0.872291 	 1.95562e-05
0.873291 	 1.66205e-05
0.874291 	 1.35037e-05
0.875292 	 1.0199e-05
0.876292 	 6.69988e-06
0.877292 	 3.00025e-06
0.878293 	 -9.05364e-07
0.879293 	 -5.02189e-06
0.880293 	 -9.35362e-06
0.881294 	 -1.39042e-05
0.882294 	 -1.86765e-05
0.883294 	 -2.36726e-05
0.884295 	 -2.88939e-05
0.885295 	 -3.43407e-05
0.886295 	 -4.00127e-05
0.887296 	 -4.59084e-05
0.888296 	 -5.20254e-05
0.889296 	 -5.83604e-05
0.890297 	 -6.4909e-05
0.891297 	 -7.16657e-05
0.892297 	 -7.86239e-05
0.893298 	 -8.5776e-05
0.894298 	 -9.31133e-05
0.895298 	 -0.000100626
0.896299 	 -0.000108303
0.897299 	 -0.000116132
0.898299 	 -0.0001241
0.8993 	 -0.000132193
0.9003 	 -0.000140395
0.9013 	 -0.00014869
0.902301 	 -0.00015706
0.903301 	 -0.000165487
0.904301 	 -0.000173952
0.905302 	 -0.000182433
0.906302 	 -0.000190909
0.907302 	 -0.000199359
0.908303 	 -0.000207759
0.909303 	 -0.000216086
0.910303 	 -0.000224315
0.911304 	 -0.000232421
0.912304 	 -0.000240378
0.913304 	 -0.000248161
0.914305 	 -0.000255743
0.915305 	 -0.000263098
0.916305 	 -0.000270198
0.917306 	 -0.000277017
0.918306 	 -0.000283527
0.919306 	 -0.000289701
0.920307 	 -0.000295513
0.921307 	 -0.000300936
0.922307 	 -0.000305943
0.923308 	 -0.000310509
0.924308 	 -0.000314608
0.925308 	 -0.000318216
0.926309 	 -0.000321308
0.927309 	 -0.000323861
0.928309 	 -0.000325854
0.92931 	 -0.000327265
0.93031 	 -0.000328073
0.93131 	 -0.000328261
0.932311 	 -0.00032781
0.933311 	 -0.000326704
0.934311 	 -0.000324929
0.935312 	 -0.000322471
0.936312 	 -0.000319318
0.937312 	 -0.000315462
0.938313 	 -0.000310893
0.939313 	 -0.000305606
0.940313 	 -0.000299596
0.941314 	 -0.00029286
0.942314 	 -0.000285399
0.943314 	 -0.000277213
0.944315 	 -0.000268306
0.945315 	 -0.000258684
0.946315 	 -0.000248354
0.947316 	 -0.000237326
0.948316 	 -0.000225612
0.949316 	 -0.000213227
0.950317 	 -0.000200186
0.951317 	 -0.000186507
0.952317 	 -0.00017221
0.953318 	 -0.000157319
0.954318 	 -0.000141857
0.955318 	 -0.00012585
0.956319 	 -0.000109326
0.957319 	 -9.23163e-05
0.958319 	 -7.48512e-05
0.95932 	 -5.69645e-05
0.96032 	 -3.86911e-05
0.96132 	 -2.00676e-05
0.962321 	 -1.13195e-06
0.963321 	 1.80766e-05
0.964321 	 3.75175e-05
0.965322 	 5.71491e-05
0.966322 	 7.69288e-05
0.967322 	 9.68129e-05
0.968323 	 0.000116757
0.969323 	 0.000136717
0.970323 	 0.000156646
0.971324 	 0.000176498
0.972324 	 0.000196229
0.973324 	 0.00021579
0.974325 	 0.000235137
0.975325 	 0.000254222
0.976325 	 0.000273001
0.977326 	 0.000291427
0.978326 	 0.000309455
0.979326 	 0.000327042
0.980327 	 0.000344145
0.981327 	 0.00036072
0.982327 	 0.000376726
0.983328 	 0.000392124
0.984328 	 0.000406875
0.985328 	 0.000420942
0.986329 	 0.000434289
0.987329 	 0.000446881
0.988329 	 0.000458688
0.98933 	 0.000469678
0.99033 	 0.000479824
0.99133 	 0.000489099
0.992331 	 0.00049748
0.993331 	 0.000504945
0.994331 	 0.000511474
0.995332 	 0.00051705
0.996332 	 0.000521659
0.997332 	 0.00052529
0.998333 	 0.000527931
0.999333 	 0.000529577
1.00033 	 0.000525471
1.00133 	 0.000525139
1.00233 	 0.000523806
1.00333 	 0.000521474
1.00433 	 0.00051815
1.00534 	 0.000513842
1.00634 	 0.000508562
1.00734 	 0.000502323
1.00834 	 0.000495141
1.00934 	 0.000487035
1.01034 	 0.000478025
1.01134 	 0.000468136
1.01234 	 0.000457391
1.01334 	 0.000445818
1.01434 	 0.000433448
1.01534 	 0.000420311
1.01634 	 0.00040644
1.01734 	 0.000391871
1.01834 	 0.000376641
1.01934 	 0.000360787
1.02034 	 0.000344349
1.02134 	 0.000327368
1.02234 	 0.000309886
1.02334 	 0.000291945
1.02434 	 0.000273591
1.02534 	 0.000254867
1.02634 	 0.000235818
1.02734 	 0.000216491
1.02834 	 0.000196931
1.02934 	 0.000177185
1.03034 	 0.000157299
1.03134 	 0.000137319
1.03234 	 0.000117292
1.03334 	 9.72625e-05
1.03434 	 7.72765e-05
1.03535 	 5.73785e-05
1.03635 	 3.76123e-05
1.03735 	 1.80211e-05
1.03835 	 -1.35317e-06
1.03935 	 -2.04693e-05
1.04035 	 -3.92877e-05
1.04135 	 -5.77697e-05
1.04235 	 -7.58782e-05
1.04335 	 -9.35776e-05
1.04435 	 -0.000110834
1.04535 	 -0.000127615
1.04635 	 -0.000143889
1.04735 	 -0.000159629
1.04835 	 -0.000174806
1.04935 	 -0.000189396
1.05035 	 -0.000203377
1.05135 	 -0.000216726
1.05235 	 -0.000229424
1.05335 	 -0.000241456
1.05435 	 -0.000252806
1.05535 	 -0.00026346
1.05635 	 -0.00027341
1.05735 	 -0.000282645
1.05835 	 -0.00029116
1.05935 	 -0.00029895
1.06035 	 -0.000306012
1.06135 	 -0.000312348
1.06235 	 -0.000317957
1.06335 	 -0.000322845
1.06435 	 -0.000327016
1.06536 	 -0.000330478
1.06636 	 -0.00033324
1.06736 	 -0.000335314
1.06836 	 -0.00033671
1.06936 	 -0.000337445
1.07036 	 -0.000337533
1.07136 	 -0.000336991
1.07236 	 -0.000335838
1.07336 	 -0.000334094
1.07436 	 -0.00033178
1.07536 	 -0.000328916
1.07636 	 -0.000325527
1.07736 	 -0.000321635
1.07836 	 -0.000317266
1.07936 	 -0.000312444
1.08036 	 -0.000307195
1.08136 	 -0.000301546
1.08236 	 -0.000295523
1.08336 	 -0.000289153
1.08436 	 -0.000282463
1.08536 	 -0.00027548
1.08636 	 -0.000268231
1.08736 	 -0.000260744
1.08836 	 -0.000253045
1.08936 	 -0.000245161
1.09036 	 -0.000237118
1.09136 	 -0.000228941
1.09236 	 -0.000220657
1.09336 	 -0.00021229
1.09436 	 -0.000203864
1.09537 	 -0.000195402
1.09637 	 -0.000186928
1.09737 	 -0.000178461
1.09837 	 -0.000170025
1.09937 	 -0.000161638
1.10037 	 -0.000153319
1.10137 	 -0.000145086
1.10237 	 -0.000136957
1.10337 	 -0.000128948
1.10437 	 -0.000121072
1.10537 	 -0.000113343
1.10637 	 -0.000105775
1.10737 	 -9.83786e-05
1.10837 	 -9.11639e-05
1.10937 	 -8.41402e-05
1.11037 	 -7.73156e-05
1.11137 	 -7.0697e-05
1.11237 	 -6.42903e-05
1.11337 	 -5.81002e-05
1.11437 	 -5.21306e-05
1.11537 	 -4.6384e-05
1.11637 	 -4.08623e-05
1.11737 	 -3.55661e-05
1.11837 	 -3.04953e-05
1.11937 	 -2.56489e-05
1.12037 	 -2.10249e-05
1.12137 	 -1.66207e-05
1.12237 	 -1.24327e-05
1.12337 	 -8.457e-06
1.12437 	 -4.68864e-06
1.12538 	 -1.12224e-06
1.12638 	 2.24813e-06
1.12738 	 5.42893e-06
1.12838 	 8.42705e-06
1.12938 	 1.12498e-05
1.13038 	 1.39047e-05
1.13138 	 1.63998e-05
1.13238 	 1.8743e-05
1.13338 	 2.09429e-05
1.13438 	 2.30078e-05
1.13538 	 2.49461e-05
1.13638 	 2.67666e-05
1.13738 	 2.84775e-05
1.13838 	 3.00875e-05
1.13938 	 3.16049e-05
1.14038 	 3.30379e-05
1.14138 	 3.43944e-05
1.14238 	 3.56822e-05
1.14338 	 3.6909e-05
1.14438 	 3.80818e-05
1.14538 	 3.92076e-05
1.14638 	 4.02929e-05
1.14738 	 4.1344e-05
1.14838 	 4.23665e-05
1.14938 	 4.33659e-05
1.15038 	 4.4347e-05
1.15138 	 4.53144e-05
1.15238 	 4.62721e-05
1.15338 	 4.72237e-05
1.15438 	 4.81723e-05
1.15539 	 4.91206e-05
1.15639 	 5.00707e-05
1.15739 	 5.10243e-05
1.15839 	 5.19827e-05
1.15939 	 5.29468e-05
1.16039 	 5.3917e-05
1.16139 	 5.48931e-05
1.16239 	 5.58748e-05
1.16339 	 5.68612e-05
1.16439 	 5.78511e-05
1.16539 	 5.8843e-05
1.16639 	 5.98349e-05
1.16739 	 6.08248e-05
1.16839 	 6.18101e-05
1.16939 	 6.27881e-05
1.17039 	 6.37558e-05
1.17139 	 6.47102e-05
1.17239 	 6.56478e-05
1.17339 	 6.65652e-05
1.17439 	 6.74588e-05
1.17539 	 6.83249e-05
1.17639 	 6.91598e-05
1.17739 	 6.99597e-05
1.17839 	 7.07208e-05
1.17939 	 7.14393e-05
1.18039 	 7.21116e-05
1.18139 	 7.2734e-05
1.18239 	 7.33029e-05
1.18339 	 7.3815e-05
1.18439 	 7.42669e-05
1.1854 	 7.46555e-05
1.1864 	 7.4978e-05
1.1874 	 7.52315e-05
1.1884 	 7.54136e-05
1.1894 	 7.55221e-05
1.1904 	 7.55548e-05
1.1914 	 7.55101e-05
1.1924 	 7.53865e-05
1.1934 	 7.51828e-05
1.1944 	 7.4898e-05
1.1954 	 7.45316e-05
1.1964 	 7.40833e-05
1.1974 	 7.3553e-05
1.1984 	 7.29411e-05
1.1994 	 7.2248e-05
1.2004 	 7.14749e-05
1.2014 	 7.06227e-05
1.2024 	 6.9693e-05
1.2034 	 6.86875e-05
1.2044 	 6.76083e-05
1.2054 	 6.64577e-05
1.2064 	 6.52381e-05
1.2074 	 6.39524e-05
1.2084 	 6.26035e-05
1.2094 	 6.11948e-05
1.2104 	 5.97294e-05
1.2114 	 5.82112e-05
1.2124 	 5.66437e-05
1.2134 	 5.50309e-05
1.2144 	 5.33768e-05
1.21541 	 5.16855e-05
1.21641 	 4.99612e-05
1.21741 	 4.82082e-05
1.21841 	 4.64308e-05
1.21941 	 4.46334e-05
1.22041 	 4.28204e-05
1.22141 	 4.0996e-05
1.22241 	 3.91648e-05
1.22341 	 3.73309e-05
1.22441 	 3.54986e-05
1.22541 	 3.36721e-05
1.22641 	 3.18555e-05
1.22741 	 3.00527e-05
1.22841 	 2.82676e-05
1.22941 	 2.65039e-05
1.23041 	 2.47652e-05
1.23141 	 2.30549e-05
1.23241 	 2.13763e-05
1.23341 	 1.97323e-05
1.23441 	 1.81258e-05
1.23541 	 1.65596e-05
1.23641 	 1.50361e-05
1.23741 	 1.35575e-05
1.23841 	 1.21259e-05
1.23941 	 1.07431e-05
1.24041 	 9.41079e-06
1.24141 	 8.13024e-06
1.24241 	 6.90265e-06
1.24341 	 5.72897e-06
1.24441 	 4.60992e-06
1.24542 	 3.54601e-06
1.24642 	 2.53754e-06
1.24742 	 1.58459e-06
1.24842 	 6.87059e-07
1.24942 	 -1.55361e-07
1.25042 	 -9.43165e-07
1.25142 	 -1.67702e-06
1.25242 	 -2.35778e-06
1.25342 	 -2.98643e-06
1.25442 	 -3.56414e-06
1.25542 	 -4.0922e-06
1.25642 	 -4.57205e-06
1.25742 	 -5.00523e-06
1.25842 	 -5.3934e-06
1.25942 	 -5.7383e-06
1.26042 	 -6.0418e-06
1.26142 	 -6.3058e-06
1.26242 	 -6.53229e-06
1.26342 	 -6.72328e-06
1.26442 	 -6.88086e-06
1.26542 	 -7.00713e-06
1.26642 	 -7.10421e-06
1.26742 	 -7.17422e-06
1.26842 	 -7.21929e-06
1.26942 	 -7.24154e-06
1.27042 	 -7.24304e-06
1.27142 	 -7.22587e-06
1.27242 	 -7.19204e-06
1.27342 	 -7.14351e-06
1.27442 	 -7.08223e-06
1.27543 	 -7.01003e-06
1.27643 	 -6.92871e-06
1.27743 	 -6.83998e-06
1.27843 	 -6.74548e-06
1.27943 	 -6.64676e-06
1.28043 	 -6.54529e-06
1.28143 	 -6.44245e-06
1.28243 	 -6.33953e-06
1.28343 	 -6.23772e-06
1.28443 	 -6.13813e-06
1.28543 	 -6.04175e-06
1.28643 	 -5.9495e-06
1.28743 	 -5.86219e-06
1.28843 	 -5.78055e-06
1.28943 	 -5.70521e-06
1.29043 	 -5.63672e-06
1.29143 	 -5.57554e-06
1.29243 	 -5.52204e-06
1.29343 	 -5.47651e-06
1.29443 	 -5.43919e-06
1.29543 	 -5.41021e-06
1.29643 	 -5.38968e-06
1.29743 	 -5.37759e-06
1.29843 	 -5.37393e-06
1.29943 	 -5.37859e-06
1.30043 	 -5.39146e-06
1.30143 	 -5.41234e-06
1.30243 	 -5.44103e-06
1.30343 	 -5.47728e-06
1.30443 	 -5.52082e-06
1.30544 	 -5.57136e-06
1.30644 	 -5.62859e-06
1.30744 	 -5.69218e-06
1.30844 	 -5.76181e-06
1.30944 	 -5.83715e-06
1.31044 	 -5.91787e-06
1.31144 	 -6.00364e-06
1.31244 	 -6.09416e-06
1.31344 	 -6.18911e-06
1.31444 	 -6.28821e-06
1.31544 	 -6.39118e-06
1.31644 	 -6.49778e-06
1.31744 	 -6.60778e-06
1.31844 	 -6.72096e-06
1.31944 	 -6.83715e-06
1.32044 	 -6.95619e-06
1.32144 	 -7.07794e-06
1.32244 	 -7.2023e-06
1.32344 	 -7.32917e-06
1.32444 	 -7.45851e-06
1.32544 	 -7.59027e-06
1.32644 	 -7.72444e-06
1.32744 	 -7.86102e-06
1.32844 	 -8.00003e-06
1.32944 	 -8.1415e-06
1.33044 	 -8.2855e-06
1.33144 	 -8.43208e-06
1.33244 	 -8.58131e-06
1.33344 	 -8.73325e-06
1.33444 	 -8.88799e-06
1.33545 	 -9.04559e-06
1.33645 	 -9.20614e-06
1.33745 	 -9.36967e-06
1.33845 	 -9.53624e-06
1.33945 	 -9.70588e-06
1.34045 	 -9.87861e-06
1.34145 	 -1.00544e-05
1.34245 	 -1.02333e-05
1.34345 	 -1.04151e-05
1.34445 	 -1.05999e-05
1.34545 	 -1.07874e-05
1.34645 	 -1.09775e-05
1.34745 	 -1.11701e-05
1.34845 	 -1.13648e-05
1.34945 	 -1.15615e-05
1.35045 	 -1.17598e-05
1.35145 	 -1.19594e-05
1.35245 	 -1.21598e-05
1.35345 	 -1.23606e-05
1.35445 	 -1.25614e-05
1.35545 	 -1.27615e-05
1.35645 	 -1.29605e-05
1.35745 	 -1.31577e-05
1.35845 	 -1.33524e-05
1.35945 	 -1.35441e-05
1.36045 	 -1.37319e-05
1.36145 	 -1.39151e-05
1.36245 	 -1.40929e-05
1.36345 	 -1.42645e-05
1.36445 	 -1.44291e-05
1.36546 	 -1.45858e-05
1.36646 	 -1.47338e-05
1.36746 	 -1.48721e-05
1.36846 	 -1.49999e-05
1.36946 	 -1.51162e-05
1.37046 	 -1.52203e-05
1.37146 	 -1.53112e-05
1.37246 	 -1.5388e-05
1.37346 	 -1.54499e-05
1.37446 	 -1.5496e-05
1.37546 	 -1.55256e-05
1.37646 	 -1.55379e-05
1.37746 	 -1.55321e-05
1.37846 	 -1.55075e-05
1.37946 	 -1.54636e-05
1.38046 	 -1.53997e-05
1.38146 	 -1.53152e-05
1.38246 	 -1.52097e-05
1.38346 	 -1.50828e-05
1.38446 	 -1.49342e-05
1.38546 	 -1.47635e-05
1.38646 	 -1.45705e-05
1.38746 	 -1.43552e-05
1.38846 	 -1.41174e-05
1.38946 	 -1.38573e-05
1.39046 	 -1.35749e-05
1.39146 	 -1.32705e-05
1.39246 	 -1.29443e-05
1.39346 	 -1.25967e-05
1.39446 	 -1.22282e-05
1.39547 	 -1.18393e-05
1.39647 	 -1.14307e-05
1.39747 	 -1.10031e-05
1.39847 	 -1.05573e-05
1.39947 	 -1.00941e-05
1.40047 	 -9.6145e-06
1.40147 	 -9.11956e-06
1.40247 	 -8.61036e-06
1.40347 	 -8.08806e-06
1.40447 	 -7.55389e-06
1.40547 	 -7.00912e-06
1.40647 	 -6.45511e-06
1.40747 	 -5.89322e-06
1.40847 	 -5.32489e-06
1.40947 	 -4.75158e-06
1.41047 	 -4.17478e-06
1.41147 	 -3.59601e-06
1.41247 	 -3.0168e-06
1.41347 	 -2.43869e-06
1.41447 	 -1.86324e-06
1.41547 	 -1.29199e-06
1.41647 	 -7.26472e-07
1.41747 	 -1.68217e-07
1.41847 	 3.81277e-07
1.41947 	 9.20542e-07
1.42047 	 1.44814e-06
1.42147 	 1.96267e-06
1.42247 	 2.4628e-06
1.42347 	 2.94722e-06
1.42447 	 3.41471e-06
1.42548 	 3.8641e-06
1.42648 	 4.29428e-06
1.42748 	 4.70424e-06
1.42848 	 5.09304e-06
1.42948 	 5.4598e-06
1.43048 	 5.80376e-06
1.43148 	 6.12423e-06
1.43248 	 6.42063e-06
1.43348 	 6.69246e-06
1.43448 	 6.93931e-06
1.43548 	 7.16091e-06
1.43648 	 7.35705e-06
1.43748 	 7.52762e-06
1.43848 	 7.67264e-06
1.43948 	 7.79222e-06
1.44048 	 7.88654e-06
1.44148 	 7.95591e-06
1.44248 	 8.00073e-06
1.44348 	 8.02149e-06
1.44448 	 8.01876e-06
1.44548 	 7.99321e-06
1.44648 	 7.94559e-06
1.44748 	 7.87673e-06
1.44848 	 7.78752e-06
1.44948 	 7.67895e-06
1.45048 	 7.55204e-06
1.45148 	 7.4079e-06
1.45248 	 7.24767e-06
1.45348 	 7.07254e-06
1.45448 	 6.88375e-06
1.45549 	 6.68257e-06
1.45649 	 6.47029e-06
1.45749 	 6.24825e-06
1.45849 	 6.01775e-06
1.45949 	 5.78015e-06
1.46049 	 5.53679e-06
1.46149 	 5.28899e-06
1.46249 	 5.03808e-06
1.46349 	 4.78536e-06
1.46449 	 4.5321e-06
1.46549 	 4.27954e-06
1.46649 	 4.02889e-06
1.46749 	 3.7813e-06
1.46849 	 3.53788e-06
1.46949 	 3.29969e-06
1.47049 	 3.06771e-06
1.47149 	 2.84288e-06
1.47249 	 2.62604e-06
1.47349 	 2.41799e-06
1.47449 	 2.21944e-06
1.47549 	 2.03101e-06
1.47649 	 1.85324e-06
1.47749 	 1.68661e-06
1.47849 	 1.53149e-06
1.47949 	 1.38816e-06
1.48049 	 1.25683e-06
1.48149 	 1.13762e-06
1.48249 	 1.03055e-06
1.48349 	 9.35567e-07
1.48449 	 8.52519e-07
1.4855 	 7.81185e-07
1.4865 	 7.21251e-07
1.4875 	 6.72337e-07
1.4885 	 6.33975e-07
1.4895 	 6.05635e-07
1.4905 	 5.86714e-07
1.4915 	 5.76548e-07
1.4925 	 5.74412e-07
1.4935 	 5.79534e-07
1.4945 	 5.91081e-07
1.4955 	 6.0819e-07
1.4965 	 6.29954e-07
1.4975 	 6.55437e-07
1.4985 	 6.83676e-07
1.4995 	 7.13695e-07
1.5005 	 7.44496e-07
1.5015 	 7.75089e-07
1.5025 	 8.04471e-07
1.5035 	 8.31658e-07
1.5045 	 8.55667e-07
1.5055 	 8.7555e-07
1.5065 	 8.90372e-07
1.5075 	 8.99241e-07
1.5085 	 9.01293e-07
1.5095 	 8.95721e-07
1.5105 	 8.81755e-07
1.5115 	 8.58688e-07
1.5125 	 8.25869e-07
1.5135 	 7.82715e-07
1.5145 	 7.28706e-07
1.51551 	 6.63401e-07
1.51651 	 5.86426e-07
1.51751 	 4.97497e-07
1.51851 	 3.96401e-07
1.51951 	 2.83015e-07
1.52051 	 1.57296e-07
1.52151 	 1.92953e-08
1.52251 	 -1.30859e-07
1.52351 	 -2.9294e-07
1.52451 	 -4.66649e-07
1.52551 	 -6.51583e-07
1.52651 	 -8.47271e-07
1.52751 	 -1.05314e-06
1.52851 	 -1.26856e-06
1.52951 	 -1.4928e-06
1.53051 	 -1.72507e-06
1.53151 	 -1.96449e-06
1.53251 	 -2.21013e-06
1.53351 	 -2.46099e-06
1.53451 	 -2.716e-06
1.53551 	 -2.97406e-06
1.53651 	 -3.23399e-06
1.53751 	 -3.49459e-06
1.53851 	 -3.75462e-06
1.53951 	 -4.0128e-06
1.54051 	 -4.26782e-06
1.54151 	 -4.51838e-06
1.54251 	 -4.76313e-06
1.54351 	 -5.00074e-06
1.54451 	 -5.22987e-06
1.54552 	 -5.44919e-06
1.54652 	 -5.6574e-06
1.54752 	 -5.85318e-06
1.54852 	 -6.03528e-06
1.54952 	 -6.20247e-06
1.55052 	 -6.35356e-06
1.55152 	 -6.48739e-06
1.55252 	 -6.60288e-06
1.55352 	 -6.69899e-06
1.55452 	 -6.77475e-06
1.55552 	 -6.82926e-06
1.55652 	 -6.86169e-06
1.55752 	 -6.87128e-06
1.55852 	 -6.85736e-06
1.55952 	 -6.81935e-06
1.56052 	 -6.75675e-06
1.56152 	 -6.66915e-06
1.56252 	 -6.55624e-06
1.56352 	 -6.41781e-06
1.56452 	 -6.25372e-06
1.56552 	 -6.06395e-06
1.56652 	 -5.84858e-06
1.56752 	 -5.60777e-06
1.56852 	 -5.34181e-06
1.56952 	 -5.05104e-06
1.57052 	 -4.73593e-06
1.57152 	 -4.39703e-06
1.57252 	 -4.03499e-06
1.57352 	 -3.65052e-06
1.57452 	 -3.24446e-06
1.57553 	 -2.81769e-06
1.57653 	 -2.37119e-06
1.57753 	 -1.906e-06
1.57853 	 -1.42323e-06
1.57953 	 -9.24069e-07
1.58053 	 -4.09743e-07
1.58153 	 1.18463e-07
1.58253 	 6.5921e-07
1.58353 	 1.21113e-06
1.58453 	 1.77281e-06
1.58553 	 2.34282e-06
1.58653 	 2.91969e-06
1.58753 	 3.50196e-06
1.58853 	 4.08813e-06
1.58953 	 4.67672e-06
1.59053 	 5.26625e-06
1.59153 	 5.85523e-06
1.59253 	 6.44222e-06
1.59353 	 7.02577e-06
1.59453 	 7.60447e-06
1.59553 	 8.17694e-06
1.59653 	 8.74185e-06
1.59753 	 9.2979e-06
1.59853 	 9.84384e-06
1.59953 	 1.03785e-05
1.60053 	 1.09007e-05
1.60153 	 1.14094e-05
1.60253 	 1.19035e-05
1.60353 	 1.23822e-05
1.60453 	 1.28445e-05
1.60554 	 1.32898e-05
1.60654 	 1.37171e-05
1.60754 	 1.41259e-05
1.60854 	 1.45157e-05
1.60954 	 1.48859e-05
1.61054 	 1.52361e-05
1.61154 	 1.5566e-05
1.61254 	 1.58753e-05
1.61354 	 1.61639e-05
1.61454 	 1.64317e-05
1.61554 	 1.66786e-05
1.61654 	 1.69048e-05
1.61754 	 1.71102e-05
1.61854 	 1.72951e-05
1.61954 	 1.74598e-05
1.62054 	 1.76046e-05
1.62154 	 1.77299e-05
1.62254 	 1.7836e-05
1.62354 	 1.79235e-05
1.62454 	 1.79929e-05
1.62554 	 1.80448e-05
1.62654 	 1.80797e-05
1.62754 	 1.80984e-05
1.62854 	 1.81014e-05
1.62954 	 1.80896e-05
1.63054 	 1.80635e-05
1.63154 	 1.8024e-05
1.63254 	 1.79718e-05
1.63354 	 1.79077e-05
1.63454 	 1.78323e-05
1.63555 	 1.77465e-05
1.63655 	 1.76509e-05
1.63755 	 1.75464e-05
1.63855 	 1.74336e-05
1.63955 	 1.73133e-05
1.64055 	 1.71861e-05
1.64155 	 1.70526e-05
1.64255 	 1.69136e-05
1.64355 	 1.67697e-05
1.64455 	 1.66214e-05
1.64555 	 1.64692e-05
1.64655 	 1.63136e-05
1.64755 	 1.61553e-05
1.64855 	 1.59945e-05
1.64955 	 1.58316e-05
1.65055 	 1.56672e-05
1.65155 	 1.55014e-05
1.65255 	 1.53346e-05
1.65355 	 1.51671e-05
1.65455 	 1.4999e-05
1.65555 	 1.48306e-05
1.65655 	 1.46621e-05
1.65755 	 1.44935e-05
1.65855 	 1.4325e-05
1.65955 	 1.41567e-05
1.66055 	 1.39886e-05
1.66155 	 1.38208e-05
1.66255 	 1.36533e-05
1.66355 	 1.34861e-05
1.66455 	 1.33193e-05
1.66556 	 1.31527e-05
1.66656 	 1.29865e-05
1.66756 	 1.28206e-05
1.66856 	 1.2655e-05
1.66956 	 1.24897e-05
1.67056 	 1.23247e-05
1.67156 	 1.216e-05
1.67256 	 1.19957e-05
1.67356 	 1.18317e-05
1.67456 	 1.16682e-05
1.67556 	 1.15052e-05
1.67656 	 1.13428e-05
1.67756 	 1.11812e-05
1.67856 	 1.10205e-05
1.67956 	 1.08608e-05
1.68056 	 1.07024e-05
1.68156 	 1.05455e-05
1.68256 	 1.03903e-05
1.68356 	 1.02371e-05
1.68456 	 1.00863e-05
1.68556 	 9.93812e-06
1.68656 	 9.79291e-06
1.68756 	 9.65106e-06
1.68856 	 9.51295e-06
1.68956 	 9.37899e-06
1.69056 	 9.24958e-06
1.69156 	 9.12516e-06
1.69256 	 9.00614e-06
1.69356 	 8.89297e-06
1.69456 	 8.78607e-06
1.69557 	 8.68587e-06
1.69657 	 8.59277e-06
1.69757 	 8.50718e-06
1.69857 	 8.42948e-06
1.69957 	 8.36001e-06
1.70057 	 8.29911e-06
1.70157 	 8.24704e-06
1.70257 	 8.20407e-06
1.70357 	 8.17039e-06
1.70457 	 8.14613e-06
1.70557 	 8.13141e-06
1.70657 	 8.12623e-06
1.70757 	 8.13057e-06
1.70857 	 8.14432e-06
1.70957 	 8.16729e-06
1.71057 	 8.19922e-06
1.71157 	 8.23977e-06
1.71257 	 8.28848e-06
1.71357 	 8.34486e-06
1.71457 	 8.40827e-06
1.71557 	 8.47802e-06
1.71657 	 8.55328e-06
1.71757 	 8.63316e-06
1.71857 	 8.71666e-06
1.71957 	 8.80268e-06
1.72057 	 8.89003e-06
1.72157 	 8.9774e-06
1.72257 	 9.06342e-06
1.72357 	 9.14661e-06
1.72457 	 9.22539e-06
1.72558 	 9.29813e-06
1.72658 	 9.36309e-06
1.72758 	 9.41846e-06
1.72858 	 9.46237e-06
1.72958 	 9.49287e-06
1.73058 	 9.50798e-06
1.73158 	 9.50564e-06
1.73258 	 9.48377e-06
1.73358 	 9.44025e-06
1.73458 	 9.37294e-06
1.73558 	 9.27969e-06
1.73658 	 9.15833e-06
1.73758 	 9.00671e-06
1.73858 	 8.82269e-06
1.73958 	 8.60416e-06
1.74058 	 8.34906e-06
1.74158 	 8.05536e-06
1.74258 	 7.7211e-06
1.74358 	 7.34441e-06
1.74458 	 6.92346e-06
1.74558 	 6.45658e-06
1.74658 	 5.94215e-06
1.74758 	 5.37869e-06
1.74858 	 4.76486e-06
1.74958 	 4.09945e-06
1.75058 	 3.38139e-06
1.75158 	 2.60979e-06
1.75258 	 1.7839e-06
1.75358 	 9.0319e-07
1.75458 	 -3.27298e-08
1.75559 	 -1.02403e-06
1.75659 	 -2.07068e-06
1.75759 	 -3.17247e-06
1.75859 	 -4.32896e-06
1.75959 	 -5.53949e-06
1.76059 	 -6.8032e-06
1.76159 	 -8.11901e-06
1.76259 	 -9.48561e-06
1.76359 	 -1.09015e-05
1.76459 	 -1.23649e-05
1.76559 	 -1.38738e-05
1.76659 	 -1.54262e-05
1.76759 	 -1.70195e-05
1.76859 	 -1.86513e-05
1.76959 	 -2.03187e-05
1.77059 	 -2.20188e-05
1.77159 	 -2.37484e-05
1.77259 	 -2.55042e-05
1.77359 	 -2.72826e-05
1.77459 	 -2.90802e-05
1.77559 	 -3.0893e-05
1.77659 	 -3.27172e-05
1.77759 	 -3.45488e-05
1.77859 	 -3.63837e-05
1.77959 	 -3.82177e-05
1.78059 	 -4.00465e-05
1.78159 	 -4.1866e-05
1.78259 	 -4.36717e-05
1.78359 	 -4.54593e-05
1.78459 	 -4.72247e-05
1.7856 	 -4.89633e-05
1.7866 	 -5.06711e-05
1.7876 	 -5.23437e-05
1.7886 	 -5.39773e-05
1.7896 	 -5.55676e-05
1.7906 	 -5.7111e-05
1.7916 	 -5.86035e-05
1.7926 	 -6.00417e-05
1.7936 	 -6.14222e-05
1.7946 	 -6.27416e-05
1.7956 	 -6.3997e-05
1.7966 	 -6.51856e-05
1.7976 	 -6.63048e-05
1.7986 	 -6.73523e-05
1.7996 	 -6.8326e-05
1.8006 	 -6.9224e-05
1.8016 	 -7.00448e-05
1.8026 	 -7.07873e-05
1.8036 	 -7.14503e-05
1.8046 	 -7.20332e-05
1.8056 	 -7.25356e-05
1.8066 	 -7.29575e-05
1.8076 	 -7.3299e-05
1.8086 	 -7.35606e-05
1.8096 	 -7.37432e-05
1.8106 	 -7.38477e-05
1.8116 	 -7.38756e-05
1.8126 	 -7.38285e-05
1.8136 	 -7.37083e-05
1.8146 	 -7.3517e-05
1.81561 	 -7.32572e-05
1.81661 	 -7.29313e-05
1.81761 	 -7.25422e-05
1.81861 	 -7.20929e-05
1.81961 	 -7.15865e-05
1.82061 	 -7.10262e-05
1.82161 	 -7.04157e-05
1.82261 	 -6.97583e-05
1.82361 	 -6.90576e-05
1.82461 	 -6.83174e-05
1.82561 	 -6.75413e-05
1.82661 	 -6.6733e-05
1.82761 	 -6.58962e-05
1.82861 	 -6.50344e-05
1.82961 	 -6.41512e-05
1.83061 	 -6.325e-05
1.83161 	 -6.23341e-05
1.83261 	 -6.14066e-05
1.83361 	 -6.04704e-05
1.83461 	 -5.95283e-05
1.83561 	 -5.85826e-05
1.83661 	 -5.76356e-05
1.83761 	 -5.66892e-05
1.83861 	 -5.57449e-05
1.83961 	 -5.4804e-05
1.84061 	 -5.38674e-05
1.84161 	 -5.29355e-05
1.84261 	 -5.20085e-05
1.84361 	 -5.1086e-05
1.84461 	 -5.01674e-05
1.84562 	 -4.92513e-05
1.84662 	 -4.83363e-05
1.84762 	 -4.74203e-05
1.84862 	 -4.65007e-05
1.84962 	 -4.55745e-05
1.85062 	 -4.46383e-05
1.85162 	 -4.36881e-05
1.85262 	 -4.27197e-05
1.85362 	 -4.17283e-05
1.85462 	 -4.07086e-05
1.85562 	 -3.96549e-05
1.85662 	 -3.85613e-05
1.85762 	 -3.74214e-05
1.85862 	 -3.62284e-05
1.85962 	 -3.49753e-05
1.86062 	 -3.36545e-05
1.86162 	 -3.22586e-05
1.86262 	 -3.07796e-05
1.86362 	 -2.92094e-05
1.86462 	 -2.75397e-05
1.86562 	 -2.57623e-05
1.86662 	 -2.38687e-05
1.86762 	 -2.18504e-05
1.86862 	 -1.96989e-05
1.86962 	 -1.74059e-05
1.87062 	 -1.4963e-05
1.87162 	 -1.23621e-05
1.87262 	 -9.59539e-06
1.87362 	 -6.65512e-06
1.87462 	 -3.53398e-06
1.87563 	 -2.25002e-07
1.87663 	 3.27834e-06
1.87763 	 6.98212e-06
1.87863 	 1.08919e-05
1.87963 	 1.50125e-05
1.88063 	 1.93484e-05
1.88163 	 2.39032e-05
1.88263 	 2.86798e-05
1.88363 	 3.36804e-05
1.88463 	 3.89061e-05
1.88563 	 4.43576e-05
1.88663 	 5.00342e-05
1.88763 	 5.59348e-05
1.88863 	 6.20567e-05
1.88963 	 6.83968e-05
1.89063 	 7.49506e-05
1.89163 	 8.17126e-05
1.89263 	 8.86762e-05
1.89363 	 9.58338e-05
1.89463 	 0.000103177
1.89563 	 0.000110695
1.89663 	 0.000118378
1.89763 	 0.000126213
1.89863 	 0.000134187
1.89963 	 0.000142286
1.90063 	 0.000150494
1.90163 	 0.000158795
1.90263 	 0.000167171
1.90363 	 0.000175605
1.90463 	 0.000184075
1.90564 	 0.000192562
1.90664 	 0.000201045
1.90764 	 0.000209501
1.90864 	 0.000217908
1.90964 	 0.00022624
1.91064 	 0.000234475
1.91164 	 0.000242588
1.91264 	 0.000250551
1.91364 	 0.00025834
1.91464 	 0.000265929
1.91564 	 0.00027329
1.91664 	 0.000280396
1.91764 	 0.000287221
1.91864 	 0.000293738
1.91964 	 0.000299918
1.92064 	 0.000305737
1.92164 	 0.000311166
1.92264 	 0.000316179
1.92364 	 0.000320752
1.92464 	 0.000324857
1.92564 	 0.000328472
1.92664 	 0.000331571
1.92764 	 0.000334131
1.92864 	 0.000336131
1.92964 	 0.000337549
1.93064 	 0.000338364
1.93164 	 0.000338559
1.93264 	 0.000338116
1.93364 	 0.000337017
1.93464 	 0.00033525
1.93565 	 0.0003328
1.93665 	 0.000329655
1.93765 	 0.000325807
1.93865 	 0.000321246
1.93965 	 0.000315967
1.94065 	 0.000309965
1.94165 	 0.000303238
1.94265 	 0.000295784
1.94365 	 0.000287606
1.94465 	 0.000278708
1.94565 	 0.000269093
1.94665 	 0.000258772
1.94765 	 0.000247752
1.94865 	 0.000236046
1.94965 	 0.000223668
1.95065 	 0.000210633
1.95165 	 0.000196961
1.95265 	 0.000182671
1.95365 	 0.000167786
1.95465 	 0.000152329
1.95565 	 0.000136327
1.95665 	 0.000119808
1.95765 	 0.000102802
1.95865 	 8.53399e-05
1.95965 	 6.74556e-05
1.96065 	 4.91838e-05
1.96165 	 3.0561e-05
1.96265 	 1.16251e-05
1.96365 	 -7.58458e-06
1.96465 	 -2.70277e-05
1.96566 	 -4.66626e-05
1.96666 	 -6.64467e-05
1.96766 	 -8.63364e-05
1.96866 	 -0.000106288
1.96966 	 -0.000126255
1.97066 	 -0.000146194
1.97166 	 -0.000166057
1.97266 	 -0.0001858
1.97366 	 -0.000205375
1.97466 	 -0.000224737
1.97566 	 -0.000243839
1.97666 	 -0.000262635
1.97766 	 -0.000281081
1.97866 	 -0.000299131
1.97966 	 -0.000316741
1.98066 	 -0.000333867
1.98166 	 -0.000350468
1.98266 	 -0.000366503
1.98366 	 -0.00038193
1.98466 	 -0.000396711
1.98566 	 -0.00041081
1.98666 	 -0.00042419
1.98766 	 -0.000436817
1.98866 	 -0.00044866
1.98966 	 -0.000459688
1.99066 	 -0.000469873
1.99166 	 -0.000479188
1.99266 	 -0.00048761
1.99366 	 -0.000495117
1.99466 	 -0.00050169
1.99567 	 -0.000507311
1.99667 	 -0.000511966
1.99767 	 -0.000515642
1.99867 	 -0.000518331
1.99967 	 -0.000520024
2.00067 	 -0.000525471
2.00167 	 -0.00052514
2.00267 	 -0.00052381
2.00367 	 -0.000521483
2.00467 	 -0.000518165
2.00567 	 -0.000513865
2.00667 	 -0.000508594
2.00767 	 -0.000502365
2.00867 	 -0.000495194
2.00967 	 -0.000487099
2.01067 	 -0.000478102
2.01167 	 -0.000468224
2.01267 	 -0.000457492
2.01367 	 -0.000445933
2.01467 	 -0.000433576
2.01567 	 -0.000420452
2.01667 	 -0.000406594
2.01767 	 -0.000392038
2.01867 	 -0.00037682
2.01967 	 -0.000360979
2.02067 	 -0.000344553
2.02167 	 -0.000327583
2.02267 	 -0.000310112
2.02367 	 -0.000292182
2.02467 	 -0.000273838
2.02568 	 -0.000255123
2.02668 	 -0.000236084
2.02768 	 -0.000216766
2.02868 	 -0.000197214
2.02968 	 -0.000177476
2.03068 	 -0.000157598
2.03168 	 -0.000137626
2.03268 	 -0.000117605
2.03368 	 -9.75826e-05
2.03468 	 -7.7603e-05
2.03568 	 -5.77111e-05
2.03668 	 -3.79509e-05
2.03768 	 -1.83655e-05
2.03868 	 1.00312e-06
2.03968 	 2.01138e-05
2.04068 	 3.89267e-05
2.04168 	 5.74033e-05
2.04268 	 7.55064e-05
2.04368 	 9.32005e-05
2.04468 	 0.000110451
2.04568 	 0.000127227
2.04668 	 0.000143496
2.04768 	 0.00015923
2.04868 	 0.000174402
2.04968 	 0.000188988
2.05068 	 0.000202963
2.05168 	 0.000216306
2.05268 	 0.000229
2.05368 	 0.000241026
2.05468 	 0.000252371
2.05569 	 0.000263021
2.05669 	 0.000272966
2.05769 	 0.000282196
2.05869 	 0.000290707
2.05969 	 0.000298493
2.06069 	 0.000305552
2.06169 	 0.000311884
2.06269 	 0.000317491
2.06369 	 0.000322376
2.06469 	 0.000326546
2.06569 	 0.000330006
2.06669 	 0.000332767
2.06769 	 0.00033484
2.06869 	 0.000336236
2.06969 	 0.000336971
2.07069 	 0.00033706
2.07169 	 0.00033652
2.07269 	 0.000335369
2.07369 	 0.000333627
2.07469 	 0.000331315
2.07569 	 0.000328455
2.07669 	 0.000325068
2.07769 	 0.00032118
2.07869 	 0.000316814
2.07969 	 0.000311995
2.08069 	 0.00030675
2.08169 	 0.000301103
2.08269 	 0.000295083
2.08369 	 0.000288714
2.08469 	 0.000282025
2.0857 	 0.000275041
2.0867 	 0.000267791
2.0877 	 0.000260301
2.0887 	 0.000252598
2.0897 	 0.000244707
2.0907 	 0.000236655
2.0917 	 0.000228468
2.0927 	 0.000220171
2.0937 	 0.000211787
2.0947 	 0.000203342
2.0957 	 0.000194857
2.0967 	 0.000186356
2.0977 	 0.000177859
2.0987 	 0.000169387
2.0997 	 0.00016096
2.1007 	 0.000152597
2.1017 	 0.000144316
2.1027 	 0.000136132
2.1037 	 0.000128061
2.1047 	 0.000120119
2.1057 	 0.000112318
2.1067 	 0.000104671
2.1077 	 9.71883e-05
2.1087 	 8.98811e-05
2.1097 	 8.27578e-05
2.1107 	 7.58265e-05
2.1117 	 6.90938e-05
2.1127 	 6.25656e-05
2.1137 	 5.62464e-05
2.1147 	 5.01399e-05
2.11571 	 4.42487e-05
2.11671 	 3.85745e-05
2.11771 	 3.31182e-05
2.11871 	 2.78794e-05
2.11971 	 2.28571e-05
2.12071 	 1.80497e-05
2.12171 	 1.34543e-05
2.12271 	 9.06783e-06
2.12371 	 4.88615e-06
2.12471 	 9.04688e-07
2.12571 	 -2.88177e-06
2.12671 	 -6.47893e-06
2.12771 	 -9.89298e-06
2.12871 	 -1.31305e-05
2.12971 	 -1.61986e-05
2.13071 	 -1.91043e-05
2.13171 	 -2.18554e-05
2.13271 	 -2.44595e-05
2.13371 	 -2.69245e-05
2.13471 	 -2.92585e-05
2.13571 	 -3.14694e-05
2.13671 	 -3.35655e-05
2.13771 	 -3.55547e-05
2.13871 	 -3.7445e-05
2.13971 	 -3.92443e-05
2.14071 	 -4.09601e-05
2.14171 	 -4.26001e-05
2.14271 	 -4.41714e-05
2.14371 	 -4.56811e-05
2.14471 	 -4.71358e-05
2.14572 	 -4.85419e-05
2.14672 	 -4.99054e-05
2.14772 	 -5.1232e-05
2.14872 	 -5.2527e-05
2.14972 	 -5.37952e-05
2.15072 	 -5.5041e-05
2.15172 	 -5.62685e-05
2.15272 	 -5.74812e-05
2.15372 	 -5.86822e-05
2.15472 	 -5.98744e-05
2.15572 	 -6.10599e-05
2.15672 	 -6.22405e-05
2.15772 	 -6.34176e-05
2.15872 	 -6.45921e-05
2.15972 	 -6.57646e-05
2.16072 	 -6.69352e-05
2.16172 	 -6.81036e-05
2.16272 	 -6.92692e-05
2.16372 	 -7.04309e-05
2.16472 	 -7.15875e-05
2.16572 	 -7.27372e-05
2.16672 	 -7.38781e-05
2.16772 	 -7.5008e-05
2.16872 	 -7.61243e-05
2.16972 	 -7.72245e-05
2.17072 	 -7.83055e-05
2.17172 	 -7.93644e-05
2.17272 	 -8.03979e-05
2.17372 	 -8.14026e-05
2.17472 	 -8.23752e-05
2.17573 	 -8.33121e-05
2.17673 	 -8.42099e-05
2.17773 	 -8.5065e-05
2.17873 	 -8.58738e-05
2.17973 	 -8.6633e-05
2.18073 	 -8.73392e-05
2.18173 	 -8.79889e-05
2.18273 	 -8.8579e-05
2.18373 	 -8.91064e-05
2.18473 	 -8.95681e-05
2.18573 	 -8.99616e-05
2.18673 	 -9.02841e-05
2.18773 	 -9.05333e-05
2.18873 	 -9.07071e-05
2.18973 	 -9.08036e-05
2.19073 	 -9.08211e-05
2.19173 	 -9.07583e-05
2.19273 	 -9.06139e-05
2.19373 	 -9.03872e-05
2.19473 	 -9.00775e-05
2.19573 	 -8.96845e-05
2.19673 	 -8.92082e-05
2.19773 	 -8.86488e-05
2.19873 	 -8.80069e-05
2.19973 	 -8.72832e-05
2.20073 	 -8.64789e-05
2.20173 	 -8.55952e-05
2.20273 	 -8.46338e-05
2.20373 	 -8.35966e-05
2.20473 	 -8.24855e-05
2.20574 	 -8.1303e-05
2.20674 	 -8.00516e-05
2.20774 	 -7.8734e-05
2.20874 	 -7.73531e-05
2.20974 	 -7.59122e-05
2.21074 	 -7.44144e-05
2.21174 	 -7.28632e-05
2.21274 	 -7.12621e-05
2.21374 	 -6.96149e-05
2.21474 	 -6.79253e-05
2.21574 	 -6.61972e-05
2.21674 	 -6.44344e-05
2.21774 	 -6.26409e-05
2.21874 	 -6.08208e-05
2.21974 	 -5.89779e-05
2.22074 	 -5.71164e-05
2.22174 	 -5.52402e-05
2.22274 	 -5.33533e-05
2.22374 	 -5.14595e-05
2.22474 	 -4.95626e-05
2.22574 	 -4.76665e-05
2.22674 	 -4.57746e-05
2.22774 	 -4.38907e-05
2.22874 	 -4.20181e-05
2.22974 	 -4.01601e-05
2.23074 	 -3.83198e-05
2.23174 	 -3.65003e-05
2.23274 	 -3.47043e-05
2.23374 	 -3.29347e-05
2.23475 	 -3.11938e-05
2.23575 	 -2.94841e-05
2.23675 	 -2.78076e-05
2.23775 	 -2.61664e-05
2.23875 	 -2.45621e-05
2.23975 	 -2.29965e-05
2.24075 	 -2.14709e-05
2.24175 	 -1.99866e-05
2.24275 	 -1.85445e-05
2.24375 	 -1.71456e-05
2.24475 	 -1.57904e-05
2.24575 	 -1.44796e-05
2.24675 	 -1.32133e-05
2.24775 	 -1.19918e-05
2.24875 	 -1.08151e-05
2.24975 	 -9.68297e-06
2.25075 	 -8.59516e-06
2.25175 	 -7.55123e-06
2.25275 	 -6.5506e-06
2.25375 	 -5.59258e-06
2.25475 	 -4.67637e-06
2.25575 	 -3.80107e-06
2.25675 	 -2.96567e-06
2.25775 	 -2.1691e-06
2.25875 	 -1.41019e-06
2.25975 	 -6.87733e-07
2.26075 	 -4.32041e-10
2.26175 	 6.53028e-07
2.26275 	 1.27402e-06
2.26375 	 1.86392e-06
2.26476 	 2.42415e-06
2.26576 	 2.95613e-06
2.26676 	 3.46128e-06
2.26776 	 3.94103e-06
2.26876 	 4.39677e-06
2.26976 	 4.8299e-06
2.27076 	 5.24179e-06
2.27176 	 5.63375e-06
2.27276 	 6.00709e-06
2.27376 	 6.36305e-06
2.27476 	 6.70285e-06
2.27576 	 7.02763e-06
2.27676 	 7.33849e-06
2.27776 	 7.63649e-06
2.27876 	 7.9226e-06
2.27976 	 8.19775e-06
2.28076 	 8.46281e-06
2.28176 	 8.71857e-06
2.28276 	 8.96578e-06
2.28376 	 9.20511e-06
2.28476 	 9.43718e-06
2.28576 	 9.66254e-06
2.28676 	 9.8817e-06
2.28776 	 1.00951e-05
2.28876 	 1.03031e-05
2.28976 	 1.05061e-05
2.29076 	 1.07043e-05
2.29176 	 1.0898e-05
2.29276 	 1.10875e-05
2.29376 	 1.12728e-05
2.29476 	 1.1454e-05
2.29577 	 1.16314e-05
2.29677 	 1.18049e-05
2.29777 	 1.19747e-05
2.29877 	 1.21407e-05
2.29977 	 1.2303e-05
2.30077 	 1.24616e-05
2.30177 	 1.26165e-05
2.30277 	 1.27676e-05
2.30377 	 1.29151e-05
2.30477 	 1.30588e-05
2.30577 	 1.31989e-05
2.30677 	 1.33352e-05
2.30777 	 1.34679e-05
2.30877 	 1.35971e-05
2.30977 	 1.37226e-05
2.31077 	 1.38448e-05
2.31177 	 1.39635e-05
2.31277 	 1.4079e-05
2.31377 	 1.41915e-05
2.31477 	 1.43009e-05
2.31577 	 1.44077e-05
2.31677 	 1.45119e-05
2.31777 	 1.46138e-05
2.31877 	 1.47136e-05
2.31977 	 1.48116e-05
2.32077 	 1.49081e-05
2.32177 	 1.50034e-05
2.32277 	 1.50977e-05
2.32377 	 1.51916e-05
2.32477 	 1.52851e-05
2.32578 	 1.53788e-05
2.32678 	 1.54729e-05
2.32778 	 1.55678e-05
2.32878 	 1.56639e-05
2.32978 	 1.57614e-05
2.33078 	 1.58607e-05
2.33178 	 1.59622e-05
2.33278 	 1.60661e-05
2.33378 	 1.61728e-05
2.33478 	 1.62824e-05
2.33578 	 1.63953e-05
2.33678 	 1.65117e-05
2.33778 	 1.66316e-05
2.33878 	 1.67554e-05
2.33978 	 1.68831e-05
2.34078 	 1.70148e-05
2.34178 	 1.71506e-05
2.34278 	 1.72903e-05
2.34378 	 1.74341e-05
2.34478 	 1.75817e-05
2.34578 	 1.77332e-05
2.34678 	 1.78882e-05
2.34778 	 1.80465e-05
2.34878 	 1.82079e-05
2.34978 	 1.8372e-05
2.35078 	 1.85386e-05
2.35178 	 1.8707e-05
2.35278 	 1.88769e-05
2.35378 	 1.90478e-05
2.35478 	 1.92191e-05
2.35579 	 1.93902e-05
2.35679 	 1.95604e-05
2.35779 	 1.97291e-05
2.35879 	 1.98956e-05
2.35979 	 2.00592e-05
2.36079 	 2.0219e-05
2.36179 	 2.03743e-05
2.36279 	 2.05242e-05
2.36379 	 2.06679e-05
2.36479 	 2.08047e-05
2.36579 	 2.09335e-05
2.36679 	 2.10536e-05
2.36779 	 2.11641e-05
2.36879 	 2.12641e-05
2.36979 	 2.13528e-05
2.37079 	 2.14293e-05
2.37179 	 2.14928e-05
2.37279 	 2.15425e-05
2.37379 	 2.15776e-05
2.37479 	 2.15973e-05
2.37579 	 2.16009e-05
2.37679 	 2.15878e-05
2.37779 	 2.15572e-05
2.37879 	 2.15086e-05
2.37979 	 2.14414e-05
2.38079 	 2.1355e-05
2.38179 	 2.12491e-05
2.38279 	 2.11231e-05
2.38379 	 2.09768e-05
2.38479 	 2.08098e-05
2.3858 	 2.06219e-05
2.3868 	 2.04128e-05
2.3878 	 2.01826e-05
2.3888 	 1.9931e-05
2.3898 	 1.96582e-05
2.3908 	 1.93641e-05
2.3918 	 1.9049e-05
2.3928 	 1.87129e-05
2.3938 	 1.83561e-05
2.3948 	 1.7979e-05
2.3958 	 1.75819e-05
2.3968 	 1.71651e-05
2.3978 	 1.67293e-05
2.3988 	 1.62748e-05
2.3998 	 1.58022e-05
2.4008 	 1.53123e-05
2.4018 	 1.48055e-05
2.4028 	 1.42827e-05
2.4038 	 1.37445e-05
2.4048 	 1.31916e-05
2.4058 	 1.2625e-05
2.4068 	 1.20454e-05
2.4078 	 1.14536e-05
2.4088 	 1.08505e-05
2.4098 	 1.0237e-05
2.4108 	 9.61384e-06
2.4118 	 8.98202e-06
2.4128 	 8.34239e-06
2.4138 	 7.69583e-06
2.4148 	 7.04321e-06
2.41581 	 6.3854e-06
2.41681 	 5.72324e-06
2.41781 	 5.05757e-06
2.41881 	 4.38921e-06
2.41981 	 3.71894e-06
2.42081 	 3.04755e-06
2.42181 	 2.37576e-06
2.42281 	 1.70429e-06
2.42381 	 1.03382e-06
2.42481 	 3.64982e-07
2.42581 	 -3.01606e-07
2.42681 	 -9.65372e-07
2.42781 	 -1.62579e-06
2.42881 	 -2.28236e-06
2.42981 	 -2.93462e-06
2.43081 	 -3.58217e-06
2.43181 	 -4.22463e-06
2.43281 	 -4.86167e-06
2.43381 	 -5.49298e-06
2.43481 	 -6.1183e-06
2.43581 	 -6.73743e-06
2.43681 	 -7.35018e-06
2.43781 	 -7.95638e-06
2.43881 	 -8.55594e-06
2.43981 	 -9.14877e-06
2.44081 	 -9.7348e-06
2.44181 	 -1.0314e-05
2.44281 	 -1.08864e-05
2.44381 	 -1.1452e-05
2.44481 	 -1.20109e-05
2.44582 	 -1.2563e-05
2.44682 	 -1.31085e-05
2.44782 	 -1.36475e-05
2.44882 	 -1.418e-05
2.44982 	 -1.47062e-05
2.45082 	 -1.52262e-05
2.45182 	 -1.574e-05
2.45282 	 -1.62479e-05
2.45382 	 -1.67498e-05
2.45482 	 -1.72459e-05
2.45582 	 -1.77362e-05
2.45682 	 -1.82209e-05
2.45782 	 -1.87001e-05
2.45882 	 -1.91737e-05
2.45982 	 -1.96418e-05
2.46082 	 -2.01045e-05
2.46182 	 -2.05616e-05
2.46282 	 -2.10133e-05
2.46382 	 -2.14594e-05
2.46482 	 -2.19e-05
2.46582 	 -2.23348e-05
2.46682 	 -2.27638e-05
2.46782 	 -2.31869e-05
2.46882 	 -2.36038e-05
2.46982 	 -2.40144e-05
2.47082 	 -2.44186e-05
2.47182 	 -2.4816e-05
2.47282 	 -2.52064e-05
2.47382 	 -2.55895e-05
2.47482 	 -2.59651e-05
2.47583 	 -2.63329e-05
2.47683 	 -2.66924e-05
2.47783 	 -2.70434e-05
2.47883 	 -2.73854e-05
2.47983 	 -2.77182e-05
2.48083 	 -2.80414e-05
2.48183 	 -2.83546e-05
2.48283 	 -2.86573e-05
2.48383 	 -2.89492e-05
2.48483 	 -2.92299e-05
2.48583 	 -2.94989e-05
2.48683 	 -2.9756e-05
2.48783 	 -3.00008e-05
2.48883 	 -3.02327e-05
2.48983 	 -3.04516e-05
2.49083 	 -3.0657e-05
2.49183 	 -3.08486e-05
2.49283 	 -3.1026e-05
2.49383 	 -3.11891e-05
2.49483 	 -3.13374e-05
2.49583 	 -3.14708e-05
2.49683 	 -3.1589e-05
2.49783 	 -3.16918e-05
2.49883 	 -3.1779e-05
2.49983 	 -3.18504e-05
2.50083 	 -3.1906e-05
2.50183 	 -3.19456e-05
2.50283 	 -3.19691e-05
2.50383 	 -3.19765e-05
2.50483 	 -3.19679e-05
2.50584 	 -3.19431e-05
2.50684 	 -3.19023e-05
2.50784 	 -3.18455e-05
2.50884 	 -3.17728e-05
2.50984 	 -3.16844e-05
2.51084 	 -3.15804e-05
2.51184 	 -3.14609e-05
2.51284 	 -3.13263e-05
2.51384 	 -3.11766e-05
2.51484 	 -3.10122e-05
2.51584 	 -3.08333e-05
2.51684 	 -3.06401e-05
2.51784 	 -3.04331e-05
2.51884 	 -3.02124e-05
2.51984 	 -2.99784e-05
2.52084 	 -2.97314e-05
2.52184 	 -2.94718e-05
2.52284 	 -2.91999e-05
2.52384 	 -2.8916e-05
2.52484 	 -2.86204e-05
2.52584 	 -2.83136e-05
2.52684 	 -2.79958e-05
2.52784 	 -2.76673e-05
2.52884 	 -2.73286e-05
2.52984 	 -2.69798e-05
2.53084 	 -2.66214e-05
2.53184 	 -2.62535e-05
2.53284 	 -2.58765e-05
2.53384 	 -2.54906e-05
2.53484 	 -2.50961e-05
2.53585 	 -2.46932e-05
2.53685 	 -2.42821e-05
2.53785 	 -2.3863e-05
2.53885 	 -2.3436e-05
2.53985 	 -2.30014e-05
2.54085 	 -2.25593e-05
2.54185 	 -2.21097e-05
2.54285 	 -2.16529e-05
2.54385 	 -2.11888e-05
2.54485 	 -2.07175e-05
2.54585 	 -2.02392e-05
2.54685 	 -1.97538e-05
2.54785 	 -1.92613e-05
2.54885 	 -1.87619e-05
2.54985 	 -1.82554e-05
2.55085 	 -1.77419e-05
2.55185 	 -1.72213e-05
2.55285 	 -1.66938e-05
2.55385 	 -1.61591e-05
2.55485 	 -1.56174e-05
2.55585 	 -1.50687e-05
2.55685 	 -1.45128e-05
2.55785 	 -1.39499e-05
2.55885 	 -1.33799e-05
2.55985 	 -1.28028e-05
2.56085 	 -1.22187e-05
2.56185 	 -1.16276e-05
2.56285 	 -1.10297e-05
2.56385 	 -1.04249e-05
2.56485 	 -9.81344e-06
2.56586 	 -9.19543e-06
2.56686 	 -8.57102e-06
2.56786 	 -7.94041e-06
2.56886 	 -7.30382e-06
2.56986 	 -6.66151e-06
2.57086 	 -6.01375e-06
2.57186 	 -5.36086e-06
2.57286 	 -4.70319e-06
2.57386 	 -4.04114e-06
2.57486 	 -3.3751e-06
2.57586 	 -2.70554e-06
2.57686 	 -2.03294e-06
2.57786 	 -1.35782e-06
2.57886 	 -6.80728e-07
2.57986 	 -2.25551e-09
2.58086 	 6.76986e-07
2.58186 	 1.35635e-06
2.58286 	 2.03517e-06
2.58386 	 2.71274e-06
2.58486 	 3.38835e-06
2.58586 	 4.06124e-06
2.58686 	 4.73066e-06
2.58786 	 5.39582e-06
2.58886 	 6.05594e-06
2.58986 	 6.71021e-06
2.59086 	 7.35782e-06
2.59186 	 7.99795e-06
2.59286 	 8.62979e-06
2.59386 	 9.25252e-06
2.59486 	 9.86533e-06
2.59587 	 1.04674e-05
2.59687 	 1.1058e-05
2.59787 	 1.16363e-05
2.59887 	 1.22016e-05
2.59987 	 1.27532e-05
2.60087 	 1.32902e-05
2.60187 	 1.38122e-05
2.60287 	 1.43184e-05
2.60387 	 1.48082e-05
2.60487 	 1.52812e-05
2.60587 	 1.57366e-05
2.60687 	 1.61742e-05
2.60787 	 1.65934e-05
2.60887 	 1.69939e-05
2.60987 	 1.73753e-05
2.61087 	 1.77374e-05
2.61187 	 1.80799e-05
2.61287 	 1.84028e-05
2.61387 	 1.87058e-05
2.61487 	 1.89889e-05
2.61587 	 1.92521e-05
2.61687 	 1.94955e-05
2.61787 	 1.97193e-05
2.61887 	 1.99235e-05
2.61987 	 2.01084e-05
2.62087 	 2.02743e-05
2.62187 	 2.04215e-05
2.62287 	 2.05504e-05
2.62387 	 2.06615e-05
2.62488 	 2.07552e-05
2.62588 	 2.08321e-05
2.62688 	 2.08927e-05
2.62788 	 2.09376e-05
2.62888 	 2.09675e-05
2.62988 	 2.09831e-05
2.63088 	 2.0985e-05
2.63188 	 2.0974e-05
2.63288 	 2.09509e-05
2.63388 	 2.09164e-05
2.63488 	 2.08712e-05
2.63588 	 2.08163e-05
2.63688 	 2.07523e-05
2.63788 	 2.06801e-05
2.63888 	 2.06005e-05
2.63988 	 2.05143e-05
2.64088 	 2.04222e-05
2.64188 	 2.03251e-05
2.64288 	 2.02237e-05
2.64388 	 2.01186e-05
2.64488 	 2.00107e-05
2.64588 	 1.99006e-05
2.64688 	 1.9789e-05
2.64788 	 1.96765e-05
2.64888 	 1.95636e-05
2.64988 	 1.94509e-05
2.65088 	 1.9339e-05
2.65188 	 1.92282e-05
2.65288 	 1.91191e-05
2.65388 	 1.9012e-05
2.65489 	 1.89072e-05
2.65589 	 1.88051e-05
2.65689 	 1.87059e-05
2.65789 	 1.86097e-05
2.65889 	 1.85168e-05
2.65989 	 1.84272e-05
2.66089 	 1.83411e-05
2.66189 	 1.82585e-05
2.66289 	 1.81793e-05
2.66389 	 1.81035e-05
2.66489 	 1.8031e-05
2.66589 	 1.79617e-05
2.66689 	 1.78954e-05
2.66789 	 1.7832e-05
2.66889 	 1.77712e-05
2.66989 	 1.77128e-05
2.67089 	 1.76566e-05
2.67189 	 1.76021e-05
2.67289 	 1.75492e-05
2.67389 	 1.74976e-05
2.67489 	 1.74468e-05
2.67589 	 1.73967e-05
2.67689 	 1.73467e-05
2.67789 	 1.72967e-05
2.67889 	 1.72462e-05
2.67989 	 1.7195e-05
2.68089 	 1.71427e-05
2.68189 	 1.70889e-05
2.68289 	 1.70335e-05
2.68389 	 1.6976e-05
2.6849 	 1.69163e-05
2.6859 	 1.6854e-05
2.6869 	 1.67889e-05
2.6879 	 1.67207e-05
2.6889 	 1.66493e-05
2.6899 	 1.65745e-05
2.6909 	 1.64961e-05
2.6919 	 1.6414e-05
2.6929 	 1.6328e-05
2.6939 	 1.6238e-05
2.6949 	 1.61439e-05
2.6959 	 1.60456e-05
2.6969 	 1.59432e-05
2.6979 	 1.58364e-05
2.6989 	 1.57253e-05
2.6999 	 1.56099e-05
2.7009 	 1.549e-05
2.7019 	 1.53658e-05
2.7029 	 1.52371e-05
2.7039 	 1.51039e-05
2.7049 	 1.49661e-05
2.7059 	 1.48238e-05
2.7069 	 1.46768e-05
2.7079 	 1.45251e-05
2.7089 	 1.43685e-05
2.7099 	 1.42069e-05
2.7109 	 1.40402e-05
2.7119 	 1.3868e-05
2.7129 	 1.36903e-05
2.7139 	 1.35067e-05
2.71491 	 1.33168e-05
2.71591 	 1.31203e-05
2.71691 	 1.29169e-05
2.71791 	 1.27059e-05
2.71891 	 1.24869e-05
2.71991 	 1.22593e-05
2.72091 	 1.20225e-05
2.72191 	 1.17757e-05
2.72291 	 1.15183e-05
2.72391 	 1.12493e-05
2.72491 	 1.09679e-05
2.72591 	 1.06732e-05
2.72691 	 1.03642e-05
2.72791 	 1.00399e-05
2.72891 	 9.69903e-06
2.72991 	 9.34059e-06
2.73091 	 8.96336e-06
2.73191 	 8.5661e-06
2.73291 	 8.14754e-06
2.73391 	 7.70637e-06
2.73491 	 7.24125e-06
2.73591 	 6.75085e-06
2.73691 	 6.23378e-06
2.73791 	 5.68867e-06
2.73891 	 5.11415e-06
2.73991 	 4.50884e-06
2.74091 	 3.87139e-06
2.74191 	 3.20046e-06
2.74291 	 2.49477e-06
2.74391 	 1.75304e-06
2.74492 	 9.74076e-07
2.74592 	 1.56715e-07
2.74692 	 -7.00122e-07
2.74792 	 -1.59744e-06
2.74892 	 -2.53617e-06
2.74992 	 -3.51712e-06
2.75092 	 -4.54102e-06
2.75192 	 -5.60848e-06
2.75292 	 -6.71999e-06
2.75392 	 -7.87589e-06
2.75492 	 -9.07642e-06
2.75592 	 -1.03217e-05
2.75692 	 -1.16115e-05
2.75792 	 -1.29457e-05
2.75892 	 -1.4324e-05
2.75992 	 -1.57456e-05
2.76092 	 -1.721e-05
2.76192 	 -1.87161e-05
2.76292 	 -2.02629e-05
2.76392 	 -2.18492e-05
2.76492 	 -2.34733e-05
2.76592 	 -2.51338e-05
2.76692 	 -2.68288e-05
2.76792 	 -2.85563e-05
2.76892 	 -3.03141e-05
2.76992 	 -3.20998e-05
2.77092 	 -3.3911e-05
2.77192 	 -3.57449e-05
2.77292 	 -3.75987e-05
2.77392 	 -3.94695e-05
2.77492 	 -4.1354e-05
2.77593 	 -4.3249e-05
2.77693 	 -4.51512e-05
2.77793 	 -4.70569e-05
2.77893 	 -4.89627e-05
2.77993 	 -5.08648e-05
2.78093 	 -5.27594e-05
2.78193 	 -5.46428e-05
2.78293 	 -5.65111e-05
2.78393 	 -5.83603e-05
2.78493 	 -6.01866e-05
2.78593 	 -6.19861e-05
2.78693 	 -6.37548e-05
2.78793 	 -6.54889e-05
2.78893 	 -6.71847e-05
2.78993 	 -6.88382e-05
2.79093 	 -7.0446e-05
2.79193 	 -7.20045e-05
2.79293 	 -7.35101e-05
2.79393 	 -7.49597e-05
2.79493 	 -7.635e-05
2.79593 	 -7.76781e-05
2.79693 	 -7.89411e-05
2.79793 	 -8.01365e-05
2.79893 	 -8.12618e-05
2.79993 	 -8.23148e-05
2.80093 	 -8.32936e-05
2.80193 	 -8.41963e-05
2.80293 	 -8.50216e-05
2.80393 	 -8.57682e-05
2.80493 	 -8.64351e-05
2.80594 	 -8.70215e-05
2.80694 	 -8.75272e-05
2.80794 	 -8.79518e-05
2.80894 	 -8.82955e-05
2.80994 	 -8.85587e-05
2.81094 	 -8.8742e-05
2.81194 	 -8.88463e-05
2.81294 	 -8.88728e-05
2.81394 	 -8.88228e-05
2.81494 	 -8.86981e-05
2.81594 	 -8.85005e-05
2.81694 	 -8.82322e-05
2.81794 	 -8.78954e-05
2.81894 	 -8.74926e-05
2.81994 	 -8.70266e-05
2.82094 	 -8.65002e-05
2.82194 	 -8.59164e-05
2.82294 	 -8.52781e-05
2.82394 	 -8.45888e-05
2.82494 	 -8.38515e-05
2.82594 	 -8.30696e-05
2.82694 	 -8.22466e-05
2.82794 	 -8.13856e-05
2.82894 	 -8.04901e-05
2.82994 	 -7.95632e-05
2.83094 	 -7.86083e-05
2.83194 	 -7.76284e-05
2.83294 	 -7.66264e-05
2.83394 	 -7.56052e-05
2.83494 	 -7.45674e-05
2.83595 	 -7.35154e-05
2.83695 	 -7.24514e-05
2.83795 	 -7.13774e-05
2.83895 	 -7.0295e-05
2.83995 	 -6.92056e-05
2.84095 	 -6.81102e-05
2.84195 	 -6.70095e-05
2.84295 	 -6.59038e-05
2.84395 	 -6.47932e-05
2.84495 	 -6.36771e-05
2.84595 	 -6.25547e-05
2.84695 	 -6.14248e-05
2.84795 	 -6.02858e-05
2.84895 	 -5.91354e-05
2.84995 	 -5.79713e-05
2.85095 	 -5.67903e-05
2.85195 	 -5.55892e-05
2.85295 	 -5.43641e-05
2.85395 	 -5.31107e-05
2.85495 	 -5.18244e-05
2.85595 	 -5.05002e-05
2.85695 	 -4.91325e-05
2.85795 	 -4.77156e-05
2.85895 	 -4.62433e-05
2.85995 	 -4.47091e-05
2.86095 	 -4.31063e-05
2.86195 	 -4.14277e-05
2.86295 	 -3.96661e-05
2.86395 	 -3.7814e-05
2.86495 	 -3.58637e-05
2.86596 	 -3.38074e-05
2.86696 	 -3.16372e-05
2.86796 	 -2.93451e-05
2.86896 	 -2.69233e-05
2.86996 	 -2.43637e-05
2.87096 	 -2.16586e-05
2.87196 	 -1.88003e-05
2.87296 	 -1.57813e-05
2.87396 	 -1.25943e-05
2.87496 	 -9.23239e-06
2.87596 	 -5.6889e-06
2.87696 	 -1.9576e-06
2.87796 	 1.96729e-06
2.87896 	 6.09107e-06
2.87996 	 1.04185e-05
2.88096 	 1.49536e-05
2.88196 	 1.97001e-05
2.88296 	 2.46605e-05
2.88396 	 2.98371e-05
2.88496 	 3.5231e-05
2.88596 	 4.08427e-05
2.88696 	 4.66716e-05
2.88796 	 5.27166e-05
2.88896 	 5.89751e-05
2.88996 	 6.54441e-05
2.89096 	 7.2119e-05
2.89196 	 7.89946e-05
2.89296 	 8.60646e-05
2.89396 	 9.33213e-05
2.89496 	 0.000100756
2.89597 	 0.00010836
2.89697 	 0.000116122
2.89797 	 0.000124029
2.89897 	 0.000132069
2.89997 	 0.000140229
2.90097 	 0.000148492
2.90197 	 0.000156843
2.90297 	 0.000165264
2.90397 	 0.000173738
2.90497 	 0.000182244
2.90597 	 0.000190763
2.90697 	 0.000199273
2.90797 	 0.000207753
2.90897 	 0.000216181
2.90997 	 0.000224532
2.91097 	 0.000232782
2.91197 	 0.000240907
2.91297 	 0.000248881
2.91397 	 0.000256679
2.91497 	 0.000264274
2.91597 	 0.000271641
2.91697 	 0.000278751
2.91797 	 0.000285579
2.91897 	 0.000292098
2.91997 	 0.00029828
2.92097 	 0.000304099
2.92197 	 0.000309529
2.92297 	 0.000314543
2.92397 	 0.000319115
2.92497 	 0.000323221
2.92598 	 0.000326835
2.92698 	 0.000329934
2.92798 	 0.000332495
2.92898 	 0.000334495
2.92998 	 0.000335913
2.93098 	 0.00033673
2.93198 	 0.000336926
2.93298 	 0.000336485
2.93398 	 0.000335389
2.93498 	 0.000333623
2.93598 	 0.000331176
2.93698 	 0.000328035
2.93798 	 0.00032419
2.93898 	 0.000319634
2.93998 	 0.000314359
2.94098 	 0.000308362
2.94198 	 0.00030164
2.94298 	 0.000294192
2.94398 	 0.00028602
2.94498 	 0.000277127
2.94598 	 0.000267519
2.94698 	 0.000257204
2.94798 	 0.000246191
2.94898 	 0.000234492
2.94998 	 0.000222121
2.95098 	 0.000209095
2.95198 	 0.000195431
2.95298 	 0.00018115
2.95398 	 0.000166274
2.95498 	 0.000150827
2.95599 	 0.000134835
2.95699 	 0.000118327
2.95799 	 0.000101332
2.95899 	 8.38816e-05
2.95999 	 6.601e-05
2.96099 	 4.77518e-05
2.96199 	 2.91435e-05
2.96299 	 1.02232e-05
2.96399 	 -8.9699e-06
2.96499 	 -2.83952e-05
2.96599 	 -4.80111e-05
2.96699 	 -6.77749e-05
2.96799 	 -8.76429e-05
2.96899 	 -0.000107571
2.96999 	 -0.000127514
2.97099 	 -0.000147426
2.97199 	 -0.000167261
2.97299 	 -0.000186974
2.97399 	 -0.000206517
2.97499 	 -0.000225845
2.97599 	 -0.000244911
2.97699 	 -0.00026367
2.97799 	 -0.000282076
2.97899 	 -0.000300085
2.97999 	 -0.000317651
2.98099 	 -0.000334732
2.98199 	 -0.000351286
2.98299 	 -0.00036727
2.98399 	 -0.000382646
2.98499 	 -0.000397375
2.986 	 -0.000411418
2.987 	 -0.000424742
2.988 	 -0.000437312
2.989 	 -0.000449096
2.99 	 -0.000460063
2.991 	 -0.000470186
2.992 	 -0.00047944
2.993 	 -0.000487799
2.994 	 -0.000495242
2.995 	 -0.000501751
2.996 	 -0.000507308
2.997 	 -0.0005119
2.998 	 -0.000515514
2.999 	 -0.00051814
3 	 -0.000519773
