0 	 0.499444
0.00100033 	 0.498308
0.00200067 	 0.495876
0.003001 	 0.492156
0.00400133 	 0.487159
0.00500167 	 0.480901
0.006002 	 0.473404
0.00700233 	 0.464691
0.00800267 	 0.454789
0.009003 	 0.443732
0.0100033 	 0.431555
0.0110037 	 0.418295
0.012004 	 0.403997
0.0130043 	 0.388706
0.0140047 	 0.372469
0.015005 	 0.35534
0.0160053 	 0.337371
0.0170057 	 0.31862
0.018006 	 0.299146
0.0190063 	 0.27901
0.0200067 	 0.258274
0.021007 	 0.237004
0.0220073 	 0.215265
0.0230077 	 0.193125
0.024008 	 0.17065
0.0250083 	 0.147911
0.0260087 	 0.124975
0.027009 	 0.101913
0.0280093 	 0.0787921
0.0290097 	 0.0556825
0.03001 	 0.0326522
0.0310103 	 0.00976855
0.0320107 	 -0.012902
0.033011 	 -0.0352944
0.0340113 	 -0.0573449
0.0350117 	 -0.0789914
0.036012 	 -0.100174
0.0370123 	 -0.120834
0.0380127 	 -0.140917
0.039013 	 -0.160369
0.0400133 	 -0.179139
0.0410137 	 -0.197179
0.042014 	 -0.214445
0.0430143 	 -0.230894
0.0440147 	 -0.246488
0.045015 	 -0.261192
0.0460153 	 -0.274973
0.0470157 	 -0.287802
0.048016 	 -0.299656
0.0490163 	 -0.310511
0.0500167 	 -0.320351
0.051017 	 -0.329161
0.0520173 	 -0.33693
0.0530177 	 -0.343652
0.054018 	 -0.349322
0.0550183 	 -0.353942
0.0560187 	 -0.357515
0.057019 	 -0.360048
0.0580193 	 -0.361552
0.0590197 	 -0.362041
0.06002 	 -0.361532
0.0610203 	 -0.360045
0.0620207 	 -0.357604
0.063021 	 -0.354235
0.0640213 	 -0.349967
0.0650217 	 -0.344832
0.066022 	 -0.338863
0.0670223 	 -0.332096
0.0680227 	 -0.32457
0.069023 	 -0.316326
0.0700233 	 -0.307405
0.0710237 	 -0.297851
0.072024 	 -0.287709
0.0730243 	 -0.277025
0.0740247 	 -0.265846
0.075025 	 -0.25422
0.0760253 	 -0.242196
0.0770257 	 -0.229822
0.078026 	 -0.217149
0.0790263 	 -0.204224
0.0800267 	 -0.191097
0.081027 	 -0.177816
0.0820273 	 -0.164431
0.0830277 	 -0.150988
0.084028 	 -0.137533
0.0850283 	 -0.124113
0.0860287 	 -0.110771
0.087029 	 -0.0975511
0.0880293 	 -0.0844943
0.0890297 	 -0.0716404
0.09003 	 -0.0590277
0.0910303 	 -0.0466924
0.0920307 	 -0.0346689
0.093031 	 -0.0229895
0.0940313 	 -0.0116844
0.0950317 	 -0.000781362
0.096032 	 0.00969384
0.0970323 	 0.0197179
0.0980327 	 0.0292699
0.099033 	 0.0383312
0.100033 	 0.0468857
0.101034 	 0.0549198
0.102034 	 0.0624222
0.103034 	 0.0693841
0.104035 	 0.0757989
0.105035 	 0.0816627
0.106035 	 0.0869738
0.107036 	 0.0917328
0.108036 	 0.0959423
0.109036 	 0.0996075
0.110037 	 0.102735
0.111037 	 0.105335
0.112037 	 0.107417
0.113038 	 0.108995
0.114038 	 0.110082
0.115038 	 0.110696
0.116039 	 0.110853
0.117039 	 0.110574
0.118039 	 0.109877
0.11904 	 0.108785
0.12004 	 0.107319
0.12104 	 0.105505
0.122041 	 0.103364
0.123041 	 0.100923
0.124041 	 0.0982066
0.125042 	 0.0952402
0.126042 	 0.0920499
0.127042 	 0.0886618
0.128043 	 0.085102
0.129043 	 0.0813964
0.130043 	 0.0775707
0.131044 	 0.0736503
0.132044 	 0.0696602
0.133044 	 0.0656248
0.134045 	 0.0615677
0.135045 	 0.057512
0.136045 	 0.0534799
0.137046 	 0.0494925
0.138046 	 0.0455701
0.139046 	 0.0417319
0.140047 	 0.037996
0.141047 	 0.0343792
0.142047 	 0.0308972
0.143048 	 0.0275643
0.144048 	 0.0243936
0.145048 	 0.0213969
0.146049 	 0.0185845
0.147049 	 0.0159654
0.148049 	 0.0135473
0.14905 	 0.0113364
0.15005 	 0.00933767
0.15105 	 0.00755454
0.152051 	 0.00598926
0.153051 	 0.00464272
0.154051 	 0.00351455
0.155052 	 0.00260311
0.156052 	 0.00190558
0.157052 	 0.00141802
0.158053 	 0.00113534
0.159053 	 0.00105145
0.160053 	 0.00115928
0.161054 	 0.00145082
0.162054 	 0.00191723
0.163054 	 0.0025489
0.164055 	 0.0033355
0.165055 	 0.00426607
0.166055 	 0.00532909
0.167056 	 0.00651259
0.168056 	 0.00780416
0.169056 	 0.00919108
0.170057 	 0.0106604
0.171057 	 0.012199
0.172057 	 0.0137935
0.173058 	 0.0154309
0.174058 	 0.0170978
0.175058 	 0.0187812
0.176059 	 0.0204683
0.177059 	 0.0221463
0.178059 	 0.023803
0.17906 	 0.0254265
0.18006 	 0.0270053
0.18106 	 0.0285284
0.182061 	 0.0299854
0.183061 	 0.0313664
0.184061 	 0.0326621
0.185062 	 0.0338641
0.186062 	 0.0349644
0.187062 	 0.0359559
0.188063 	 0.0368322
0.189063 	 0.0375877
0.190063 	 0.0382175
0.191064 	 0.0387176
0.192064 	 0.0390848
0.193064 	 0.0393166
0.194065 	 0.0394113
0.195065 	 0.039368
0.196065 	 0.0391868
0.197066 	 0.0388682
0.198066 	 0.0384137
0.199066 	 0.0378254
0.200067 	 0.0371063
0.201067 	 0.0362596
0.202067 	 0.0352897
0.203068 	 0.0342012
0.204068 	 0.0329995
0.205068 	 0.0316903
0.206069 	 0.03028
0.207069 	 0.0287752
0.208069 	 0.0271833
0.20907 	 0.0255115
0.21007 	 0.0237677
0.21107 	 0.0219599
0.212071 	 0.0200963
0.213071 	 0.0181854
0.214071 	 0.0162356
0.215072 	 0.0142555
0.216072 	 0.0122537
0.217072 	 0.0102388
0.218073 	 0.00821912
0.219073 	 0.00620312
0.220073 	 0.00419898
0.221074 	 0.0022147
0.222074 	 0.000258031
0.223074 	 -0.00166352
0.224075 	 -0.00354279
0.225075 	 -0.00537292
0.226075 	 -0.00714743
0.227076 	 -0.00886023
0.228076 	 -0.0105057
0.229076 	 -0.0120785
0.230077 	 -0.0135739
0.231077 	 -0.0149876
0.232077 	 -0.0163158
0.233078 	 -0.0175551
0.234078 	 -0.0187026
0.235078 	 -0.0197561
0.236079 	 -0.0207137
0.237079 	 -0.021574
0.238079 	 -0.0223362
0.23908 	 -0.0229999
0.24008 	 -0.0235652
0.24108 	 -0.0240327
0.242081 	 -0.0244035
0.243081 	 -0.0246789
0.244081 	 -0.0248608
0.245082 	 -0.0249516
0.246082 	 -0.0249538
0.247082 	 -0.0248705
0.248083 	 -0.024705
0.249083 	 -0.0244607
0.250083 	 -0.0241418
0.251084 	 -0.0237522
0.252084 	 -0.0232963
0.253084 	 -0.0227787
0.254085 	 -0.0222039
0.255085 	 -0.0215769
0.256085 	 -0.0209024
0.257086 	 -0.0201856
0.258086 	 -0.0194313
0.259086 	 -0.0186446
0.260087 	 -0.0178306
0.261087 	 -0.016994
0.262087 	 -0.01614
0.263088 	 -0.0152731
0.264088 	 -0.0143982
0.265088 	 -0.0135197
0.266089 	 -0.012642
0.267089 	 -0.0117693
0.268089 	 -0.0109056
0.26909 	 -0.0100547
0.27009 	 -0.0092201
0.27109 	 -0.00840512
0.272091 	 -0.00761283
0.273091 	 -0.00684602
0.274091 	 -0.00610721
0.275092 	 -0.00539867
0.276092 	 -0.00472237
0.277092 	 -0.00408001
0.278093 	 -0.003473
0.279093 	 -0.00290251
0.280093 	 -0.00236938
0.281094 	 -0.00187424
0.282094 	 -0.0014174
0.283094 	 -0.000998973
0.284095 	 -0.000618785
0.285095 	 -0.000276444
0.286095 	 2.86626e-05
0.287096 	 0.000297362
0.288096 	 0.000530676
0.289096 	 0.000729805
0.290097 	 0.000896118
0.291097 	 0.00103113
0.292097 	 0.0011365
0.293098 	 0.00121399
0.294098 	 0.00126546
0.295098 	 0.00129286
0.296099 	 0.00129821
0.297099 	 0.00128357
0.298099 	 0.00125101
0.2991 	 0.00120265
0.3001 	 0.00114057
0.3011 	 0.00106687
0.302101 	 0.000983576
0.303101 	 0.000892688
0.304101 	 0.000796136
0.305102 	 0.000695772
0.306102 	 0.000593363
0.307102 	 0.000490572
0.308103 	 0.000388955
0.309103 	 0.000289947
0.310103 	 0.000194859
0.311104 	 0.000104863
0.312104 	 2.09975e-05
0.313104 	 -5.58477e-05
0.314105 	 -0.000124927
0.315105 	 -0.000185646
0.316105 	 -0.000237559
0.317106 	 -0.000280371
0.318106 	 -0.000313933
0.319106 	 -0.000338244
0.320107 	 -0.000353445
0.321107 	 -0.000359813
0.322107 	 -0.000357757
0.323108 	 -0.000347811
0.324108 	 -0.000330627
0.325108 	 -0.000306965
0.326109 	 -0.000277686
0.327109 	 -0.000243742
0.328109 	 -0.000206165
0.32911 	 -0.000166054
0.33011 	 -0.000124569
0.33111 	 -8.29153e-05
0.332111 	 -4.23345e-05
0.333111 	 -4.08961e-06
0.334111 	 3.05444e-05
0.335112 	 6.02941e-05
0.336112 	 8.38984e-05
0.337112 	 0.000100121
0.338113 	 0.000107763
0.339113 	 0.00010567
0.340113 	 9.27472e-05
0.341114 	 6.79681e-05
0.342114 	 3.03829e-05
0.343114 	 -2.08705e-05
0.344115 	 -8.65599e-05
0.345115 	 -0.00016735
0.346115 	 -0.000263795
0.347116 	 -0.000376335
0.348116 	 -0.000505288
0.349116 	 -0.000650849
0.350117 	 -0.000813081
0.351117 	 -0.000991919
0.352117 	 -0.00118717
0.353118 	 -0.00139849
0.354118 	 -0.00162543
0.355118 	 -0.00186738
0.356119 	 -0.00212363
0.357119 	 -0.00239333
0.358119 	 -0.0026755
0.35912 	 -0.00296906
0.36012 	 -0.00327282
0.36112 	 -0.00358546
0.362121 	 -0.00390559
0.363121 	 -0.00423173
0.364121 	 -0.0045623
0.365122 	 -0.00489567
0.366122 	 -0.00523013
0.367122 	 -0.00556395
0.368123 	 -0.00589531
0.369123 	 -0.00622241
0.370123 	 -0.00654341
0.371124 	 -0.00685645
0.372124 	 -0.00715969
0.373124 	 -0.00745131
0.374125 	 -0.00772951
0.375125 	 -0.00799253
0.376125 	 -0.00823864
0.377126 	 -0.00846621
0.378126 	 -0.00867365
0.379126 	 -0.00885945
0.380127 	 -0.00902221
0.381127 	 -0.00916061
0.382127 	 -0.00927345
0.383128 	 -0.00935965
0.384128 	 -0.00941823
0.385128 	 -0.00944837
0.386129 	 -0.00944935
0.387129 	 -0.00942063
0.388129 	 -0.00936179
0.38913 	 -0.00927256
0.39013 	 -0.00915282
0.39113 	 -0.00900262
0.392131 	 -0.00882212
0.393131 	 -0.00861168
0.394131 	 -0.00837179
0.395132 	 -0.00810309
0.396132 	 -0.00780636
0.397132 	 -0.00748253
0.398133 	 -0.00713267
0.399133 	 -0.00675797
0.400133 	 -0.00635978
0.401134 	 -0.00593953
0.402134 	 -0.00549878
0.403134 	 -0.0050392
0.404135 	 -0.00456255
0.405135 	 -0.00407067
0.406135 	 -0.00356548
0.407136 	 -0.00304898
0.408136 	 -0.0025232
0.409136 	 -0.00199024
0.410137 	 -0.00145223
0.411137 	 -0.000911298
0.412137 	 -0.000369616
0.413138 	 0.000170663
0.414138 	 0.000707391
0.415138 	 0.00123845
0.416139 	 0.00176174
0.417139 	 0.00227522
0.418139 	 0.00277691
0.41914 	 0.00326487
0.42014 	 0.00373727
0.42114 	 0.00419233
0.422141 	 0.0046284
0.423141 	 0.00504389
0.424141 	 0.00543736
0.425142 	 0.00580747
0.426142 	 0.006153
0.427142 	 0.00647286
0.428143 	 0.00676611
0.429143 	 0.00703194
0.430143 	 0.00726967
0.431144 	 0.00747877
0.432144 	 0.00765888
0.433144 	 0.00780975
0.434145 	 0.00793132
0.435145 	 0.00802364
0.436145 	 0.00808691
0.437146 	 0.00812151
0.438146 	 0.00812792
0.439146 	 0.00810677
0.440147 	 0.00805883
0.441147 	 0.00798499
0.442147 	 0.00788627
0.443148 	 0.00776377
0.444148 	 0.00761875
0.445148 	 0.00745254
0.446149 	 0.00726656
0.447149 	 0.00706232
0.448149 	 0.00684139
0.44915 	 0.00660544
0.45015 	 0.00635616
0.45115 	 0.0060953
0.452151 	 0.00582464
0.453151 	 0.00554598
0.454151 	 0.00526115
0.455152 	 0.00497198
0.456152 	 0.00468027
0.457152 	 0.00438784
0.458153 	 0.00409647
0.459153 	 0.00380788
0.460153 	 0.00352379
0.461154 	 0.00324583
0.462154 	 0.00297559
0.463154 	 0.00271457
0.464155 	 0.00246419
0.465155 	 0.00222582
0.466155 	 0.00200069
0.467156 	 0.00178995
0.468156 	 0.00159467
0.469156 	 0.00141576
0.470157 	 0.00125406
0.471157 	 0.00111028
0.472157 	 0.000985001
0.473158 	 0.000878687
0.474158 	 0.000791679
0.475158 	 0.000724196
0.476159 	 0.000676329
0.477159 	 0.000648048
0.478159 	 0.000639197
0.47916 	 0.000649505
0.48016 	 0.000678579
0.48116 	 0.000725915
0.482161 	 0.000790897
0.483161 	 0.000872806
0.484161 	 0.000970819
0.485162 	 0.00108402
0.486162 	 0.00121141
0.487162 	 0.0013519
0.488163 	 0.00150433
0.489163 	 0.00166748
0.490163 	 0.00184005
0.491164 	 0.00202072
0.492164 	 0.00220809
0.493164 	 0.00240076
0.494165 	 0.00259727
0.495165 	 0.00279617
0.496165 	 0.002996
0.497166 	 0.00319528
0.498166 	 0.00339254
0.499166 	 0.00358635
0.500167 	 0.00377529
0.501167 	 0.00395796
0.502167 	 0.00413302
0.503168 	 0.00429918
0.504168 	 0.00445518
0.505168 	 0.00459984
0.506169 	 0.00473206
0.507169 	 0.00485078
0.508169 	 0.00495506
0.50917 	 0.00504402
0.51017 	 0.00511686
0.51117 	 0.00517291
0.512171 	 0.00521154
0.513171 	 0.00523228
0.514171 	 0.00523472
0.515172 	 0.00521857
0.516172 	 0.00518362
0.517172 	 0.00512981
0.518173 	 0.00505713
0.519173 	 0.0049657
0.520173 	 0.00485576
0.521174 	 0.00472761
0.522174 	 0.00458167
0.523174 	 0.00441844
0.524175 	 0.00423854
0.525175 	 0.00404264
0.526175 	 0.00383151
0.527176 	 0.003606
0.528176 	 0.00336702
0.529176 	 0.00311556
0.530177 	 0.00285266
0.531177 	 0.00257942
0.532177 	 0.00229698
0.533178 	 0.00200653
0.534178 	 0.00170929
0.535178 	 0.0014065
0.536179 	 0.00109945
0.537179 	 0.000789405
0.538179 	 0.000477659
0.53918 	 0.000165501
0.54018 	 -0.000145789
0.54118 	 -0.000454944
0.542181 	 -0.000760717
0.543181 	 -0.00106189
0.544181 	 -0.00135728
0.545182 	 -0.00164573
0.546182 	 -0.00192615
0.547182 	 -0.00219749
0.548183 	 -0.00245874
0.549183 	 -0.00270898
0.550183 	 -0.00294733
0.551184 	 -0.00317298
0.552184 	 -0.00338521
0.553184 	 -0.00358335
0.554185 	 -0.00376682
0.555185 	 -0.00393512
0.556185 	 -0.00408782
0.557186 	 -0.00422458
0.558186 	 -0.00434514
0.559186 	 -0.00444932
0.560187 	 -0.00453702
0.561187 	 -0.00460822
0.562187 	 -0.00466299
0.563188 	 -0.00470147
0.564188 	 -0.00472387
0.565188 	 -0.00473048
0.566189 	 -0.00472167
0.567189 	 -0.00469786
0.568189 	 -0.00465954
0.56919 	 -0.00460726
0.57019 	 -0.00454163
0.57119 	 -0.00446331
0.572191 	 -0.00437301
0.573191 	 -0.00427147
0.574191 	 -0.00415947
0.575192 	 -0.00403784
0.576192 	 -0.00390742
0.577192 	 -0.00376907
0.578193 	 -0.00362368
0.579193 	 -0.00347214
0.580193 	 -0.00331535
0.581194 	 -0.00315422
0.582194 	 -0.00298963
0.583194 	 -0.00282249
0.584195 	 -0.00265367
0.585195 	 -0.00248402
0.586195 	 -0.00231437
0.587196 	 -0.00214555
0.588196 	 -0.00197831
0.589196 	 -0.00181341
0.590197 	 -0.00165155
0.591197 	 -0.00149339
0.592197 	 -0.00133955
0.593198 	 -0.00119062
0.594198 	 -0.00104711
0.595198 	 -0.0009095
0.596199 	 -0.00077822
0.597199 	 -0.000653639
0.598199 	 -0.000536078
0.5992 	 -0.000425804
0.6002 	 -0.000323029
0.6012 	 -0.000227914
0.602201 	 -0.000140566
0.603201 	 -6.10398e-05
0.604201 	 1.06576e-05
0.605202 	 7.45695e-05
0.606202 	 0.000130786
0.607202 	 0.000179441
0.608203 	 0.000220711
0.609203 	 0.000254814
0.610203 	 0.000282002
0.611204 	 0.000302563
0.612204 	 0.000316815
0.613204 	 0.000325104
0.614205 	 0.0003278
0.615205 	 0.000325294
0.616205 	 0.000317994
0.617206 	 0.000306321
0.618206 	 0.000290707
0.619206 	 0.000271591
0.620207 	 0.000249412
0.621207 	 0.000224612
0.622207 	 0.000197627
0.623208 	 0.000168886
0.624208 	 0.000138809
0.625208 	 0.000107801
0.626209 	 7.62515e-05
0.627209 	 4.45302e-05
0.628209 	 1.29864e-05
0.62921 	 -1.80549e-05
0.63021 	 -4.82942e-05
0.63121 	 -7.74596e-05
0.632211 	 -0.000105309
0.633211 	 -0.000131629
0.634211 	 -0.000156239
0.635212 	 -0.000178991
0.636212 	 -0.00019977
0.637212 	 -0.000218492
0.638213 	 -0.000235108
0.639213 	 -0.000249601
0.640213 	 -0.000261987
0.641214 	 -0.000272313
0.642214 	 -0.000280656
0.643214 	 -0.000287123
0.644215 	 -0.000291849
0.645215 	 -0.000294994
0.646215 	 -0.000296743
0.647216 	 -0.000297303
0.648216 	 -0.000296901
0.649216 	 -0.000295781
0.650217 	 -0.000294204
0.651217 	 -0.000292441
0.652217 	 -0.000290775
0.653218 	 -0.000289494
0.654218 	 -0.000288892
0.655218 	 -0.000289263
0.656219 	 -0.000290901
0.657219 	 -0.000294095
0.658219 	 -0.000299128
0.65922 	 -0.00030627
0.66022 	 -0.000315783
0.66122 	 -0.000327912
0.662221 	 -0.000342883
0.663221 	 -0.000360905
0.664221 	 -0.000382163
0.665222 	 -0.000406818
0.666222 	 -0.000435008
0.667222 	 -0.000466839
0.668223 	 -0.000502392
0.669223 	 -0.000541715
0.670223 	 -0.000584826
0.671224 	 -0.000631711
0.672224 	 -0.000682323
0.673224 	 -0.000736581
0.674225 	 -0.000794373
0.675225 	 -0.000855552
0.676225 	 -0.000919939
0.677226 	 -0.000987324
0.678226 	 -0.00105746
0.679226 	 -0.00113009
0.680227 	 -0.0012049
0.681227 	 -0.00128156
0.682227 	 -0.00135972
0.683228 	 -0.00143901
0.684228 	 -0.00151902
0.685228 	 -0.00159934
0.686229 	 -0.00167953
0.687229 	 -0.00175915
0.688229 	 -0.00183773
0.68923 	 -0.00191479
0.69023 	 -0.00198988
0.69123 	 -0.00206251
0.692231 	 -0.00213219
0.693231 	 -0.00219846
0.694231 	 -0.00226084
0.695232 	 -0.00231888
0.696232 	 -0.00237212
0.697232 	 -0.00242014
0.698233 	 -0.0024625
0.699233 	 -0.00249883
0.700233 	 -0.00252875
0.701234 	 -0.0025519
0.702234 	 -0.00256798
0.703234 	 -0.0025767
0.704235 	 -0.00257779
0.705235 	 -0.00257105
0.706235 	 -0.00255628
0.707236 	 -0.00253335
0.708236 	 -0.00250213
0.709236 	 -0.00246257
0.710237 	 -0.00241465
0.711237 	 -0.00235836
0.712237 	 -0.00229378
0.713238 	 -0.002221
0.714238 	 -0.00214017
0.715238 	 -0.00205147
0.716239 	 -0.00195511
0.717239 	 -0.00185137
0.718239 	 -0.00174055
0.71924 	 -0.001623
0.72024 	 -0.00149907
0.72124 	 -0.0013692
0.722241 	 -0.00123382
0.723241 	 -0.0010934
0.724241 	 -0.000948444
0.725242 	 -0.000799483
0.726242 	 -0.000647064
0.727242 	 -0.000491754
0.728243 	 -0.00033414
0.729243 	 -0.000174819
0.730243 	 -1.44017e-05
0.731244 	 0.000146496
0.732244 	 0.000307252
0.733244 	 0.000467246
0.734245 	 0.000625858
0.735245 	 0.000782476
0.736245 	 0.000936494
0.737246 	 0.00108732
0.738246 	 0.00123438
0.739246 	 0.00137712
0.740247 	 0.00151499
0.741247 	 0.00164749
0.742247 	 0.00177413
0.743248 	 0.00189446
0.744248 	 0.00200805
0.745248 	 0.00211451
0.746249 	 0.0022135
0.747249 	 0.00230468
0.748249 	 0.0023878
0.74925 	 0.00246261
0.75025 	 0.00252893
0.75125 	 0.0025866
0.752251 	 0.00263551
0.753251 	 0.00267562
0.754251 	 0.00270689
0.755252 	 0.00272936
0.756252 	 0.00274309
0.757252 	 0.00274821
0.758253 	 0.00274487
0.759253 	 0.00273326
0.760253 	 0.00271363
0.761254 	 0.00268626
0.762254 	 0.00265145
0.763254 	 0.00260955
0.764255 	 0.00256095
0.765255 	 0.00250607
0.766255 	 0.00244534
0.767256 	 0.00237922
0.768256 	 0.00230821
0.769256 	 0.00223282
0.770257 	 0.00215357
0.771257 	 0.002071
0.772257 	 0.00198567
0.773258 	 0.00189813
0.774258 	 0.00180895
0.775258 	 0.00171868
0.776259 	 0.0016279
0.777259 	 0.00153717
0.778259 	 0.00144702
0.77926 	 0.001358
0.78026 	 0.00127064
0.78126 	 0.00118543
0.782261 	 0.00110287
0.783261 	 0.00102342
0.784261 	 0.000947526
0.785262 	 0.000875591
0.786262 	 0.000808001
0.787262 	 0.000745107
0.788263 	 0.000687225
0.789263 	 0.000634639
0.790263 	 0.000587594
0.791264 	 0.000546298
0.792264 	 0.000510921
0.793264 	 0.000481593
0.794265 	 0.000458405
0.795265 	 0.000441408
0.796265 	 0.000430611
0.797266 	 0.000425984
0.798266 	 0.00042746
0.799266 	 0.000434929
0.800267 	 0.000448245
0.801267 	 0.000467227
0.802267 	 0.000491654
0.803268 	 0.000521274
0.804268 	 0.000555803
0.805268 	 0.000594923
0.806269 	 0.000638292
0.807269 	 0.000685538
0.808269 	 0.000736266
0.80927 	 0.00079006
0.81027 	 0.000846485
0.81127 	 0.000905088
0.812271 	 0.000965404
0.813271 	 0.00102696
0.814271 	 0.00108926
0.815272 	 0.00115183
0.816272 	 0.00121417
0.817272 	 0.00127579
0.818273 	 0.0013362
0.819273 	 0.00139493
0.820273 	 0.00145149
0.821274 	 0.00150544
0.822274 	 0.00155632
0.823274 	 0.00160371
0.824275 	 0.0016472
0.825275 	 0.0016864
0.826275 	 0.00172095
0.827276 	 0.00175051
0.828276 	 0.00177478
0.829276 	 0.00179347
0.830277 	 0.00180634
0.831277 	 0.00181318
0.832277 	 0.00181379
0.833278 	 0.00180804
0.834278 	 0.00179581
0.835278 	 0.00177703
0.836279 	 0.00175165
0.837279 	 0.00171968
0.838279 	 0.00168113
0.83928 	 0.0016361
0.84028 	 0.00158466
0.84128 	 0.00152697
0.842281 	 0.0014632
0.843281 	 0.00139355
0.844281 	 0.00131826
0.845282 	 0.00123759
0.846282 	 0.00115184
0.847282 	 0.00106132
0.848283 	 0.000966397
0.849283 	 0.000867425
0.850283 	 0.000764798
0.851284 	 0.000658924
0.852284 	 0.000550227
0.853284 	 0.000439147
0.854285 	 0.000326131
0.855285 	 0.000211641
0.856285 	 9.61399e-05
0.857286 	 -1.99024e-05
0.858286 	 -0.000136016
0.859286 	 -0.000251731
0.860287 	 -0.000366584
0.861287 	 -0.000480113
0.862287 	 -0.000591868
0.863288 	 -0.00070141
0.864288 	 -0.000808311
0.865288 	 -0.00091216
0.866289 	 -0.00101256
0.867289 	 -0.00110914
0.868289 	 -0.00120155
0.86929 	 -0.00128945
0.87029 	 -0.00137254
0.87129 	 -0.00145053
0.872291 	 -0.00152317
0.873291 	 -0.00159023
0.874291 	 -0.00165153
0.875292 	 -0.00170688
0.876292 	 -0.00175615
0.877292 	 -0.00179923
0.878293 	 -0.00183605
0.879293 	 -0.00186657
0.880293 	 -0.00189075
0.881294 	 -0.00190863
0.882294 	 -0.00192024
0.883294 	 -0.00192566
0.884295 	 -0.00192499
0.885295 	 -0.00191836
0.886295 	 -0.00190592
0.887296 	 -0.00188786
0.888296 	 -0.00186439
0.889296 	 -0.00183572
0.890297 	 -0.00180212
0.891297 	 -0.00176383
0.892297 	 -0.00172116
0.893298 	 -0.00167439
0.894298 	 -0.00162385
0.895298 	 -0.00156985
0.896299 	 -0.00151274
0.897299 	 -0.00145285
0.898299 	 -0.00139054
0.8993 	 -0.00132615
0.9003 	 -0.00126004
0.9013 	 -0.00119257
0.902301 	 -0.00112409
0.903301 	 -0.00105494
0.904301 	 -0.000985464
0.905302 	 -0.000916
0.906302 	 -0.000846871
0.907302 	 -0.000778391
0.908303 	 -0.000710861
0.909303 	 -0.00064457
0.910303 	 -0.000579788
0.911304 	 -0.000516773
0.912304 	 -0.000455762
0.913304 	 -0.000396975
0.914305 	 -0.000340615
0.915305 	 -0.00028686
0.916305 	 -0.000235873
0.917306 	 -0.000187792
0.918306 	 -0.000142737
0.919306 	 -0.000100805
0.920307 	 -6.20714e-05
0.921307 	 -2.65913e-05
0.922307 	 5.60047e-06
0.923308 	 3.44911e-05
0.924308 	 6.00862e-05
0.925308 	 8.24121e-05
0.926309 	 0.000101512
0.927309 	 0.00011745
0.928309 	 0.000130302
0.92931 	 0.000140165
0.93031 	 0.000147147
0.93131 	 0.000151372
0.932311 	 0.000152973
0.933311 	 0.000152098
0.934311 	 0.000148901
0.935312 	 0.000143547
0.936312 	 0.000136205
0.937312 	 0.000127052
0.938313 	 0.000116268
0.939313 	 0.000104035
0.940313 	 9.05352e-05
0.941314 	 7.59535e-05
0.942314 	 6.04701e-05
0.943314 	 4.42643e-05
0.944315 	 2.75092e-05
0.945315 	 1.03744e-05
0.946315 	 -6.97894e-06
0.947316 	 -2.43956e-05
0.948316 	 -4.17311e-05
0.949316 	 -5.88484e-05
0.950317 	 -7.56232e-05
0.951317 	 -9.194e-05
0.952317 	 -0.000107698
0.953318 	 -0.000122805
0.954318 	 -0.000137185
0.955318 	 -0.000150774
0.956319 	 -0.000163521
0.957319 	 -0.000175388
0.958319 	 -0.000186351
0.95932 	 -0.0001964
0.96032 	 -0.000205538
0.96132 	 -0.000213779
0.962321 	 -0.000221151
0.963321 	 -0.000227694
0.964321 	 -0.000233458
0.965322 	 -0.000238505
0.966322 	 -0.000242907
0.967322 	 -0.000246742
0.968323 	 -0.000250101
0.969323 	 -0.000253077
0.970323 	 -0.000255774
0.971324 	 -0.000258296
0.972324 	 -0.000260757
0.973324 	 -0.000263267
0.974325 	 -0.000265944
0.975325 	 -0.000268901
0.976325 	 -0.000272256
0.977326 	 -0.00027612
0.978326 	 -0.000280605
0.979326 	 -0.000285816
0.980327 	 -0.000291855
0.981327 	 -0.000298816
0.982327 	 -0.00030679
0.983328 	 -0.000315852
0.984328 	 -0.000326076
0.985328 	 -0.000337521
0.986329 	 -0.000350239
0.987329 	 -0.000364267
0.988329 	 -0.000379634
0.98933 	 -0.00039635
0.99033 	 -0.000414424
0.99133 	 -0.000433837
0.992331 	 -0.000454572
0.993331 	 -0.000476582
0.994331 	 -0.000499824
0.995332 	 -0.000524224
0.996332 	 -0.000549715
0.997332 	 -0.00057619
0.998333 	 -0.000603566
0.999333 	 -0.000631693
1.00033 	 -0.00107783
1.00133 	 -0.00107952
1.00233 	 -0.00108317
1.00333 	 -0.00108876
1.00433 	 -0.00109621
1.00534 	 -0.00110543
1.00634 	 -0.00111629
1.00734 	 -0.00112864
1.00834 	 -0.00114231
1.00934 	 -0.00115712
1.01034 	 -0.00117285
1.01134 	 -0.00118927
1.01234 	 -0.00120615
1.01334 	 -0.00122322
1.01434 	 -0.0012402
1.01534 	 -0.00125684
1.01634 	 -0.00127282
1.01734 	 -0.00128786
1.01834 	 -0.00130166
1.01934 	 -0.00131392
1.02034 	 -0.00132434
1.02134 	 -0.00133264
1.02234 	 -0.00133852
1.02334 	 -0.0013417
1.02434 	 -0.00134193
1.02534 	 -0.00133894
1.02634 	 -0.00133251
1.02734 	 -0.0013224
1.02834 	 -0.00130843
1.02934 	 -0.00129041
1.03034 	 -0.0012682
1.03134 	 -0.00124165
1.03234 	 -0.00121069
1.03334 	 -0.00117522
1.03434 	 -0.00113521
1.03535 	 -0.00109064
1.03635 	 -0.00104155
1.03735 	 -0.000987962
1.03835 	 -0.000929976
1.03935 	 -0.000867704
1.04035 	 -0.000801293
1.04135 	 -0.000730922
1.04235 	 -0.000656803
1.04335 	 -0.000579177
1.04435 	 -0.000498315
1.04535 	 -0.000414519
1.04635 	 -0.000328114
1.04735 	 -0.000239455
1.04835 	 -0.000148917
1.04935 	 -5.69024e-05
1.05035 	 3.61726e-05
1.05135 	 0.00012987
1.05235 	 0.000223738
1.05335 	 0.000317312
1.05435 	 0.000410117
1.05535 	 0.000501672
1.05635 	 0.00059149
1.05735 	 0.000679082
1.05835 	 0.000763963
1.05935 	 0.000845651
1.06035 	 0.000923672
1.06135 	 0.000997561
1.06235 	 0.00106687
1.06335 	 0.00113116
1.06435 	 0.00119003
1.06536 	 0.00124307
1.06636 	 0.00128992
1.06736 	 0.00133025
1.06836 	 0.00136374
1.06936 	 0.00139011
1.07036 	 0.00140913
1.07136 	 0.00142059
1.07236 	 0.00142432
1.07336 	 0.00142019
1.07436 	 0.00140811
1.07536 	 0.00138805
1.07636 	 0.00136001
1.07736 	 0.00132402
1.07836 	 0.00128017
1.07936 	 0.0012286
1.08036 	 0.00116949
1.08136 	 0.00110306
1.08236 	 0.00102956
1.08336 	 0.000949318
1.08436 	 0.000862672
1.08536 	 0.000770014
1.08636 	 0.000671773
1.08736 	 0.000568411
1.08836 	 0.000460428
1.08936 	 0.000348355
1.09036 	 0.000232753
1.09136 	 0.000114207
1.09236 	 -6.66963e-06
1.09336 	 -0.000129246
1.09436 	 -0.000252873
1.09537 	 -0.000376888
1.09637 	 -0.000500615
1.09737 	 -0.000623374
1.09837 	 -0.000744481
1.09937 	 -0.000863252
1.10037 	 -0.000979007
1.10137 	 -0.00109107
1.10237 	 -0.00119879
1.10337 	 -0.00130152
1.10437 	 -0.00139863
1.10537 	 -0.00148952
1.10637 	 -0.00157361
1.10737 	 -0.00165035
1.10837 	 -0.00171924
1.10937 	 -0.00177979
1.11037 	 -0.00183157
1.11137 	 -0.00187418
1.11237 	 -0.00190725
1.11337 	 -0.0019305
1.11437 	 -0.00194366
1.11537 	 -0.00194652
1.11637 	 -0.00193893
1.11737 	 -0.00192079
1.11837 	 -0.00189205
1.11937 	 -0.00185271
1.12037 	 -0.00180284
1.12137 	 -0.00174255
1.12237 	 -0.00167202
1.12337 	 -0.00159148
1.12437 	 -0.00150121
1.12538 	 -0.00140154
1.12638 	 -0.00129286
1.12738 	 -0.0011756
1.12838 	 -0.00105025
1.12938 	 -0.000917336
1.13038 	 -0.000777426
1.13138 	 -0.000631132
1.13238 	 -0.000479102
1.13338 	 -0.000322018
1.13438 	 -0.000160591
1.13538 	 4.43914e-06
1.13638 	 0.000172313
1.13738 	 0.000342249
1.13838 	 0.000513455
1.13938 	 0.000685122
1.14038 	 0.000856441
1.14138 	 0.0010266
1.14238 	 0.00119478
1.14338 	 0.00136018
1.14438 	 0.00152202
1.14538 	 0.0016795
1.14638 	 0.00183187
1.14738 	 0.00197839
1.14838 	 0.00211837
1.14938 	 0.00225111
1.15038 	 0.00237599
1.15138 	 0.0024924
1.15238 	 0.00259978
1.15338 	 0.00269761
1.15438 	 0.00278543
1.15539 	 0.00286283
1.15639 	 0.00292945
1.15739 	 0.00298497
1.15839 	 0.00302916
1.15939 	 0.00306181
1.16039 	 0.0030828
1.16139 	 0.00309207
1.16239 	 0.0030896
1.16339 	 0.00307545
1.16439 	 0.00304973
1.16539 	 0.00301261
1.16639 	 0.00296434
1.16739 	 0.00290521
1.16839 	 0.00283557
1.16939 	 0.00275582
1.17039 	 0.00266644
1.17139 	 0.00256792
1.17239 	 0.00246083
1.17339 	 0.00234578
1.17439 	 0.00222342
1.17539 	 0.00209443
1.17639 	 0.00195953
1.17739 	 0.00181947
1.17839 	 0.00167504
1.17939 	 0.00152703
1.18039 	 0.00137628
1.18139 	 0.0012236
1.18239 	 0.00106986
1.18339 	 0.000915889
1.18439 	 0.000762547
1.1854 	 0.000610676
1.1864 	 0.000461112
1.1874 	 0.000314678
1.1884 	 0.000172178
1.1894 	 3.43926e-05
1.1904 	 -9.79232e-05
1.1914 	 -0.000224046
1.1924 	 -0.000343288
1.1934 	 -0.000455
1.1944 	 -0.000558574
1.1954 	 -0.000653449
1.1964 	 -0.000739115
1.1974 	 -0.00081511
1.1984 	 -0.000881029
1.1994 	 -0.000936522
1.2004 	 -0.000981299
1.2014 	 -0.00101513
1.2024 	 -0.00103785
1.2034 	 -0.00104934
1.2044 	 -0.00104958
1.2054 	 -0.00103856
1.2064 	 -0.00101639
1.2074 	 -0.000983204
1.2084 	 -0.000939212
1.2094 	 -0.000884684
1.2104 	 -0.000819948
1.2114 	 -0.000745391
1.2124 	 -0.000661454
1.2134 	 -0.000568634
1.2144 	 -0.000467473
1.21541 	 -0.000358567
1.21641 	 -0.000242551
1.21741 	 -0.000120102
1.21841 	 8.06464e-06
1.21941 	 0.000141203
1.22041 	 0.000278536
1.22141 	 0.000419264
1.22241 	 0.000562566
1.22341 	 0.000707607
1.22441 	 0.000853539
1.22541 	 0.000999509
1.22641 	 0.00114466
1.22741 	 0.00128814
1.22841 	 0.00142911
1.22941 	 0.00156674
1.23041 	 0.0017002
1.23141 	 0.00182871
1.23241 	 0.00195149
1.23341 	 0.00206782
1.23441 	 0.00217698
1.23541 	 0.0022783
1.23641 	 0.00237117
1.23741 	 0.002455
1.23841 	 0.00252926
1.23941 	 0.00259346
1.24041 	 0.00264718
1.24141 	 0.00269003
1.24241 	 0.00272171
1.24341 	 0.00274196
1.24441 	 0.00275057
1.24542 	 0.0027474
1.24642 	 0.00273239
1.24742 	 0.00270552
1.24842 	 0.00266684
1.24942 	 0.00261644
1.25042 	 0.00255451
1.25142 	 0.00248127
1.25242 	 0.00239701
1.25342 	 0.00230207
1.25442 	 0.00219685
1.25542 	 0.00208179
1.25642 	 0.00195739
1.25742 	 0.0018242
1.25842 	 0.0016828
1.25942 	 0.00153381
1.26042 	 0.0013779
1.26142 	 0.00121575
1.26242 	 0.0010481
1.26342 	 0.00087568
1.26442 	 0.000699261
1.26542 	 0.000519622
1.26642 	 0.000337554
1.26742 	 0.000153855
1.26842 	 -3.06751e-05
1.26942 	 -0.000215237
1.27042 	 -0.00039904
1.27142 	 -0.000581303
1.27242 	 -0.00076126
1.27342 	 -0.000938165
1.27442 	 -0.00111129
1.27543 	 -0.00127995
1.27643 	 -0.00144346
1.27743 	 -0.0016012
1.27843 	 -0.00175258
1.27943 	 -0.00189702
1.28043 	 -0.00203404
1.28143 	 -0.00216314
1.28243 	 -0.00228392
1.28343 	 -0.00239601
1.28443 	 -0.00249907
1.28543 	 -0.00259285
1.28643 	 -0.00267712
1.28743 	 -0.00275173
1.28843 	 -0.00281655
1.28943 	 -0.00287154
1.29043 	 -0.0029167
1.29143 	 -0.00295206
1.29243 	 -0.00297773
1.29343 	 -0.00299387
1.29443 	 -0.00300066
1.29543 	 -0.00299836
1.29643 	 -0.00298725
1.29743 	 -0.00296767
1.29843 	 -0.00293998
1.29943 	 -0.00290459
1.30043 	 -0.00286194
1.30143 	 -0.0028125
1.30243 	 -0.00275676
1.30343 	 -0.00269525
1.30443 	 -0.0026285
1.30544 	 -0.00255707
1.30644 	 -0.00248151
1.30744 	 -0.00240242
1.30844 	 -0.00232035
1.30944 	 -0.0022359
1.31044 	 -0.00214962
1.31144 	 -0.0020621
1.31244 	 -0.00197389
1.31344 	 -0.00188552
1.31444 	 -0.00179752
1.31544 	 -0.0017104
1.31644 	 -0.00162462
1.31744 	 -0.00154065
1.31844 	 -0.00145889
1.31944 	 -0.00137975
1.32044 	 -0.00130356
1.32144 	 -0.00123066
1.32244 	 -0.00116131
1.32344 	 -0.00109577
1.32444 	 -0.00103422
1.32544 	 -0.000976828
1.32644 	 -0.000923708
1.32744 	 -0.000874935
1.32844 	 -0.00083054
1.32944 	 -0.000790516
1.33044 	 -0.000754813
1.33144 	 -0.000723341
1.33244 	 -0.000695974
1.33344 	 -0.000672548
1.33444 	 -0.000652865
1.33545 	 -0.000636692
1.33645 	 -0.000623769
1.33745 	 -0.000613808
1.33845 	 -0.000606493
1.33945 	 -0.00060149
1.34045 	 -0.000598444
1.34145 	 -0.000596985
1.34245 	 -0.000596732
1.34345 	 -0.000597296
1.34445 	 -0.000598279
1.34545 	 -0.000599288
1.34645 	 -0.000599927
1.34745 	 -0.000599809
1.34845 	 -0.000598556
1.34945 	 -0.000595803
1.35045 	 -0.000591201
1.35145 	 -0.000584423
1.35245 	 -0.000575163
1.35345 	 -0.000563143
1.35445 	 -0.000548112
1.35545 	 -0.000529854
1.35645 	 -0.000508185
1.35745 	 -0.000482958
1.35845 	 -0.000454065
1.35945 	 -0.000421439
1.36045 	 -0.000385052
1.36145 	 -0.00034492
1.36245 	 -0.000301104
1.36345 	 -0.000253707
1.36445 	 -0.000202875
1.36546 	 -0.000148801
1.36646 	 -9.17187e-05
1.36746 	 -3.1905e-05
1.36846 	 3.03226e-05
1.36946 	 9.46064e-05
1.37046 	 0.000160552
1.37146 	 0.000227727
1.37246 	 0.000295671
1.37346 	 0.000363888
1.37446 	 0.000431857
1.37546 	 0.000499035
1.37646 	 0.000564856
1.37746 	 0.000628739
1.37846 	 0.00069009
1.37946 	 0.000748306
1.38046 	 0.00080278
1.38146 	 0.000852906
1.38246 	 0.000898083
1.38346 	 0.000937718
1.38446 	 0.000971231
1.38546 	 0.000998062
1.38646 	 0.00101767
1.38746 	 0.00102956
1.38846 	 0.00103323
1.38946 	 0.00102826
1.39046 	 0.00101422
1.39146 	 0.000990782
1.39246 	 0.000957616
1.39346 	 0.000914466
1.39446 	 0.000861128
1.39547 	 0.000797452
1.39647 	 0.00072335
1.39747 	 0.000638796
1.39847 	 0.000543828
1.39947 	 0.000438549
1.40047 	 0.000323128
1.40147 	 0.000197804
1.40247 	 6.28819e-05
1.40347 	 -8.1266e-05
1.40447 	 -0.000234199
1.40547 	 -0.00039541
1.40647 	 -0.000564329
1.40747 	 -0.00074032
1.40847 	 -0.000922689
1.40947 	 -0.00111068
1.41047 	 -0.00130349
1.41147 	 -0.00150025
1.41247 	 -0.00170006
1.41347 	 -0.00190196
1.41447 	 -0.00210497
1.41547 	 -0.00230805
1.41647 	 -0.00251016
1.41747 	 -0.00271022
1.41847 	 -0.00290713
1.41947 	 -0.00309978
1.42047 	 -0.00328706
1.42147 	 -0.00346785
1.42247 	 -0.00364106
1.42347 	 -0.00380558
1.42447 	 -0.00396034
1.42548 	 -0.00410429
1.42648 	 -0.00423642
1.42748 	 -0.00435574
1.42848 	 -0.00446133
1.42948 	 -0.0045523
1.43048 	 -0.00462782
1.43148 	 -0.00468713
1.43248 	 -0.00472954
1.43348 	 -0.00475442
1.43448 	 -0.00476121
1.43548 	 -0.00474947
1.43648 	 -0.00471879
1.43748 	 -0.00466891
1.43848 	 -0.0045996
1.43948 	 -0.00451077
1.44048 	 -0.00440242
1.44148 	 -0.00427462
1.44248 	 -0.00412757
1.44348 	 -0.00396155
1.44448 	 -0.00377695
1.44548 	 -0.00357426
1.44648 	 -0.00335406
1.44748 	 -0.00311703
1.44848 	 -0.00286393
1.44948 	 -0.00259564
1.45048 	 -0.0023131
1.45148 	 -0.00201735
1.45248 	 -0.00170949
1.45348 	 -0.00139071
1.45448 	 -0.00106225
1.45549 	 -0.000725447
1.45649 	 -0.000381654
1.45749 	 -3.22948e-05
1.45849 	 0.000321171
1.45949 	 0.000677247
1.46049 	 0.00103441
1.46149 	 0.00139112
1.46249 	 0.00174583
1.46349 	 0.00209698
1.46449 	 0.00244302
1.46549 	 0.00278242
1.46649 	 0.00311366
1.46749 	 0.00343526
1.46849 	 0.00374579
1.46949 	 0.00404384
1.47049 	 0.00432808
1.47149 	 0.00459722
1.47249 	 0.00485007
1.47349 	 0.00508549
1.47449 	 0.00530245
1.47549 	 0.00549997
1.47649 	 0.00567722
1.47749 	 0.00583343
1.47849 	 0.00596796
1.47949 	 0.00608026
1.48049 	 0.00616992
1.48149 	 0.00623664
1.48249 	 0.00628022
1.48349 	 0.00630062
1.48449 	 0.0062979
1.4855 	 0.00627223
1.4865 	 0.00622395
1.4875 	 0.00615347
1.4885 	 0.00606136
1.4895 	 0.0059483
1.4905 	 0.00581508
1.4915 	 0.0056626
1.4925 	 0.00549189
1.4935 	 0.00530405
1.4945 	 0.0051003
1.4955 	 0.00488196
1.4965 	 0.00465041
1.4975 	 0.00440713
1.4985 	 0.00415366
1.4995 	 0.0038916
1.5005 	 0.0036226
1.5015 	 0.00334837
1.5025 	 0.00307065
1.5035 	 0.00279118
1.5045 	 0.00251175
1.5055 	 0.00223414
1.5065 	 0.00196012
1.5075 	 0.00169146
1.5085 	 0.00142989
1.5095 	 0.00117711
1.5105 	 0.000934792
1.5115 	 0.000704523
1.5125 	 0.000487847
1.5135 	 0.000286228
1.5145 	 0.000101048
1.51551 	 -6.64004e-05
1.51651 	 -0.000214925
1.51751 	 -0.000343439
1.51851 	 -0.000450969
1.51951 	 -0.000536662
1.52051 	 -0.00059979
1.52151 	 -0.000639755
1.52251 	 -0.000656096
1.52351 	 -0.000648488
1.52451 	 -0.00061675
1.52551 	 -0.000560844
1.52651 	 -0.000480876
1.52751 	 -0.000377099
1.52851 	 -0.000249911
1.52951 	 -9.98531e-05
1.53051 	 7.23893e-05
1.53151 	 0.000265993
1.53251 	 0.000479997
1.53351 	 0.000713312
1.53451 	 0.000964718
1.53551 	 0.00123288
1.53651 	 0.00151634
1.53751 	 0.00181354
1.53851 	 0.00212282
1.53951 	 0.00244244
1.54051 	 0.00277056
1.54151 	 0.00310529
1.54251 	 0.00344466
1.54351 	 0.00378665
1.54451 	 0.00412922
1.54552 	 0.00447027
1.54652 	 0.00480772
1.54752 	 0.00513945
1.54852 	 0.00546336
1.54952 	 0.00577736
1.55052 	 0.00607942
1.55152 	 0.0063675
1.55252 	 0.00663965
1.55352 	 0.00689396
1.55452 	 0.00712863
1.55552 	 0.00734189
1.55652 	 0.00753211
1.55752 	 0.00769776
1.55852 	 0.00783739
1.55952 	 0.00794971
1.56052 	 0.00803354
1.56152 	 0.00808784
1.56252 	 0.00811173
1.56352 	 0.00810446
1.56452 	 0.00806543
1.56552 	 0.00799423
1.56652 	 0.00789058
1.56752 	 0.00775438
1.56852 	 0.00758569
1.56952 	 0.00738474
1.57052 	 0.00715193
1.57152 	 0.00688781
1.57252 	 0.00659311
1.57352 	 0.00626871
1.57452 	 0.00591565
1.57553 	 0.00553512
1.57653 	 0.00512845
1.57753 	 0.0046971
1.57853 	 0.00424269
1.57953 	 0.00376693
1.58053 	 0.00327166
1.58153 	 0.00275883
1.58253 	 0.00223048
1.58353 	 0.00168872
1.58453 	 0.00113575
1.58553 	 0.00057383
1.58653 	 5.25362e-06
1.58753 	 -0.000567633
1.58853 	 -0.00114246
1.58953 	 -0.00171686
1.59053 	 -0.00228845
1.59153 	 -0.00285486
1.59253 	 -0.00341376
1.59353 	 -0.00396285
1.59453 	 -0.00449987
1.59553 	 -0.00502265
1.59653 	 -0.00552906
1.59753 	 -0.00601707
1.59853 	 -0.00648477
1.59953 	 -0.00693032
1.60053 	 -0.00735201
1.60153 	 -0.00774825
1.60253 	 -0.0081176
1.60353 	 -0.00845874
1.60453 	 -0.0087705
1.60554 	 -0.00905188
1.60654 	 -0.00930201
1.60754 	 -0.00952019
1.60854 	 -0.00970591
1.60954 	 -0.00985879
1.61054 	 -0.00997864
1.61154 	 -0.0100654
1.61254 	 -0.0101193
1.61354 	 -0.0101405
1.61454 	 -0.0101296
1.61554 	 -0.0100871
1.61654 	 -0.0100139
1.61754 	 -0.00991081
1.61854 	 -0.00977896
1.61954 	 -0.00961952
1.62054 	 -0.00943382
1.62154 	 -0.00922332
1.62254 	 -0.00898954
1.62354 	 -0.00873415
1.62454 	 -0.00845887
1.62554 	 -0.00816552
1.62654 	 -0.00785597
1.62754 	 -0.00753215
1.62854 	 -0.00719603
1.62954 	 -0.00684961
1.63054 	 -0.0064949
1.63154 	 -0.00613391
1.63254 	 -0.00576866
1.63354 	 -0.00540112
1.63454 	 -0.00503326
1.63555 	 -0.00466699
1.63655 	 -0.00430414
1.63755 	 -0.00394651
1.63855 	 -0.0035958
1.63955 	 -0.00325362
1.64055 	 -0.0029215
1.64155 	 -0.00260085
1.64255 	 -0.00229297
1.64355 	 -0.00199903
1.64455 	 -0.00172008
1.64555 	 -0.00145704
1.64655 	 -0.00121069
1.64755 	 -0.000981667
1.64855 	 -0.000770466
1.64955 	 -0.000577437
1.65055 	 -0.000402787
1.65155 	 -0.000246576
1.65255 	 -0.000108722
1.65355 	 1.09954e-05
1.65455 	 0.000112935
1.65555 	 0.000197587
1.65655 	 0.000265567
1.65755 	 0.00031761
1.65855 	 0.000354565
1.65955 	 0.000377382
1.66055 	 0.000387109
1.66155 	 0.000384875
1.66255 	 0.000371888
1.66355 	 0.000349416
1.66455 	 0.000318781
1.66556 	 0.000281343
1.66656 	 0.000238493
1.66756 	 0.000191633
1.66856 	 0.000142171
1.66956 	 9.14998e-05
1.67056 	 4.09926e-05
1.67156 	 -8.01626e-06
1.67256 	 -5.42408e-05
1.67356 	 -9.64573e-05
1.67456 	 -0.000133515
1.67556 	 -0.00016435
1.67656 	 -0.000187992
1.67756 	 -0.00020358
1.67856 	 -0.000210368
1.67956 	 -0.000207738
1.68056 	 -0.000195203
1.68156 	 -0.000172417
1.68256 	 -0.000139181
1.68356 	 -9.54509e-05
1.68456 	 -4.13346e-05
1.68556 	 2.28986e-05
1.68656 	 9.68197e-05
1.68756 	 0.000179838
1.68856 	 0.000271204
1.68956 	 0.000370007
1.69056 	 0.000475186
1.69156 	 0.000585525
1.69256 	 0.000699666
1.69356 	 0.000816115
1.69456 	 0.000933246
1.69557 	 0.00104932
1.69657 	 0.00116247
1.69757 	 0.00127076
1.69857 	 0.00137216
1.69957 	 0.00146455
1.70057 	 0.00154578
1.70157 	 0.00161365
1.70257 	 0.00166594
1.70357 	 0.0017004
1.70457 	 0.00171482
1.70557 	 0.00170701
1.70657 	 0.00167482
1.70757 	 0.00161615
1.70857 	 0.00152902
1.70957 	 0.00141152
1.71057 	 0.00126186
1.71157 	 0.0010784
1.71257 	 0.000859652
1.71357 	 0.000604294
1.71457 	 0.000311192
1.71557 	 -2.05822e-05
1.71657 	 -0.000391742
1.71757 	 -0.000802768
1.71857 	 -0.0012539
1.71957 	 -0.00174512
1.72057 	 -0.00227614
1.72157 	 -0.00284641
1.72257 	 -0.0034551
1.72357 	 -0.00410109
1.72457 	 -0.00478295
1.72558 	 -0.00549901
1.72658 	 -0.00624726
1.72758 	 -0.00702542
1.72858 	 -0.00783092
1.72958 	 -0.00866092
1.73058 	 -0.0095123
1.73158 	 -0.0103817
1.73258 	 -0.0112654
1.73358 	 -0.0121596
1.73458 	 -0.0130601
1.73558 	 -0.0139628
1.73658 	 -0.0148629
1.73758 	 -0.015756
1.73858 	 -0.0166371
1.73958 	 -0.0175014
1.74058 	 -0.0183437
1.74158 	 -0.0191589
1.74258 	 -0.0199419
1.74358 	 -0.0206874
1.74458 	 -0.0213904
1.74558 	 -0.0220455
1.74658 	 -0.0226478
1.74758 	 -0.0231923
1.74858 	 -0.023674
1.74958 	 -0.0240883
1.75058 	 -0.0244307
1.75158 	 -0.0246968
1.75258 	 -0.0248827
1.75358 	 -0.0249846
1.75458 	 -0.0249989
1.75559 	 -0.0249226
1.75659 	 -0.0247528
1.75759 	 -0.0244873
1.75859 	 -0.024124
1.75959 	 -0.0236613
1.76059 	 -0.0230982
1.76159 	 -0.0224339
1.76259 	 -0.0216684
1.76359 	 -0.0208019
1.76459 	 -0.0198353
1.76559 	 -0.0187699
1.76659 	 -0.0176076
1.76759 	 -0.0163507
1.76859 	 -0.0150021
1.76959 	 -0.0135652
1.77059 	 -0.0120439
1.77159 	 -0.0104426
1.77259 	 -0.00876624
1.77359 	 -0.00702009
1.77459 	 -0.00520998
1.77559 	 -0.00334216
1.77659 	 -0.00142328
1.77759 	 0.000539659
1.77859 	 0.00253927
1.77959 	 0.00456785
1.78059 	 0.00661744
1.78159 	 0.00867981
1.78259 	 0.0107465
1.78359 	 0.012809
1.78459 	 0.0148584
1.7856 	 0.0168861
1.7866 	 0.0188832
1.7876 	 0.0208408
1.7886 	 0.0227501
1.7896 	 0.0246026
1.7906 	 0.0263896
1.7916 	 0.028103
1.7926 	 0.0297346
1.7936 	 0.0312767
1.7946 	 0.0327219
1.7956 	 0.0340633
1.7966 	 0.0352942
1.7976 	 0.0364087
1.7986 	 0.0374012
1.7996 	 0.0382667
1.8006 	 0.039001
1.8016 	 0.0396003
1.8026 	 0.0400616
1.8036 	 0.0403826
1.8046 	 0.0405618
1.8056 	 0.0405983
1.8066 	 0.0404922
1.8076 	 0.0402441
1.8086 	 0.0398558
1.8096 	 0.0393296
1.8106 	 0.0386686
1.8116 	 0.0378771
1.8126 	 0.0369598
1.8136 	 0.0359223
1.8146 	 0.0347712
1.81561 	 0.0335137
1.81661 	 0.0321577
1.81761 	 0.0307119
1.81861 	 0.0291857
1.81961 	 0.0275891
1.82061 	 0.0259327
1.82161 	 0.0242278
1.82261 	 0.022486
1.82361 	 0.0207196
1.82461 	 0.0189409
1.82561 	 0.017163
1.82661 	 0.0153991
1.82761 	 0.0136624
1.82861 	 0.0119665
1.82961 	 0.0103251
1.83061 	 0.00875161
1.83161 	 0.0072596
1.83261 	 0.00586237
1.83361 	 0.00457303
1.83461 	 0.00340434
1.83561 	 0.00236866
1.83661 	 0.00147791
1.83761 	 0.000743418
1.83861 	 0.0001759
1.83961 	 -0.000214641
1.84061 	 -0.000418977
1.84161 	 -0.000428736
1.84261 	 -0.000236463
1.84361 	 0.000164311
1.84461 	 0.000779008
1.84562 	 0.00161194
1.84662 	 0.00266628
1.84762 	 0.00394396
1.84862 	 0.00544568
1.84962 	 0.00717086
1.85062 	 0.00911757
1.85162 	 0.0112825
1.85262 	 0.0136611
1.85362 	 0.0162473
1.85462 	 0.0190337
1.85562 	 0.0220115
1.85662 	 0.0251704
1.85762 	 0.0284988
1.85862 	 0.0319839
1.85962 	 0.0356113
1.86062 	 0.0393655
1.86162 	 0.0432297
1.86262 	 0.0471858
1.86362 	 0.0512146
1.86462 	 0.0552959
1.86562 	 0.0594084
1.86662 	 0.0635298
1.86762 	 0.0676371
1.86862 	 0.0717063
1.86962 	 0.0757131
1.87062 	 0.0796321
1.87162 	 0.083438
1.87262 	 0.0871046
1.87362 	 0.0906057
1.87462 	 0.0939151
1.87563 	 0.0970064
1.87663 	 0.0998533
1.87763 	 0.10243
1.87863 	 0.10471
1.87963 	 0.10667
1.88063 	 0.108283
1.88163 	 0.109527
1.88263 	 0.110379
1.88363 	 0.110816
1.88463 	 0.110818
1.88563 	 0.110366
1.88663 	 0.109441
1.88763 	 0.108026
1.88863 	 0.106108
1.88963 	 0.103671
1.89063 	 0.100705
1.89163 	 0.0972008
1.89263 	 0.0931499
1.89363 	 0.0885471
1.89463 	 0.083389
1.89563 	 0.0776747
1.89663 	 0.0714052
1.89763 	 0.064584
1.89863 	 0.0572172
1.89963 	 0.0493129
1.90063 	 0.0408819
1.90163 	 0.0319375
1.90263 	 0.0224952
1.90363 	 0.0125731
1.90463 	 0.00219183
1.90564 	 -0.00862584
1.90664 	 -0.0198546
1.90764 	 -0.0314671
1.90864 	 -0.0434333
1.90964 	 -0.0557214
1.91064 	 -0.0682975
1.91164 	 -0.0811254
1.91264 	 -0.0941674
1.91364 	 -0.107384
1.91464 	 -0.120733
1.91564 	 -0.134173
1.91664 	 -0.147659
1.91764 	 -0.161145
1.91864 	 -0.174586
1.91964 	 -0.187934
1.92064 	 -0.20114
1.92164 	 -0.214156
1.92264 	 -0.226933
1.92364 	 -0.239422
1.92464 	 -0.251574
1.92564 	 -0.263338
1.92664 	 -0.274667
1.92764 	 -0.285512
1.92864 	 -0.295826
1.92964 	 -0.305562
1.93064 	 -0.314676
1.93164 	 -0.323122
1.93264 	 -0.330859
1.93364 	 -0.337846
1.93464 	 -0.344043
1.93565 	 -0.349415
1.93665 	 -0.353926
1.93765 	 -0.357545
1.93865 	 -0.360241
1.93965 	 -0.361989
1.94065 	 -0.362763
1.94165 	 -0.362543
1.94265 	 -0.36131
1.94365 	 -0.359051
1.94465 	 -0.355753
1.94565 	 -0.351409
1.94665 	 -0.346014
1.94765 	 -0.339566
1.94865 	 -0.332069
1.94965 	 -0.323529
1.95065 	 -0.313954
1.95165 	 -0.30336
1.95265 	 -0.291761
1.95365 	 -0.27918
1.95465 	 -0.26564
1.95565 	 -0.25117
1.95665 	 -0.2358
1.95765 	 -0.219564
1.95865 	 -0.202502
1.95965 	 -0.184653
1.96065 	 -0.166063
1.96165 	 -0.146778
1.96265 	 -0.126848
1.96365 	 -0.106325
1.96465 	 -0.0852654
1.96566 	 -0.0637259
1.96666 	 -0.0417662
1.96766 	 -0.0194476
1.96866 	 0.0031665
1.96966 	 0.0260115
1.97066 	 0.0490213
1.97166 	 0.0721289
1.97266 	 0.0952662
1.97366 	 0.118365
1.97466 	 0.141355
1.97566 	 0.164169
1.97666 	 0.186737
1.97766 	 0.20899
1.97866 	 0.230861
1.97966 	 0.252282
1.98066 	 0.273187
1.98166 	 0.293512
1.98266 	 0.313192
1.98366 	 0.332167
1.98466 	 0.350377
1.98566 	 0.367764
1.98666 	 0.384275
1.98766 	 0.399856
1.98866 	 0.414458
1.98966 	 0.428035
1.99066 	 0.440544
1.99166 	 0.451944
1.99266 	 0.462199
1.99366 	 0.471277
1.99466 	 0.479148
1.99567 	 0.485787
1.99667 	 0.491172
1.99767 	 0.495287
1.99867 	 0.498118
1.99967 	 0.499656
2.00067 	 0.499478
2.00167 	 0.498447
2.00267 	 0.496118
2.00367 	 0.4925
2.00467 	 0.487604
2.00567 	 0.481446
2.00667 	 0.474045
2.00767 	 0.465425
2.00867 	 0.455614
2.00967 	 0.444643
2.01067 	 0.432548
2.01167 	 0.419367
2.01267 	 0.405142
2.01367 	 0.389919
2.01467 	 0.373745
2.01567 	 0.356673
2.01667 	 0.338756
2.01767 	 0.32005
2.01867 	 0.300616
2.01967 	 0.280513
2.02067 	 0.259804
2.02167 	 0.238554
2.02267 	 0.216829
2.02367 	 0.194695
2.02467 	 0.172222
2.02568 	 0.149476
2.02668 	 0.126528
2.02768 	 0.103447
2.02868 	 0.0803024
2.02968 	 0.0571626
2.03068 	 0.0340962
2.03168 	 0.011171
2.03268 	 -0.0115463
2.03368 	 -0.0339904
2.03468 	 -0.0560973
2.03568 	 -0.0778046
2.03668 	 -0.0990519
2.03768 	 -0.119781
2.03868 	 -0.139935
2.03968 	 -0.159462
2.04068 	 -0.178309
2.04168 	 -0.196429
2.04268 	 -0.213777
2.04368 	 -0.230309
2.04468 	 -0.245988
2.04568 	 -0.260776
2.04668 	 -0.274643
2.04768 	 -0.287558
2.04868 	 -0.299496
2.04968 	 -0.310437
2.05068 	 -0.32036
2.05168 	 -0.329253
2.05268 	 -0.337103
2.05368 	 -0.343904
2.05468 	 -0.349652
2.05569 	 -0.354346
2.05669 	 -0.357992
2.05769 	 -0.360595
2.05869 	 -0.362166
2.05969 	 -0.362719
2.06069 	 -0.362272
2.06169 	 -0.360843
2.06269 	 -0.358458
2.06369 	 -0.355141
2.06469 	 -0.350921
2.06569 	 -0.345831
2.06669 	 -0.339905
2.06769 	 -0.333177
2.06869 	 -0.325688
2.06969 	 -0.317477
2.07069 	 -0.308587
2.07169 	 -0.299061
2.07269 	 -0.288945
2.07369 	 -0.278284
2.07469 	 -0.267126
2.07569 	 -0.255519
2.07669 	 -0.243512
2.07769 	 -0.231154
2.07869 	 -0.218494
2.07969 	 -0.205583
2.08069 	 -0.192468
2.08169 	 -0.179199
2.08269 	 -0.165824
2.08369 	 -0.152391
2.08469 	 -0.138946
2.0857 	 -0.125536
2.0867 	 -0.112205
2.0877 	 -0.0989954
2.0887 	 -0.0859496
2.0897 	 -0.0731073
2.0907 	 -0.0605069
2.0917 	 -0.0481847
2.0927 	 -0.0361752
2.0937 	 -0.0245108
2.0947 	 -0.0132215
2.0957 	 -0.00233534
2.0967 	 0.00812198
2.0977 	 0.0181272
2.0987 	 0.0276594
2.0997 	 0.0367001
2.1007 	 0.0452332
2.1017 	 0.0532452
2.1027 	 0.060725
2.1037 	 0.0676638
2.1047 	 0.0740553
2.1057 	 0.0798958
2.1067 	 0.0851836
2.1077 	 0.0899196
2.1087 	 0.0941068
2.1097 	 0.0977503
2.1107 	 0.100857
2.1117 	 0.103438
2.1127 	 0.105502
2.1137 	 0.107063
2.1147 	 0.108137
2.11571 	 0.108739
2.11671 	 0.108887
2.11771 	 0.108601
2.11871 	 0.1079
2.11971 	 0.106808
2.12071 	 0.105346
2.12171 	 0.103538
2.12271 	 0.101409
2.12371 	 0.0989824
2.12471 	 0.096285
2.12571 	 0.0933421
2.12671 	 0.0901799
2.12771 	 0.0868244
2.12871 	 0.083302
2.12971 	 0.0796384
2.13071 	 0.0758596
2.13171 	 0.0719909
2.13271 	 0.0680572
2.13371 	 0.0640828
2.13471 	 0.0600915
2.13571 	 0.0561061
2.13671 	 0.0521486
2.13771 	 0.0482401
2.13871 	 0.0444006
2.13971 	 0.0406493
2.14071 	 0.0370037
2.14171 	 0.0334807
2.14271 	 0.0300955
2.14371 	 0.0268622
2.14471 	 0.0237935
2.14572 	 0.020901
2.14672 	 0.0181945
2.14772 	 0.0156827
2.14872 	 0.0133729
2.14972 	 0.0112709
2.15072 	 0.00938124
2.15172 	 0.00770706
2.15272 	 0.00625014
2.15372 	 0.00501097
2.15472 	 0.00398876
2.15572 	 0.00318149
2.15672 	 0.00258596
2.15772 	 0.00219781
2.15872 	 0.00201161
2.15972 	 0.00202091
2.16072 	 0.00221829
2.16172 	 0.00259544
2.16272 	 0.00314321
2.16372 	 0.00385171
2.16472 	 0.00471037
2.16572 	 0.00570799
2.16672 	 0.00683288
2.16772 	 0.00807288
2.16872 	 0.00941544
2.16972 	 0.0108478
2.17072 	 0.0123568
2.17172 	 0.0139294
2.17272 	 0.0155522
2.17372 	 0.0172122
2.17472 	 0.018896
2.17573 	 0.0205909
2.17673 	 0.0222839
2.17773 	 0.0239627
2.17873 	 0.0256152
2.17973 	 0.0272296
2.18073 	 0.0287947
2.18173 	 0.0302998
2.18273 	 0.0317348
2.18373 	 0.0330901
2.18473 	 0.0343569
2.18573 	 0.035527
2.18673 	 0.0365929
2.18773 	 0.0375478
2.18873 	 0.0383858
2.18973 	 0.0391017
2.19073 	 0.039691
2.19173 	 0.0401502
2.19273 	 0.0404765
2.19373 	 0.0406678
2.19473 	 0.0407229
2.19573 	 0.0406413
2.19673 	 0.0404235
2.19773 	 0.0400705
2.19873 	 0.039584
2.19973 	 0.0389666
2.20073 	 0.0382215
2.20173 	 0.0373526
2.20273 	 0.0363641
2.20373 	 0.0352612
2.20473 	 0.0340493
2.20574 	 0.0327346
2.20674 	 0.0313234
2.20774 	 0.0298226
2.20874 	 0.0282395
2.20974 	 0.0265816
2.21074 	 0.0248567
2.21174 	 0.0230727
2.21274 	 0.021238
2.21374 	 0.0193607
2.21474 	 0.0174493
2.21574 	 0.0155121
2.21674 	 0.0135574
2.21774 	 0.0115937
2.21874 	 0.00962896
2.21974 	 0.00767136
2.22074 	 0.0057287
2.22174 	 0.00380858
2.22274 	 0.00191836
2.22374 	 6.50714e-05
2.22474 	 -0.00174456
2.22574 	 -0.00350418
2.22674 	 -0.00520783
2.22774 	 -0.00684993
2.22874 	 -0.00842535
2.22974 	 -0.0099294
2.23074 	 -0.0113579
2.23174 	 -0.012707
2.23274 	 -0.0139734
2.23374 	 -0.0151545
2.23475 	 -0.0162478
2.23575 	 -0.0172516
2.23675 	 -0.0181645
2.23775 	 -0.0189857
2.23875 	 -0.0197148
2.23975 	 -0.0203518
2.24075 	 -0.0208975
2.24175 	 -0.0213526
2.24275 	 -0.0217186
2.24375 	 -0.0219972
2.24475 	 -0.0221907
2.24575 	 -0.0223015
2.24675 	 -0.0223325
2.24775 	 -0.0222868
2.24875 	 -0.0221679
2.24975 	 -0.0219795
2.25075 	 -0.0217253
2.25175 	 -0.0214096
2.25275 	 -0.0210366
2.25375 	 -0.0206107
2.25475 	 -0.0201363
2.25575 	 -0.0196181
2.25675 	 -0.0190607
2.25775 	 -0.0184688
2.25875 	 -0.0178469
2.25975 	 -0.0171997
2.26075 	 -0.0165318
2.26175 	 -0.0158475
2.26275 	 -0.0151513
2.26375 	 -0.0144474
2.26476 	 -0.0137399
2.26576 	 -0.0130326
2.26676 	 -0.0123293
2.26776 	 -0.0116335
2.26876 	 -0.0109485
2.26976 	 -0.0102774
2.27076 	 -0.009623
2.27176 	 -0.00898785
2.27276 	 -0.0083743
2.27376 	 -0.00778441
2.27476 	 -0.00721998
2.27576 	 -0.00668254
2.27676 	 -0.00617336
2.27776 	 -0.00569344
2.27876 	 -0.00524353
2.27976 	 -0.00482412
2.28076 	 -0.00443545
2.28176 	 -0.00407753
2.28276 	 -0.00375014
2.28376 	 -0.00345282
2.28476 	 -0.00318494
2.28576 	 -0.00294566
2.28676 	 -0.00273396
2.28776 	 -0.00254866
2.28876 	 -0.00238844
2.28976 	 -0.00225182
2.29076 	 -0.00213724
2.29176 	 -0.00204303
2.29276 	 -0.00196744
2.29376 	 -0.00190865
2.29476 	 -0.00186481
2.29577 	 -0.00183403
2.29677 	 -0.00181441
2.29777 	 -0.00180405
2.29877 	 -0.0018011
2.29977 	 -0.0018037
2.30077 	 -0.00181009
2.30177 	 -0.00181854
2.30277 	 -0.00182742
2.30377 	 -0.00183518
2.30477 	 -0.00184038
2.30577 	 -0.00184168
2.30677 	 -0.00183788
2.30777 	 -0.0018279
2.30877 	 -0.00181079
2.30977 	 -0.00178575
2.31077 	 -0.00175212
2.31177 	 -0.0017094
2.31277 	 -0.00165724
2.31377 	 -0.00159542
2.31477 	 -0.00152389
2.31577 	 -0.00144275
2.31677 	 -0.00135225
2.31777 	 -0.00125275
2.31877 	 -0.00114478
2.31977 	 -0.001029
2.32077 	 -0.000906168
2.32177 	 -0.000777175
2.32277 	 -0.000643014
2.32377 	 -0.000504775
2.32477 	 -0.000363632
2.32578 	 -0.000220837
2.32678 	 -7.7702e-05
2.32778 	 6.44067e-05
2.32878 	 0.000204084
2.32978 	 0.000339897
2.33078 	 0.0004704
2.33178 	 0.000594142
2.33278 	 0.000709685
2.33378 	 0.000815613
2.33478 	 0.000910544
2.33578 	 0.000993143
2.33678 	 0.00106213
2.33778 	 0.00111631
2.33878 	 0.00115454
2.33978 	 0.00117579
2.34078 	 0.00117911
2.34178 	 0.00116367
2.34278 	 0.00112876
2.34378 	 0.00107377
2.34478 	 0.000998224
2.34578 	 0.000901789
2.34678 	 0.000784259
2.34778 	 0.000645564
2.34878 	 0.000485778
2.34978 	 0.000305117
2.35078 	 0.000103936
2.35178 	 -0.000117269
2.35278 	 -0.000357864
2.35378 	 -0.000617079
2.35478 	 -0.000894013
2.35579 	 -0.00118764
2.35679 	 -0.00149681
2.35779 	 -0.00182026
2.35879 	 -0.00215663
2.35979 	 -0.00250444
2.36079 	 -0.00286213
2.36179 	 -0.00322808
2.36279 	 -0.00360057
2.36379 	 -0.00397783
2.36479 	 -0.00435804
2.36579 	 -0.00473934
2.36679 	 -0.00511986
2.36779 	 -0.00549768
2.36879 	 -0.0058709
2.36979 	 -0.00623763
2.37079 	 -0.00659599
2.37179 	 -0.00694413
2.37279 	 -0.00728024
2.37379 	 -0.00760257
2.37479 	 -0.00790944
2.37579 	 -0.00819922
2.37679 	 -0.00847037
2.37779 	 -0.00872147
2.37879 	 -0.00895117
2.37979 	 -0.00915824
2.38079 	 -0.00934157
2.38179 	 -0.00950015
2.38279 	 -0.00963314
2.38379 	 -0.00973978
2.38479 	 -0.0098195
2.3858 	 -0.00987183
2.3868 	 -0.00989647
2.3878 	 -0.00989323
2.3888 	 -0.00986211
2.3898 	 -0.0098032
2.3908 	 -0.00971679
2.3918 	 -0.00960325
2.3928 	 -0.00946313
2.3938 	 -0.0092971
2.3948 	 -0.00910595
2.3958 	 -0.00889061
2.3968 	 -0.0086521
2.3978 	 -0.00839157
2.3988 	 -0.00811027
2.3998 	 -0.00780954
2.4008 	 -0.0074908
2.4018 	 -0.00715555
2.4028 	 -0.00680535
2.4038 	 -0.00644184
2.4048 	 -0.00606668
2.4058 	 -0.00568157
2.4068 	 -0.00528824
2.4078 	 -0.00488844
2.4088 	 -0.00448392
2.4098 	 -0.00407643
2.4108 	 -0.00366767
2.4118 	 -0.00325937
2.4128 	 -0.00285317
2.4138 	 -0.0024507
2.4148 	 -0.00205352
2.41581 	 -0.00166313
2.41681 	 -0.00128094
2.41781 	 -0.000908307
2.41881 	 -0.000546487
2.41981 	 -0.000196642
2.42081 	 0.000140161
2.42181 	 0.000462963
2.42281 	 0.000770913
2.42381 	 0.00106327
2.42481 	 0.00133941
2.42581 	 0.00159884
2.42681 	 0.00184115
2.42781 	 0.00206608
2.42881 	 0.00227349
2.42981 	 0.00246333
2.43081 	 0.0026357
2.43181 	 0.00279079
2.43281 	 0.0029289
2.43381 	 0.00305045
2.43481 	 0.00315595
2.43581 	 0.00324601
2.43681 	 0.00332132
2.43781 	 0.00338267
2.43881 	 0.00343092
2.43981 	 0.003467
2.44081 	 0.00349189
2.44181 	 0.00350663
2.44281 	 0.00351231
2.44381 	 0.00351006
2.44481 	 0.00350102
2.44582 	 0.00348636
2.44682 	 0.00346727
2.44782 	 0.00344492
2.44882 	 0.00342048
2.44982 	 0.00339512
2.45082 	 0.00336995
2.45182 	 0.00334609
2.45282 	 0.00332459
2.45382 	 0.00330645
2.45482 	 0.00329263
2.45582 	 0.00328404
2.45682 	 0.00328148
2.45782 	 0.00328571
2.45882 	 0.00329742
2.45982 	 0.00331718
2.46082 	 0.00334551
2.46182 	 0.00338281
2.46282 	 0.00342943
2.46382 	 0.00348558
2.46482 	 0.00355141
2.46582 	 0.00362695
2.46682 	 0.00371217
2.46782 	 0.0038069
2.46882 	 0.00391093
2.46982 	 0.00402392
2.47082 	 0.00414547
2.47182 	 0.00427508
2.47282 	 0.00441219
2.47382 	 0.00455615
2.47482 	 0.00470625
2.47583 	 0.00486172
2.47683 	 0.00502173
2.47783 	 0.00518541
2.47883 	 0.00535184
2.47983 	 0.00552006
2.48083 	 0.00568909
2.48183 	 0.00585793
2.48283 	 0.00602557
2.48383 	 0.00619098
2.48483 	 0.00635315
2.48583 	 0.00651108
2.48683 	 0.00666379
2.48783 	 0.0068103
2.48883 	 0.0069497
2.48983 	 0.0070811
2.49083 	 0.00720366
2.49183 	 0.0073166
2.49283 	 0.00741918
2.49383 	 0.00751075
2.49483 	 0.00759071
2.49583 	 0.00765855
2.49683 	 0.00771381
2.49783 	 0.00775616
2.49883 	 0.0077853
2.49983 	 0.00780104
2.50083 	 0.0078033
2.50183 	 0.00779204
2.50283 	 0.00776735
2.50383 	 0.00772938
2.50483 	 0.00767838
2.50584 	 0.00761469
2.50684 	 0.00753872
2.50784 	 0.00745096
2.50884 	 0.00735198
2.50984 	 0.00724242
2.51084 	 0.00712298
2.51184 	 0.00699444
2.51284 	 0.0068576
2.51384 	 0.00671336
2.51484 	 0.00656261
2.51584 	 0.00640632
2.51684 	 0.00624545
2.51784 	 0.006081
2.51884 	 0.00591399
2.51984 	 0.00574544
2.52084 	 0.00557636
2.52184 	 0.00540776
2.52284 	 0.00524063
2.52384 	 0.00507593
2.52484 	 0.00491459
2.52584 	 0.00475751
2.52684 	 0.00460553
2.52784 	 0.00445945
2.52884 	 0.00431998
2.52984 	 0.0041878
2.53084 	 0.00406351
2.53184 	 0.00394762
2.53284 	 0.00384056
2.53384 	 0.0037427
2.53484 	 0.00365429
2.53585 	 0.00357551
2.53685 	 0.00350644
2.53785 	 0.00344708
2.53885 	 0.0033973
2.53985 	 0.00335693
2.54085 	 0.00332565
2.54185 	 0.00330308
2.54285 	 0.00328875
2.54385 	 0.0032821
2.54485 	 0.00328247
2.54585 	 0.00328915
2.54685 	 0.00330132
2.54785 	 0.00331812
2.54885 	 0.00333861
2.54985 	 0.0033618
2.55085 	 0.00338665
2.55185 	 0.00341207
2.55285 	 0.00343695
2.55385 	 0.00346012
2.55485 	 0.00348043
2.55585 	 0.0034967
2.55685 	 0.00350774
2.55785 	 0.00351238
2.55885 	 0.00350947
2.55985 	 0.00349787
2.56085 	 0.00347649
2.56185 	 0.00344425
2.56285 	 0.00340017
2.56385 	 0.00334328
2.56485 	 0.00327271
2.56586 	 0.00318765
2.56686 	 0.00308737
2.56786 	 0.00297124
2.56886 	 0.00283869
2.56986 	 0.0026893
2.57086 	 0.00252272
2.57186 	 0.00233872
2.57286 	 0.00213717
2.57386 	 0.00191807
2.57486 	 0.00168152
2.57586 	 0.00142777
2.57686 	 0.00115715
2.57786 	 0.000870131
2.57886 	 0.000567302
2.57986 	 0.000249361
2.58086 	 -8.28761e-05
2.58186 	 -0.000428487
2.58286 	 -0.000786439
2.58386 	 -0.0011556
2.58486 	 -0.00153475
2.58586 	 -0.00192257
2.58686 	 -0.00231765
2.58786 	 -0.00271852
2.58886 	 -0.00312366
2.58986 	 -0.00353144
2.59086 	 -0.00394023
2.59186 	 -0.00434834
2.59286 	 -0.00475404
2.59386 	 -0.00515561
2.59486 	 -0.00555129
2.59587 	 -0.00593933
2.59687 	 -0.006318
2.59787 	 -0.00668558
2.59887 	 -0.0070404
2.59987 	 -0.0073808
2.60087 	 -0.00770522
2.60187 	 -0.00801212
2.60287 	 -0.00830005
2.60387 	 -0.00856764
2.60487 	 -0.00881362
2.60587 	 -0.00903681
2.60687 	 -0.00923613
2.60787 	 -0.00941063
2.60887 	 -0.00955947
2.60987 	 -0.00968193
2.61087 	 -0.00977744
2.61187 	 -0.00984555
2.61287 	 -0.00988596
2.61387 	 -0.00989849
2.61487 	 -0.00988313
2.61587 	 -0.00984001
2.61687 	 -0.00976937
2.61787 	 -0.00967164
2.61887 	 -0.00954736
2.61987 	 -0.00939722
2.62087 	 -0.00922204
2.62187 	 -0.00902277
2.62287 	 -0.00880048
2.62387 	 -0.00855637
2.62488 	 -0.00829174
2.62588 	 -0.00800801
2.62688 	 -0.00770666
2.62788 	 -0.0073893
2.62888 	 -0.00705759
2.62988 	 -0.00671326
2.63088 	 -0.00635811
2.63188 	 -0.00599396
2.63288 	 -0.00562269
2.63388 	 -0.00524619
2.63488 	 -0.00486636
2.63588 	 -0.00448511
2.63688 	 -0.00410433
2.63788 	 -0.00372588
2.63888 	 -0.0033516
2.63988 	 -0.00298328
2.64088 	 -0.00262265
2.64188 	 -0.00227137
2.64288 	 -0.00193102
2.64388 	 -0.0016031
2.64488 	 -0.00128903
2.64588 	 -0.000990088
2.64688 	 -0.00070747
2.64788 	 -0.000442242
2.64888 	 -0.000195349
2.64988 	 3.23971e-05
2.65088 	 0.000240315
2.65188 	 0.000427863
2.65288 	 0.000594638
2.65388 	 0.000740378
2.65489 	 0.000864963
2.65589 	 0.000968413
2.65689 	 0.00105089
2.65789 	 0.00111268
2.65889 	 0.00115423
2.65989 	 0.00117609
2.66089 	 0.00117893
2.66189 	 0.00116356
2.66289 	 0.00113088
2.66389 	 0.0010819
2.66489 	 0.00101771
2.66589 	 0.000939511
2.66689 	 0.000848545
2.66789 	 0.000746132
2.66889 	 0.000633638
2.66989 	 0.00051247
2.67089 	 0.00038406
2.67189 	 0.000249856
2.67289 	 0.000111306
2.67389 	 -3.01497e-05
2.67489 	 -0.000173096
2.67589 	 -0.000316154
2.67689 	 -0.00045799
2.67789 	 -0.000597331
2.67889 	 -0.000732977
2.67989 	 -0.000863808
2.68089 	 -0.000988798
2.68189 	 -0.00110702
2.68289 	 -0.00121767
2.68389 	 -0.00132006
2.6849 	 -0.00141361
2.6859 	 -0.0014979
2.6869 	 -0.00157265
2.6879 	 -0.00163771
2.6889 	 -0.00169308
2.6899 	 -0.00173891
2.6909 	 -0.00177552
2.6919 	 -0.00180336
2.6929 	 -0.00182303
2.6939 	 -0.00183529
2.6949 	 -0.00184104
2.6959 	 -0.00184131
2.6969 	 -0.00183727
2.6979 	 -0.00183021
2.6989 	 -0.00182153
2.6999 	 -0.00181276
2.7009 	 -0.0018055
2.7019 	 -0.00180144
2.7029 	 -0.00180234
2.7039 	 -0.00181002
2.7049 	 -0.00182634
2.7059 	 -0.00185319
2.7069 	 -0.00189247
2.7079 	 -0.00194607
2.7089 	 -0.00201586
2.7099 	 -0.00210366
2.7109 	 -0.00221126
2.7119 	 -0.00234035
2.7129 	 -0.00249254
2.7139 	 -0.00266933
2.71491 	 -0.00287209
2.71591 	 -0.00310205
2.71691 	 -0.0033603
2.71791 	 -0.00364772
2.71891 	 -0.00396503
2.71991 	 -0.00431274
2.72091 	 -0.00469114
2.72191 	 -0.00510032
2.72291 	 -0.00554011
2.72391 	 -0.00601009
2.72491 	 -0.00650962
2.72591 	 -0.00703777
2.72691 	 -0.00759336
2.72791 	 -0.00817495
2.72891 	 -0.00878082
2.72991 	 -0.00940902
2.73091 	 -0.0100573
2.73191 	 -0.0107232
2.73291 	 -0.0114038
2.73391 	 -0.0120964
2.73491 	 -0.0127976
2.73591 	 -0.0135039
2.73691 	 -0.0142118
2.73791 	 -0.0149174
2.73891 	 -0.0156166
2.73991 	 -0.0163053
2.74091 	 -0.0169792
2.74191 	 -0.0176338
2.74291 	 -0.0182646
2.74391 	 -0.018867
2.74492 	 -0.0194365
2.74592 	 -0.0199682
2.74692 	 -0.0204577
2.74792 	 -0.0209003
2.74892 	 -0.0212914
2.74992 	 -0.0216267
2.75092 	 -0.0219018
2.75192 	 -0.0221127
2.75292 	 -0.0222552
2.75392 	 -0.0223256
2.75492 	 -0.0223206
2.75592 	 -0.0222367
2.75692 	 -0.022071
2.75792 	 -0.021821
2.75892 	 -0.0214844
2.75992 	 -0.0210592
2.76092 	 -0.0205438
2.76192 	 -0.0199373
2.76292 	 -0.0192389
2.76392 	 -0.0184484
2.76492 	 -0.017566
2.76592 	 -0.0165924
2.76692 	 -0.0155288
2.76792 	 -0.0143767
2.76892 	 -0.0131385
2.76992 	 -0.0118166
2.77092 	 -0.0104142
2.77192 	 -0.00893485
2.77292 	 -0.00738272
2.77392 	 -0.00576229
2.77492 	 -0.00407857
2.77593 	 -0.00233696
2.77693 	 -0.000543311
2.77793 	 0.00129615
2.77893 	 0.00317483
2.77993 	 0.00508578
2.78093 	 0.00702177
2.78193 	 0.00897525
2.78293 	 0.0109385
2.78393 	 0.0129034
2.78493 	 0.014862
2.78593 	 0.016806
2.78693 	 0.018727
2.78793 	 0.0206166
2.78893 	 0.0224664
2.78993 	 0.0242682
2.79093 	 0.0260137
2.79193 	 0.0276948
2.79293 	 0.0293037
2.79393 	 0.0308327
2.79493 	 0.0322746
2.79593 	 0.0336222
2.79693 	 0.034869
2.79793 	 0.0360089
2.79893 	 0.0370361
2.79993 	 0.0379454
2.80093 	 0.0387323
2.80193 	 0.0393926
2.80293 	 0.039923
2.80393 	 0.0403208
2.80493 	 0.0405838
2.80594 	 0.0407109
2.80694 	 0.0407013
2.80794 	 0.0405553
2.80894 	 0.0402739
2.80994 	 0.0398587
2.81094 	 0.0393124
2.81194 	 0.0386382
2.81294 	 0.0378404
2.81394 	 0.0369238
2.81494 	 0.0358942
2.81594 	 0.0347581
2.81694 	 0.0335227
2.81794 	 0.0321959
2.81894 	 0.0307864
2.81994 	 0.0293036
2.82094 	 0.0277573
2.82194 	 0.0261581
2.82294 	 0.0245171
2.82394 	 0.0228457
2.82494 	 0.0211561
2.82594 	 0.0194604
2.82694 	 0.0177714
2.82794 	 0.0161021
2.82894 	 0.0144654
2.82994 	 0.0128746
2.83094 	 0.0113429
2.83194 	 0.00988355
2.83294 	 0.00850963
2.83394 	 0.00723404
2.83494 	 0.00606941
2.83595 	 0.00502804
2.83695 	 0.00412179
2.83795 	 0.00336203
2.83895 	 0.00275955
2.83995 	 0.00232447
2.84095 	 0.0020662
2.84195 	 0.00199334
2.84295 	 0.0021136
2.84395 	 0.00243378
2.84495 	 0.00295965
2.84595 	 0.00369592
2.84695 	 0.0046462
2.84795 	 0.0058129
2.84895 	 0.00719723
2.84995 	 0.00879913
2.85095 	 0.0106172
2.85195 	 0.0126489
2.85295 	 0.01489
2.85395 	 0.0173352
2.85495 	 0.0199777
2.85595 	 0.0228093
2.85695 	 0.0258204
2.85795 	 0.0290002
2.85895 	 0.0323362
2.85995 	 0.035815
2.86095 	 0.0394215
2.86195 	 0.0431395
2.86295 	 0.0469516
2.86395 	 0.0508393
2.86495 	 0.0547827
2.86596 	 0.0587613
2.86696 	 0.0627531
2.86796 	 0.0667357
2.86896 	 0.0706856
2.86996 	 0.0745788
2.87096 	 0.0783903
2.87196 	 0.0820952
2.87296 	 0.0856676
2.87396 	 0.0890816
2.87496 	 0.0923111
2.87596 	 0.09533
2.87696 	 0.0981121
2.87796 	 0.100632
2.87896 	 0.102863
2.87996 	 0.104781
2.88096 	 0.106361
2.88196 	 0.107579
2.88296 	 0.108412
2.88396 	 0.108839
2.88496 	 0.108838
2.88596 	 0.108389
2.88696 	 0.107475
2.88796 	 0.106078
2.88896 	 0.104182
2.88996 	 0.101776
2.89096 	 0.0988452
2.89196 	 0.0953814
2.89296 	 0.0913761
2.89396 	 0.0868235
2.89496 	 0.0817198
2.89597 	 0.0760635
2.89697 	 0.0698553
2.89797 	 0.0630984
2.89897 	 0.0557981
2.89997 	 0.0479624
2.90097 	 0.0396016
2.90197 	 0.0307284
2.90297 	 0.0213581
2.90397 	 0.0115084
2.90497 	 0.00119928
2.90597 	 -0.00954666
2.90697 	 -0.0207045
2.90797 	 -0.0322472
2.90897 	 -0.0441452
2.90997 	 -0.0563668
2.91097 	 -0.0688785
2.91197 	 -0.0816443
2.91297 	 -0.0946266
2.91397 	 -0.107786
2.91497 	 -0.121082
2.91597 	 -0.13447
2.91697 	 -0.147908
2.91797 	 -0.16135
2.91897 	 -0.17475
2.91997 	 -0.188059
2.92097 	 -0.201231
2.92197 	 -0.214216
2.92297 	 -0.226965
2.92397 	 -0.239429
2.92497 	 -0.251559
2.92598 	 -0.263304
2.92698 	 -0.274617
2.92798 	 -0.285449
2.92898 	 -0.295752
2.92998 	 -0.30548
2.93098 	 -0.314587
2.93198 	 -0.323029
2.93298 	 -0.330764
2.93398 	 -0.337749
2.93498 	 -0.343947
2.93598 	 -0.34932
2.93698 	 -0.353833
2.93798 	 -0.357454
2.93898 	 -0.360153
2.93998 	 -0.361903
2.94098 	 -0.36268
2.94198 	 -0.362463
2.94298 	 -0.361233
2.94398 	 -0.358975
2.94498 	 -0.355678
2.94598 	 -0.351333
2.94698 	 -0.345937
2.94798 	 -0.339487
2.94898 	 -0.331986
2.94998 	 -0.32344
2.95098 	 -0.313858
2.95198 	 -0.303255
2.95298 	 -0.291647
2.95398 	 -0.279055
2.95498 	 -0.265502
2.95599 	 -0.251018
2.95699 	 -0.235632
2.95799 	 -0.21938
2.95899 	 -0.2023
2.95999 	 -0.184432
2.96099 	 -0.165822
2.96199 	 -0.146517
2.96299 	 -0.126566
2.96399 	 -0.106022
2.96499 	 -0.084941
2.96599 	 -0.0633805
2.96699 	 -0.0414
2.96799 	 -0.0190613
2.96899 	 0.00357221
2.96999 	 0.0264355
2.97099 	 0.0494623
2.97199 	 0.0725852
2.97299 	 0.0957361
2.97399 	 0.118846
2.97499 	 0.141846
2.97599 	 0.164667
2.97699 	 0.187238
2.97799 	 0.209493
2.97899 	 0.231362
2.97999 	 0.252777
2.98099 	 0.273674
2.98199 	 0.293986
2.98299 	 0.31365
2.98399 	 0.332605
2.98499 	 0.350792
2.986 	 0.368152
2.987 	 0.384631
2.988 	 0.400176
2.989 	 0.414739
2.99 	 0.428273
2.991 	 0.440735
2.992 	 0.452084
2.993 	 0.462285
2.994 	 0.471305
2.995 	 0.479116
2.996 	 0.485691
2.997 	 0.49101
2.998 	 0.495055
2.999 	 0.497815
3 	 0.499279
