0 	 0
0.00100033 	 0.00100026
0.00200067 	 0.00199815
0.003001 	 0.00299108
0.00400133 	 0.00397646
0.00500167 	 0.00495176
0.006002 	 0.00591445
0.00700233 	 0.00686205
0.00800267 	 0.00779214
0.009003 	 0.00870234
0.0100033 	 0.00959035
0.0110037 	 0.0104539
0.012004 	 0.0112909
0.0130043 	 0.0120992
0.0140047 	 0.0128769
0.015005 	 0.0136221
0.0160053 	 0.0143329
0.0170057 	 0.0150078
0.018006 	 0.0156451
0.0190063 	 0.0162434
0.0200067 	 0.0168015
0.021007 	 0.017318
0.0220073 	 0.0177919
0.0230077 	 0.0182224
0.024008 	 0.0186085
0.0250083 	 0.0189497
0.0260087 	 0.0192454
0.027009 	 0.0194953
0.0280093 	 0.0196989
0.0290097 	 0.0198564
0.03001 	 0.0199676
0.0310103 	 0.0200328
0.0320107 	 0.0200521
0.033011 	 0.0200262
0.0340113 	 0.0199555
0.0350117 	 0.0198406
0.036012 	 0.0196825
0.0370123 	 0.019482
0.0380127 	 0.0192402
0.039013 	 0.0189582
0.0400133 	 0.0186373
0.0410137 	 0.0182789
0.042014 	 0.0178844
0.0430143 	 0.0174554
0.0440147 	 0.0169934
0.045015 	 0.0165003
0.0460153 	 0.0159777
0.0470157 	 0.0154276
0.048016 	 0.0148518
0.0490163 	 0.0142523
0.0500167 	 0.0136311
0.051017 	 0.0129901
0.0520173 	 0.0123315
0.0530177 	 0.0116574
0.054018 	 0.0109698
0.0550183 	 0.0102709
0.0560187 	 0.00956264
0.057019 	 0.00884726
0.0580193 	 0.00812679
0.0590197 	 0.0074033
0.06002 	 0.00667881
0.0610203 	 0.00595532
0.0620207 	 0.00523479
0.063021 	 0.00451913
0.0640213 	 0.00381019
0.0650217 	 0.00310979
0.066022 	 0.00241965
0.0670223 	 0.00174145
0.0680227 	 0.00107679
0.069023 	 0.00042718
0.0700233 	 -0.000205925
0.0710237 	 -0.00082117
0.072024 	 -0.00141728
0.0730243 	 -0.00199309
0.0740247 	 -0.00254749
0.075025 	 -0.00307949
0.0760253 	 -0.00358819
0.0770257 	 -0.00407279
0.078026 	 -0.00453258
0.0790263 	 -0.00496696
0.0800267 	 -0.00537542
0.081027 	 -0.00575754
0.0820273 	 -0.00611302
0.0830277 	 -0.00644163
0.084028 	 -0.00674326
0.0850283 	 -0.00701787
0.0860287 	 -0.00726552
0.087029 	 -0.00748638
0.0880293 	 -0.00768068
0.0890297 	 -0.00784873
0.09003 	 -0.00799094
0.0910303 	 -0.00810779
0.0920307 	 -0.00819983
0.093031 	 -0.00826769
0.0940313 	 -0.00831203
0.0950317 	 -0.00833362
0.096032 	 -0.00833326
0.0970323 	 -0.00831179
0.0980327 	 -0.00827013
0.099033 	 -0.00820922
0.100033 	 -0.00813004
0.101034 	 -0.0080336
0.102034 	 -0.00792096
0.103034 	 -0.00779318
0.104035 	 -0.00765135
0.105035 	 -0.00749656
0.106035 	 -0.00732992
0.107036 	 -0.00715255
0.108036 	 -0.00696556
0.109036 	 -0.00677006
0.110037 	 -0.00656714
0.111037 	 -0.00635789
0.112037 	 -0.00614338
0.113038 	 -0.00592465
0.114038 	 -0.00570272
0.115038 	 -0.0054786
0.116039 	 -0.00525323
0.117039 	 -0.00502754
0.118039 	 -0.00480242
0.11904 	 -0.00457873
0.12004 	 -0.00435725
0.12104 	 -0.00413877
0.122041 	 -0.00392398
0.123041 	 -0.00371355
0.124041 	 -0.0035081
0.125042 	 -0.0033082
0.126042 	 -0.00311435
0.127042 	 -0.00292703
0.128043 	 -0.00274663
0.129043 	 -0.00257351
0.130043 	 -0.00240799
0.131044 	 -0.00225031
0.132044 	 -0.00210066
0.133044 	 -0.00195921
0.134045 	 -0.00182605
0.135045 	 -0.00170124
0.136045 	 -0.00158477
0.137046 	 -0.00147662
0.138046 	 -0.00137669
0.139046 	 -0.00128486
0.140047 	 -0.00120097
0.141047 	 -0.00112482
0.142047 	 -0.00105616
0.143048 	 -0.000994739
0.144048 	 -0.00094025
0.145048 	 -0.000892368
0.146049 	 -0.000850743
0.147049 	 -0.000815003
0.148049 	 -0.000784757
0.14905 	 -0.000759597
0.15005 	 -0.000739102
0.15105 	 -0.000722841
0.152051 	 -0.000710372
0.153051 	 -0.000701251
0.154051 	 -0.000695029
0.155052 	 -0.000691258
0.156052 	 -0.000689492
0.157052 	 -0.00068929
0.158053 	 -0.000690219
0.159053 	 -0.000691855
0.160053 	 -0.000693784
0.161054 	 -0.000695608
0.162054 	 -0.000696943
0.163054 	 -0.000697425
0.164055 	 -0.000696705
0.165055 	 -0.000694458
0.166055 	 -0.00069038
0.167056 	 -0.000684188
0.168056 	 -0.000675626
0.169056 	 -0.000664461
0.170057 	 -0.000650487
0.171057 	 -0.000633524
0.172057 	 -0.000613418
0.173058 	 -0.000590043
0.174058 	 -0.0005633
0.175058 	 -0.000533116
0.176059 	 -0.000499447
0.177059 	 -0.000462274
0.178059 	 -0.000421604
0.17906 	 -0.000377471
0.18006 	 -0.000329933
0.18106 	 -0.000279071
0.182061 	 -0.000224992
0.183061 	 -0.000167822
0.184061 	 -0.000107709
0.185062 	 -4.48214e-05
0.186062 	 2.06546e-05
0.187062 	 8.8516e-05
0.188063 	 0.000158544
0.189063 	 0.000230507
0.190063 	 0.000304158
0.191064 	 0.000379242
0.192064 	 0.000455494
0.193064 	 0.000532641
0.194065 	 0.000610404
0.195065 	 0.000688499
0.196065 	 0.000766642
0.197066 	 0.000844544
0.198066 	 0.000921919
0.199066 	 0.000998483
0.200067 	 0.00107395
0.201067 	 0.00114806
0.202067 	 0.00122052
0.203068 	 0.00129109
0.204068 	 0.0013595
0.205068 	 0.00142553
0.206069 	 0.00148892
0.207069 	 0.00154948
0.208069 	 0.00160698
0.20907 	 0.00166125
0.21007 	 0.0017121
0.21107 	 0.00175939
0.212071 	 0.00180295
0.213071 	 0.00184268
0.214071 	 0.00187846
0.215072 	 0.00191019
0.216072 	 0.00193782
0.217072 	 0.00196127
0.218073 	 0.00198052
0.219073 	 0.00199555
0.220073 	 0.00200635
0.221074 	 0.00201294
0.222074 	 0.00201536
0.223074 	 0.00201365
0.224075 	 0.00200789
0.225075 	 0.00199815
0.226075 	 0.00198453
0.227076 	 0.00196714
0.228076 	 0.00194612
0.229076 	 0.00192159
0.230077 	 0.00189371
0.231077 	 0.00186263
0.232077 	 0.00182854
0.233078 	 0.0017916
0.234078 	 0.00175201
0.235078 	 0.00170996
0.236079 	 0.00166565
0.237079 	 0.00161929
0.238079 	 0.00157108
0.23908 	 0.00152124
0.24008 	 0.00146998
0.24108 	 0.00141752
0.242081 	 0.00136407
0.243081 	 0.00130983
0.244081 	 0.00125503
0.245082 	 0.00119987
0.246082 	 0.00114455
0.247082 	 0.00108927
0.248083 	 0.00103423
0.249083 	 0.000979594
0.250083 	 0.000925556
0.251084 	 0.000872284
0.252084 	 0.000819938
0.253084 	 0.000768672
0.254085 	 0.000718627
0.255085 	 0.000669939
0.256085 	 0.000622729
0.257086 	 0.000577109
0.258086 	 0.000533182
0.259086 	 0.000491038
0.260087 	 0.000450757
0.261087 	 0.000412406
0.262087 	 0.000376043
0.263088 	 0.000341715
0.264088 	 0.000309456
0.265088 	 0.000279292
0.266089 	 0.000251236
0.267089 	 0.000225293
0.268089 	 0.000201457
0.26909 	 0.000179711
0.27009 	 0.000160033
0.27109 	 0.000142389
0.272091 	 0.000126737
0.273091 	 0.000113029
0.274091 	 0.00010121
0.275092 	 9.12159e-05
0.276092 	 8.29794e-05
0.277092 	 7.64268e-05
0.278093 	 7.14796e-05
0.279093 	 6.80554e-05
0.280093 	 6.60682e-05
0.281094 	 6.54292e-05
0.282094 	 6.60473e-05
0.283094 	 6.78296e-05
0.284095 	 7.06824e-05
0.285095 	 7.45112e-05
0.286095 	 7.92219e-05
0.287096 	 8.47207e-05
0.288096 	 9.09152e-05
0.289096 	 9.77144e-05
0.290097 	 0.00010503
0.291097 	 0.000112774
0.292097 	 0.000120866
0.293098 	 0.000129223
0.294098 	 0.00013777
0.295098 	 0.000146435
0.296099 	 0.000155149
0.297099 	 0.000163848
0.298099 	 0.000172473
0.2991 	 0.00018097
0.3001 	 0.000189289
0.3011 	 0.000197386
0.302101 	 0.00020522
0.303101 	 0.000212758
0.304101 	 0.000219968
0.305102 	 0.000226828
0.306102 	 0.000233316
0.307102 	 0.000239418
0.308103 	 0.000245122
0.309103 	 0.000250422
0.310103 	 0.000255315
0.311104 	 0.000259803
0.312104 	 0.00026389
0.313104 	 0.000267585
0.314105 	 0.0002709
0.315105 	 0.000273848
0.316105 	 0.000276445
0.317106 	 0.00027871
0.318106 	 0.000280662
0.319106 	 0.000282325
0.320107 	 0.000283719
0.321107 	 0.000284869
0.322107 	 0.000285798
0.323108 	 0.000286529
0.324108 	 0.000287086
0.325108 	 0.000287492
0.326109 	 0.000287769
0.327109 	 0.000287938
0.328109 	 0.000288017
0.32911 	 0.000288025
0.33011 	 0.000287977
0.33111 	 0.000287888
0.332111 	 0.000287768
0.333111 	 0.000287628
0.334111 	 0.000287472
0.335112 	 0.000287306
0.336112 	 0.00028713
0.337112 	 0.000286944
0.338113 	 0.000286741
0.339113 	 0.000286517
0.340113 	 0.000286259
0.341114 	 0.000285957
0.342114 	 0.000285594
0.343114 	 0.000285153
0.344115 	 0.000284614
0.345115 	 0.000283954
0.346115 	 0.000283149
0.347116 	 0.000282173
0.348116 	 0.000280998
0.349116 	 0.000279594
0.350117 	 0.000277932
0.351117 	 0.000275979
0.352117 	 0.000273705
0.353118 	 0.000271075
0.354118 	 0.000268059
0.355118 	 0.000264624
0.356119 	 0.000260738
0.357119 	 0.000256371
0.358119 	 0.000251493
0.35912 	 0.000246075
0.36012 	 0.000240092
0.36112 	 0.000233518
0.362121 	 0.000226333
0.363121 	 0.000218515
0.364121 	 0.000210049
0.365122 	 0.00020092
0.366122 	 0.000191118
0.367122 	 0.000180636
0.368123 	 0.00016947
0.369123 	 0.000157621
0.370123 	 0.000145092
0.371124 	 0.000131893
0.372124 	 0.000118036
0.373124 	 0.000103537
0.374125 	 8.84164e-05
0.375125 	 7.27003e-05
0.376125 	 5.64176e-05
0.377126 	 3.96017e-05
0.378126 	 2.22901e-05
0.379126 	 4.52436e-06
0.380127 	 -1.365e-05
0.381127 	 -3.2184e-05
0.382127 	 -5.10248e-05
0.383128 	 -7.01164e-05
0.384128 	 -8.93997e-05
0.385128 	 -0.000108813
0.386129 	 -0.00012829
0.387129 	 -0.000147766
0.388129 	 -0.000167171
0.38913 	 -0.000186434
0.39013 	 -0.000205483
0.39113 	 -0.000224245
0.392131 	 -0.000242647
0.393131 	 -0.000260614
0.394131 	 -0.000278072
0.395132 	 -0.000294948
0.396132 	 -0.00031117
0.397132 	 -0.000326665
0.398133 	 -0.000341365
0.399133 	 -0.000355201
0.400133 	 -0.000368109
0.401134 	 -0.000380024
0.402134 	 -0.000390889
0.403134 	 -0.000400646
0.404135 	 -0.000409244
0.405135 	 -0.000416633
0.406135 	 -0.00042277
0.407136 	 -0.000427616
0.408136 	 -0.000431135
0.409136 	 -0.000433299
0.410137 	 -0.000434083
0.411137 	 -0.000433469
0.412137 	 -0.000431443
0.413138 	 -0.000427997
0.414138 	 -0.000423131
0.415138 	 -0.000416849
0.416139 	 -0.00040916
0.417139 	 -0.00040008
0.418139 	 -0.000389633
0.41914 	 -0.000377845
0.42014 	 -0.000364749
0.42114 	 -0.000350386
0.422141 	 -0.000334799
0.423141 	 -0.000318038
0.424141 	 -0.000300159
0.425142 	 -0.000281219
0.426142 	 -0.000261285
0.427142 	 -0.000240424
0.428143 	 -0.000218708
0.429143 	 -0.000196215
0.430143 	 -0.000173022
0.431144 	 -0.000149213
0.432144 	 -0.000124873
0.433144 	 -0.000100087
0.434145 	 -7.49456e-05
0.435145 	 -4.9538e-05
0.436145 	 -2.39551e-05
0.437146 	 1.71167e-06
0.438146 	 2.7371e-05
0.439146 	 5.2932e-05
0.440147 	 7.83045e-05
0.441147 	 0.0001034
0.442147 	 0.000128131
0.443148 	 0.000152413
0.444148 	 0.000176164
0.445148 	 0.000199304
0.446149 	 0.000221757
0.447149 	 0.000243451
0.448149 	 0.000264317
0.44915 	 0.000284291
0.45015 	 0.000303315
0.45115 	 0.000321332
0.452151 	 0.000338295
0.453151 	 0.00035416
0.454151 	 0.000368887
0.455152 	 0.000382444
0.456152 	 0.000394806
0.457152 	 0.000405951
0.458153 	 0.000415864
0.459153 	 0.000424538
0.460153 	 0.00043197
0.461154 	 0.000438163
0.462154 	 0.000443129
0.463154 	 0.000446882
0.464155 	 0.000449444
0.465155 	 0.000450842
0.466155 	 0.000451111
0.467156 	 0.000450287
0.468156 	 0.000448414
0.469156 	 0.00044554
0.470157 	 0.000441718
0.471157 	 0.000437006
0.472157 	 0.000431462
0.473158 	 0.000425153
0.474158 	 0.000418145
0.475158 	 0.000410509
0.476159 	 0.000402317
0.477159 	 0.000393644
0.478159 	 0.000384566
0.47916 	 0.000375161
0.48016 	 0.000365506
0.48116 	 0.000355679
0.482161 	 0.000345759
0.483161 	 0.000335823
0.484161 	 0.000325946
0.485162 	 0.000316204
0.486162 	 0.00030667
0.487162 	 0.000297413
0.488163 	 0.000288502
0.489163 	 0.000280001
0.490163 	 0.000271972
0.491164 	 0.00026447
0.492164 	 0.000257551
0.493164 	 0.000251262
0.494165 	 0.000245648
0.495165 	 0.000240747
0.496165 	 0.000236593
0.497166 	 0.000233216
0.498166 	 0.000230637
0.499166 	 0.000228875
0.500167 	 0.000227941
0.501167 	 0.000227841
0.502167 	 0.000228575
0.503168 	 0.000230136
0.504168 	 0.000232514
0.505168 	 0.000235691
0.506169 	 0.000239643
0.507169 	 0.000244341
0.508169 	 0.000249753
0.50917 	 0.000255838
0.51017 	 0.000262553
0.51117 	 0.000269848
0.512171 	 0.000277671
0.513171 	 0.000285963
0.514171 	 0.000294663
0.515172 	 0.000303706
0.516172 	 0.000313025
0.517172 	 0.000322549
0.518173 	 0.000332204
0.519173 	 0.000341915
0.520173 	 0.000351607
0.521174 	 0.000361201
0.522174 	 0.000370619
0.523174 	 0.000379782
0.524175 	 0.000388613
0.525175 	 0.000397034
0.526175 	 0.000404968
0.527176 	 0.00041234
0.528176 	 0.000419078
0.529176 	 0.000425111
0.530177 	 0.000430372
0.531177 	 0.000434796
0.532177 	 0.000438322
0.533178 	 0.000440893
0.534178 	 0.000442457
0.535178 	 0.000442966
0.536179 	 0.000442377
0.537179 	 0.000440652
0.538179 	 0.000437759
0.53918 	 0.000433671
0.54018 	 0.000428366
0.54118 	 0.00042183
0.542181 	 0.000414055
0.543181 	 0.000405036
0.544181 	 0.000394778
0.545182 	 0.000383291
0.546182 	 0.00037059
0.547182 	 0.000356698
0.548183 	 0.000341643
0.549183 	 0.00032546
0.550183 	 0.000308188
0.551184 	 0.000289874
0.552184 	 0.000270569
0.553184 	 0.00025033
0.554185 	 0.000229219
0.555185 	 0.000207302
0.556185 	 0.000184651
0.557186 	 0.00016134
0.558186 	 0.000137448
0.559186 	 0.000113058
0.560187 	 8.82538e-05
0.561187 	 6.31244e-05
0.562187 	 3.77592e-05
0.563188 	 1.22499e-05
0.564188 	 -1.33108e-05
0.565188 	 -3.8829e-05
0.566189 	 -6.42108e-05
0.567189 	 -8.93622e-05
0.568189 	 -0.00011419
0.56919 	 -0.000138601
0.57019 	 -0.000162505
0.57119 	 -0.000185812
0.572191 	 -0.000208436
0.573191 	 -0.000230293
0.574191 	 -0.000251301
0.575192 	 -0.000271383
0.576192 	 -0.000290466
0.577192 	 -0.00030848
0.578193 	 -0.00032536
0.579193 	 -0.000341046
0.580193 	 -0.000355484
0.581194 	 -0.000368623
0.582194 	 -0.00038042
0.583194 	 -0.000390836
0.584195 	 -0.00039984
0.585195 	 -0.000407405
0.586195 	 -0.00041351
0.587196 	 -0.000418142
0.588196 	 -0.000421294
0.589196 	 -0.000422963
0.590197 	 -0.000423155
0.591197 	 -0.000421881
0.592197 	 -0.000419157
0.593198 	 -0.000415007
0.594198 	 -0.000409458
0.595198 	 -0.000402546
0.596199 	 -0.00039431
0.597199 	 -0.000384794
0.598199 	 -0.000374049
0.5992 	 -0.000362128
0.6002 	 -0.00034909
0.6012 	 -0.000334997
0.602201 	 -0.000319916
0.603201 	 -0.000303914
0.604201 	 -0.000287066
0.605202 	 -0.000269444
0.606202 	 -0.000251125
0.607202 	 -0.000232188
0.608203 	 -0.000212713
0.609203 	 -0.000192779
0.610203 	 -0.000172467
0.611204 	 -0.000151858
0.612204 	 -0.000131032
0.613204 	 -0.000110069
0.614205 	 -8.9048e-05
0.615205 	 -6.80449e-05
0.616205 	 -4.71349e-05
0.617206 	 -2.63908e-05
0.618206 	 -5.88252e-06
0.619206 	 1.43227e-05
0.620207 	 3.41608e-05
0.621207 	 5.35714e-05
0.622207 	 7.24976e-05
0.623208 	 9.08866e-05
0.624208 	 0.00010869
0.625208 	 0.000125863
0.626209 	 0.000142365
0.627209 	 0.000158162
0.628209 	 0.000173222
0.62921 	 0.000187519
0.63021 	 0.000201032
0.63121 	 0.000213745
0.632211 	 0.000225644
0.633211 	 0.000236723
0.634211 	 0.000246979
0.635212 	 0.000256413
0.636212 	 0.000265031
0.637212 	 0.000272843
0.638213 	 0.000279862
0.639213 	 0.000286106
0.640213 	 0.000291596
0.641214 	 0.000296356
0.642214 	 0.000300413
0.643214 	 0.000303796
0.644215 	 0.000306537
0.645215 	 0.000308672
0.646215 	 0.000310234
0.647216 	 0.000311263
0.648216 	 0.000311795
0.649216 	 0.00031187
0.650217 	 0.000311527
0.651217 	 0.000310807
0.652217 	 0.000309748
0.653218 	 0.000308389
0.654218 	 0.000306769
0.655218 	 0.000304924
0.656219 	 0.000302889
0.657219 	 0.000300699
0.658219 	 0.000298386
0.65922 	 0.000295979
0.66022 	 0.000293506
0.66122 	 0.000290992
0.662221 	 0.000288459
0.663221 	 0.000285926
0.664221 	 0.000283412
0.665222 	 0.000280928
0.666222 	 0.000278486
0.667222 	 0.000276093
0.668223 	 0.000273754
0.669223 	 0.00027147
0.670223 	 0.00026924
0.671224 	 0.00026706
0.672224 	 0.000264922
0.673224 	 0.000262818
0.674225 	 0.000260734
0.675225 	 0.000258657
0.676225 	 0.00025657
0.677226 	 0.000254455
0.678226 	 0.000252294
0.679226 	 0.000250064
0.680227 	 0.000247744
0.681227 	 0.000245313
0.682227 	 0.000242747
0.683228 	 0.000240024
0.684228 	 0.000237121
0.685228 	 0.000234018
0.686229 	 0.000230694
0.687229 	 0.00022713
0.688229 	 0.000223309
0.68923 	 0.000219217
0.69023 	 0.00021484
0.69123 	 0.000210169
0.692231 	 0.000205198
0.693231 	 0.000199923
0.694231 	 0.000194345
0.695232 	 0.000188468
0.696232 	 0.000182301
0.697232 	 0.000175858
0.698233 	 0.000169154
0.699233 	 0.000162214
0.700233 	 0.000155063
0.701234 	 0.000147734
0.702234 	 0.000140264
0.703234 	 0.000132694
0.704235 	 0.000125071
0.705235 	 0.000117446
0.706235 	 0.000109877
0.707236 	 0.000102423
0.708236 	 9.51508e-05
0.709236 	 8.81289e-05
0.710237 	 8.1431e-05
0.711237 	 7.51344e-05
0.712237 	 6.93193e-05
0.713238 	 6.40691e-05
0.714238 	 5.94695e-05
0.715238 	 5.56086e-05
0.716239 	 5.25758e-05
0.717239 	 5.04618e-05
0.718239 	 4.93577e-05
0.71924 	 4.9355e-05
0.72024 	 5.05442e-05
0.72124 	 5.3015e-05
0.722241 	 5.68554e-05
0.723241 	 6.21509e-05
0.724241 	 6.89841e-05
0.725242 	 7.74341e-05
0.726242 	 8.75758e-05
0.727242 	 9.94791e-05
0.728243 	 0.000113209
0.729243 	 0.000128823
0.730243 	 0.000146374
0.731244 	 0.000165907
0.732244 	 0.000187459
0.733244 	 0.000211058
0.734245 	 0.000236724
0.735245 	 0.000264468
0.736245 	 0.000294292
0.737246 	 0.000326187
0.738246 	 0.000360134
0.739246 	 0.000396102
0.740247 	 0.000434053
0.741247 	 0.000473934
0.742247 	 0.000515683
0.743248 	 0.000559226
0.744248 	 0.000604479
0.745248 	 0.000651346
0.746249 	 0.000699719
0.747249 	 0.000749482
0.748249 	 0.000800505
0.74925 	 0.000852652
0.75025 	 0.000905772
0.75125 	 0.000959709
0.752251 	 0.0010143
0.753251 	 0.00106936
0.754251 	 0.00112472
0.755252 	 0.00118017
0.756252 	 0.00123554
0.757252 	 0.00129061
0.758253 	 0.00134518
0.759253 	 0.00139904
0.760253 	 0.00145198
0.761254 	 0.00150378
0.762254 	 0.00155423
0.763254 	 0.00160311
0.764255 	 0.0016502
0.765255 	 0.0016953
0.766255 	 0.00173819
0.767256 	 0.00177868
0.768256 	 0.00181656
0.769256 	 0.00185164
0.770257 	 0.00188373
0.771257 	 0.00191265
0.772257 	 0.00193825
0.773258 	 0.00196037
0.774258 	 0.00197885
0.775258 	 0.00199357
0.776259 	 0.00200441
0.777259 	 0.00201126
0.778259 	 0.00201404
0.77926 	 0.00201267
0.78026 	 0.00200708
0.78126 	 0.00199725
0.782261 	 0.00198315
0.783261 	 0.00196477
0.784261 	 0.00194212
0.785262 	 0.00191523
0.786262 	 0.00188416
0.787262 	 0.00184896
0.788263 	 0.00180972
0.789263 	 0.00176655
0.790263 	 0.00171957
0.791264 	 0.00166891
0.792264 	 0.00161474
0.793264 	 0.00155721
0.794265 	 0.00149653
0.795265 	 0.00143288
0.796265 	 0.0013665
0.797266 	 0.00129761
0.798266 	 0.00122644
0.799266 	 0.00115326
0.800267 	 0.00107833
0.801267 	 0.00100192
0.802267 	 0.0009243
0.803268 	 0.000845764
0.804268 	 0.000766598
0.805268 	 0.000687094
0.806269 	 0.000607543
0.807269 	 0.000528238
0.808269 	 0.000449468
0.80927 	 0.000371522
0.81027 	 0.000294678
0.81127 	 0.000219211
0.812271 	 0.000145386
0.813271 	 7.34585e-05
0.814271 	 3.66987e-06
0.815272 	 -6.37503e-05
0.816272 	 -0.000128588
0.817272 	 -0.000190647
0.818273 	 -0.000249747
0.819273 	 -0.000305729
0.820273 	 -0.000358455
0.821274 	 -0.000407807
0.822274 	 -0.000453692
0.823274 	 -0.00049604
0.824275 	 -0.000534807
0.825275 	 -0.000569974
0.826275 	 -0.000601549
0.827276 	 -0.000629566
0.828276 	 -0.000654087
0.829276 	 -0.000675202
0.830277 	 -0.000693027
0.831277 	 -0.000707707
0.832277 	 -0.000719415
0.833278 	 -0.000728348
0.834278 	 -0.000734733
0.835278 	 -0.000738821
0.836279 	 -0.000740887
0.837279 	 -0.000741232
0.838279 	 -0.000740178
0.83928 	 -0.00073807
0.84028 	 -0.00073527
0.84128 	 -0.000732162
0.842281 	 -0.000729145
0.843281 	 -0.000726632
0.844281 	 -0.000725049
0.845282 	 -0.000724832
0.846282 	 -0.000726428
0.847282 	 -0.000730286
0.848283 	 -0.000736861
0.849283 	 -0.000746608
0.850283 	 -0.00075998
0.851284 	 -0.000777427
0.852284 	 -0.000799388
0.853284 	 -0.000826298
0.854285 	 -0.000858574
0.855285 	 -0.000896619
0.856285 	 -0.00094082
0.857286 	 -0.000991539
0.858286 	 -0.00104912
0.859286 	 -0.00111387
0.860287 	 -0.00118607
0.861287 	 -0.00126599
0.862287 	 -0.00135382
0.863288 	 -0.00144977
0.864288 	 -0.00155396
0.865288 	 -0.0016665
0.866289 	 -0.00178745
0.867289 	 -0.00191681
0.868289 	 -0.00205456
0.86929 	 -0.0022006
0.87029 	 -0.00235482
0.87129 	 -0.00251701
0.872291 	 -0.00268695
0.873291 	 -0.00286435
0.874291 	 -0.00304887
0.875292 	 -0.00324012
0.876292 	 -0.00343764
0.877292 	 -0.00364094
0.878293 	 -0.00384947
0.879293 	 -0.00406262
0.880293 	 -0.00427974
0.881294 	 -0.00450013
0.882294 	 -0.00472304
0.883294 	 -0.00494767
0.884295 	 -0.00517317
0.885295 	 -0.00539868
0.886295 	 -0.00562326
0.887296 	 -0.00584597
0.888296 	 -0.00606581
0.889296 	 -0.00628177
0.890297 	 -0.00649279
0.891297 	 -0.00669782
0.892297 	 -0.00689576
0.893298 	 -0.00708551
0.894298 	 -0.00726596
0.895298 	 -0.007436
0.896299 	 -0.0075945
0.897299 	 -0.00774035
0.898299 	 -0.00787243
0.8993 	 -0.00798966
0.9003 	 -0.00809095
0.9013 	 -0.00817524
0.902301 	 -0.0082415
0.903301 	 -0.00828874
0.904301 	 -0.008316
0.905302 	 -0.00832235
0.906302 	 -0.00830692
0.907302 	 -0.00826889
0.908303 	 -0.00820749
0.909303 	 -0.00812201
0.910303 	 -0.00801182
0.911304 	 -0.00787634
0.912304 	 -0.00771507
0.913304 	 -0.00752758
0.914305 	 -0.00731353
0.915305 	 -0.00707266
0.916305 	 -0.00680478
0.917306 	 -0.00650983
0.918306 	 -0.00618779
0.919306 	 -0.00583876
0.920307 	 -0.00546295
0.921307 	 -0.00506063
0.922307 	 -0.00463219
0.923308 	 -0.00417813
0.924308 	 -0.00369901
0.925308 	 -0.00319553
0.926309 	 -0.00266847
0.927309 	 -0.00211869
0.928309 	 -0.00154719
0.92931 	 -0.000955023
0.93031 	 -0.000343356
0.93131 	 0.000286559
0.932311 	 0.00093338
0.933311 	 0.00159568
0.934311 	 0.00227196
0.935312 	 0.00296063
0.936312 	 0.00366002
0.937312 	 0.00436843
0.938313 	 0.00508405
0.939313 	 0.00580503
0.940313 	 0.00652948
0.941314 	 0.00725543
0.942314 	 0.00798091
0.943314 	 0.00870387
0.944315 	 0.00942227
0.945315 	 0.010134
0.946315 	 0.010837
0.947316 	 0.0115292
0.948316 	 0.0122084
0.949316 	 0.0128725
0.950317 	 0.0135196
0.951317 	 0.0141474
0.952317 	 0.0147539
0.953318 	 0.0153372
0.954318 	 0.0158952
0.955318 	 0.0164261
0.956319 	 0.016928
0.957319 	 0.0173991
0.958319 	 0.0178377
0.95932 	 0.0182421
0.96032 	 0.0186107
0.96132 	 0.0189421
0.962321 	 0.0192348
0.963321 	 0.0194877
0.964321 	 0.0196994
0.965322 	 0.019869
0.966322 	 0.0199954
0.967322 	 0.0200779
0.968323 	 0.0201156
0.969323 	 0.0201081
0.970323 	 0.0200549
0.971324 	 0.0199556
0.972324 	 0.0198101
0.973324 	 0.0196182
0.974325 	 0.0193802
0.975325 	 0.0190961
0.976325 	 0.0187663
0.977326 	 0.0183914
0.978326 	 0.017972
0.979326 	 0.0175087
0.980327 	 0.0170026
0.981327 	 0.0164547
0.982327 	 0.0158661
0.983328 	 0.0152382
0.984328 	 0.0145722
0.985328 	 0.0138698
0.986329 	 0.0131327
0.987329 	 0.0123625
0.988329 	 0.0115611
0.98933 	 0.0107305
0.99033 	 0.00987267
0.99133 	 0.00898986
0.992331 	 0.00808423
0.993331 	 0.00715807
0.994331 	 0.00621374
0.995332 	 0.00525366
0.996332 	 0.00428028
0.997332 	 0.00329612
0.998333 	 0.00230372
0.999333 	 0.00130565
1.00033 	 0.000304483
1.00133 	 -0.000698007
1.00233 	 -0.00169833
1.00333 	 -0.00269391
1.00433 	 -0.00368216
1.00534 	 -0.00466054
1.00634 	 -0.00562652
1.00734 	 -0.00657764
1.00834 	 -0.00751145
1.00934 	 -0.00842559
1.01034 	 -0.00931773
1.01134 	 -0.0101856
1.01234 	 -0.0110272
1.01334 	 -0.0118402
1.01434 	 -0.0126227
1.01534 	 -0.0133729
1.01634 	 -0.0140889
1.01734 	 -0.0147691
1.01834 	 -0.0154119
1.01934 	 -0.0160157
1.02034 	 -0.0165794
1.02134 	 -0.0171016
1.02234 	 -0.0175813
1.02334 	 -0.0180176
1.02434 	 -0.0184096
1.02534 	 -0.0187566
1.02634 	 -0.0190581
1.02734 	 -0.0193137
1.02834 	 -0.0195231
1.02934 	 -0.0196861
1.03034 	 -0.0198029
1.03134 	 -0.0198735
1.03234 	 -0.0198981
1.03334 	 -0.0198773
1.03434 	 -0.0198115
1.03535 	 -0.0197015
1.03635 	 -0.0195479
1.03735 	 -0.0193517
1.03835 	 -0.019114
1.03935 	 -0.0188358
1.04035 	 -0.0185185
1.04135 	 -0.0181633
1.04235 	 -0.0177718
1.04335 	 -0.0173454
1.04435 	 -0.0168858
1.04535 	 -0.0163946
1.04635 	 -0.0158737
1.04735 	 -0.0153249
1.04835 	 -0.0147501
1.04935 	 -0.0141512
1.05035 	 -0.0135302
1.05135 	 -0.0128892
1.05235 	 -0.0122301
1.05335 	 -0.0115552
1.05435 	 -0.0108665
1.05535 	 -0.010166
1.05635 	 -0.00945601
1.05735 	 -0.00873849
1.05835 	 -0.00801557
1.05935 	 -0.00728932
1.06035 	 -0.00656178
1.06135 	 -0.00583496
1.06235 	 -0.00511084
1.06335 	 -0.00439133
1.06435 	 -0.00367833
1.06536 	 -0.00297363
1.06636 	 -0.00227901
1.06736 	 -0.00159614
1.06836 	 -0.000926657
1.06936 	 -0.000272089
1.07036 	 0.000366097
1.07136 	 0.000986524
1.07236 	 0.0015879
1.07336 	 0.00216902
1.07436 	 0.00272878
1.07536 	 0.00326615
1.07636 	 0.00378023
1.07736 	 0.00427018
1.07836 	 0.00473528
1.07936 	 0.00517491
1.08036 	 0.00558854
1.08136 	 0.00597574
1.08236 	 0.00633619
1.08336 	 0.00666964
1.08436 	 0.00697597
1.08536 	 0.00725513
1.08636 	 0.00750717
1.08736 	 0.00773224
1.08836 	 0.00793056
1.08936 	 0.00810244
1.09036 	 0.00824828
1.09136 	 0.00836855
1.09236 	 0.00846381
1.09336 	 0.00853465
1.09436 	 0.00858178
1.09537 	 0.00860594
1.09637 	 0.00860792
1.09737 	 0.0085886
1.09837 	 0.00854887
1.09937 	 0.00848969
1.10037 	 0.00841204
1.10137 	 0.00831695
1.10237 	 0.00820548
1.10337 	 0.00807869
1.10437 	 0.00793769
1.10537 	 0.00778359
1.10637 	 0.00761751
1.10737 	 0.00744057
1.10837 	 0.00725391
1.10937 	 0.00705863
1.11037 	 0.00685587
1.11137 	 0.00664671
1.11237 	 0.00643225
1.11337 	 0.00621353
1.11437 	 0.00599161
1.11537 	 0.00576749
1.11637 	 0.00554214
1.11737 	 0.0053165
1.11837 	 0.00509149
1.11937 	 0.00486796
1.12037 	 0.00464674
1.12137 	 0.00442859
1.12237 	 0.00421425
1.12337 	 0.00400439
1.12437 	 0.00379964
1.12538 	 0.00360058
1.12638 	 0.00340773
1.12738 	 0.00322156
1.12838 	 0.00304249
1.12938 	 0.00287088
1.13038 	 0.00270704
1.13138 	 0.00255122
1.13238 	 0.00240364
1.13338 	 0.00226444
1.13438 	 0.00213372
1.13538 	 0.00201154
1.13638 	 0.00189789
1.13738 	 0.00179275
1.13838 	 0.00169601
1.13938 	 0.00160755
1.14038 	 0.0015272
1.14138 	 0.00145474
1.14238 	 0.00138994
1.14338 	 0.00133251
1.14438 	 0.00128215
1.14538 	 0.00123852
1.14638 	 0.00120124
1.14738 	 0.00116995
1.14838 	 0.00114423
1.14938 	 0.00112366
1.15038 	 0.0011078
1.15138 	 0.0010962
1.15238 	 0.00108842
1.15338 	 0.00108397
1.15438 	 0.00108241
1.15539 	 0.00108327
1.15639 	 0.00108607
1.15739 	 0.00109037
1.15839 	 0.00109571
1.15939 	 0.00110165
1.16039 	 0.00110777
1.16139 	 0.00111364
1.16239 	 0.00111887
1.16339 	 0.00112308
1.16439 	 0.00112591
1.16539 	 0.00112701
1.16639 	 0.00112608
1.16739 	 0.00112281
1.16839 	 0.00111693
1.16939 	 0.00110822
1.17039 	 0.00109644
1.17139 	 0.00108142
1.17239 	 0.00106299
1.17339 	 0.00104102
1.17439 	 0.0010154
1.17539 	 0.000986071
1.17639 	 0.000952971
1.17739 	 0.000916085
1.17839 	 0.000875421
1.17939 	 0.000831013
1.18039 	 0.000782922
1.18139 	 0.000731233
1.18239 	 0.000676058
1.18339 	 0.000617527
1.18439 	 0.000555798
1.1854 	 0.000491045
1.1864 	 0.000423463
1.1874 	 0.000353266
1.1884 	 0.000280682
1.1894 	 0.000205956
1.1904 	 0.000129344
1.1914 	 5.11158e-05
1.1924 	 -2.84507e-05
1.1934 	 -0.000109069
1.1944 	 -0.000190445
1.1954 	 -0.000272282
1.1964 	 -0.000354279
1.1974 	 -0.000436134
1.1984 	 -0.000517545
1.1994 	 -0.000598213
1.2004 	 -0.000677841
1.2014 	 -0.000756139
1.2024 	 -0.000832822
1.2034 	 -0.000907615
1.2044 	 -0.000980249
1.2054 	 -0.00105047
1.2064 	 -0.00111803
1.2074 	 -0.00118271
1.2084 	 -0.00124428
1.2094 	 -0.00130254
1.2104 	 -0.0013573
1.2114 	 -0.0014084
1.2124 	 -0.00145569
1.2134 	 -0.00149902
1.2144 	 -0.00153828
1.21541 	 -0.00157338
1.21641 	 -0.00160424
1.21741 	 -0.00163078
1.21841 	 -0.00165298
1.21941 	 -0.00167081
1.22041 	 -0.00168427
1.22141 	 -0.00169337
1.22241 	 -0.00169813
1.22341 	 -0.00169862
1.22441 	 -0.0016949
1.22541 	 -0.00168705
1.22641 	 -0.00167517
1.22741 	 -0.00165937
1.22841 	 -0.00163979
1.22941 	 -0.00161657
1.23041 	 -0.00158985
1.23141 	 -0.00155981
1.23241 	 -0.00152662
1.23341 	 -0.00149046
1.23441 	 -0.00145153
1.23541 	 -0.00141004
1.23641 	 -0.00136618
1.23741 	 -0.00132017
1.23841 	 -0.00127223
1.23941 	 -0.00122258
1.24041 	 -0.00117143
1.24141 	 -0.00111901
1.24241 	 -0.00106553
1.24341 	 -0.00101123
1.24441 	 -0.000956308
1.24542 	 -0.000900987
1.24642 	 -0.000845473
1.24742 	 -0.000789971
1.24842 	 -0.000734679
1.24942 	 -0.000679787
1.25042 	 -0.000625479
1.25142 	 -0.000571931
1.25242 	 -0.000519308
1.25342 	 -0.000467767
1.25442 	 -0.000417454
1.25542 	 -0.000368507
1.25642 	 -0.000321051
1.25742 	 -0.0002752
1.25842 	 -0.000231059
1.25942 	 -0.000188718
1.26042 	 -0.000148259
1.26142 	 -0.00010975
1.26242 	 -7.32492e-05
1.26342 	 -3.88021e-05
1.26442 	 -6.44376e-06
1.26542 	 2.38022e-05
1.26642 	 5.19227e-05
1.26742 	 7.79153e-05
1.26842 	 0.000101788
1.26942 	 0.000123557
1.27042 	 0.00014325
1.27142 	 0.000160902
1.27242 	 0.000176556
1.27342 	 0.000190264
1.27442 	 0.000202084
1.27543 	 0.00021208
1.27643 	 0.000220324
1.27743 	 0.000226892
1.27843 	 0.000231863
1.27943 	 0.000235323
1.28043 	 0.000237359
1.28143 	 0.000238062
1.28243 	 0.000237524
1.28343 	 0.00023584
1.28443 	 0.000233102
1.28543 	 0.000229408
1.28643 	 0.00022485
1.28743 	 0.000219522
1.28843 	 0.000213516
1.28943 	 0.000206922
1.29043 	 0.000199827
1.29143 	 0.000192315
1.29243 	 0.000184468
1.29343 	 0.000176364
1.29443 	 0.000168074
1.29543 	 0.000159668
1.29643 	 0.000151212
1.29743 	 0.000142763
1.29843 	 0.000134378
1.29943 	 0.000126105
1.30043 	 0.00011799
1.30143 	 0.000110071
1.30243 	 0.000102383
1.30343 	 9.49538e-05
1.30443 	 8.78082e-05
1.30544 	 8.09647e-05
1.30644 	 7.44372e-05
1.30744 	 6.82352e-05
1.30844 	 6.23633e-05
1.30944 	 5.68223e-05
1.31044 	 5.16087e-05
1.31144 	 4.67155e-05
1.31244 	 4.21323e-05
1.31344 	 3.78454e-05
1.31444 	 3.38388e-05
1.31544 	 3.00939e-05
1.31644 	 2.659e-05
1.31744 	 2.33048e-05
1.31844 	 2.0215e-05
1.31944 	 1.72961e-05
1.32044 	 1.45232e-05
1.32144 	 1.18713e-05
1.32244 	 9.3155e-06
1.32344 	 6.83154e-06
1.32444 	 4.39604e-06
1.32544 	 1.98687e-06
1.32644 	 -4.16583e-07
1.32744 	 -2.83309e-06
1.32844 	 -5.27935e-06
1.32944 	 -7.76969e-06
1.33044 	 -1.03159e-05
1.33144 	 -1.2927e-05
1.33244 	 -1.56092e-05
1.33344 	 -1.83653e-05
1.33444 	 -2.11954e-05
1.33545 	 -2.40961e-05
1.33645 	 -2.70605e-05
1.33745 	 -3.00789e-05
1.33845 	 -3.31377e-05
1.33945 	 -3.62205e-05
1.34045 	 -3.93075e-05
1.34145 	 -4.23757e-05
1.34245 	 -4.53993e-05
1.34345 	 -4.83496e-05
1.34445 	 -5.11954e-05
1.34545 	 -5.39028e-05
1.34645 	 -5.64359e-05
1.34745 	 -5.87569e-05
1.34845 	 -6.08263e-05
1.34945 	 -6.26031e-05
1.35045 	 -6.40452e-05
1.35145 	 -6.51101e-05
1.35245 	 -6.57544e-05
1.35345 	 -6.59349e-05
1.35445 	 -6.56087e-05
1.35545 	 -6.47333e-05
1.35645 	 -6.32673e-05
1.35745 	 -6.11708e-05
1.35845 	 -5.84051e-05
1.35945 	 -5.49341e-05
1.36045 	 -5.07235e-05
1.36145 	 -4.57421e-05
1.36245 	 -3.99614e-05
1.36345 	 -3.33563e-05
1.36445 	 -2.59054e-05
1.36546 	 -1.75909e-05
1.36646 	 -8.39928e-06
1.36746 	 1.6789e-06
1.36846 	 1.26485e-05
1.36946 	 2.45096e-05
1.37046 	 3.72577e-05
1.37146 	 5.08833e-05
1.37246 	 6.53719e-05
1.37346 	 8.07039e-05
1.37446 	 9.68548e-05
1.37546 	 0.000113795
1.37646 	 0.00013149
1.37746 	 0.000149899
1.37846 	 0.00016898
1.37946 	 0.000188681
1.38046 	 0.000208951
1.38146 	 0.00022973
1.38246 	 0.000250956
1.38346 	 0.000272564
1.38446 	 0.000294484
1.38546 	 0.000316643
1.38646 	 0.000338965
1.38746 	 0.000361371
1.38846 	 0.000383781
1.38946 	 0.000406112
1.39046 	 0.00042828
1.39146 	 0.0004502
1.39246 	 0.000471785
1.39346 	 0.00049295
1.39446 	 0.000513609
1.39547 	 0.000533677
1.39647 	 0.00055307
1.39747 	 0.000571704
1.39847 	 0.000589501
1.39947 	 0.000606381
1.40047 	 0.000622269
1.40147 	 0.000637094
1.40247 	 0.000650787
1.40347 	 0.000663284
1.40447 	 0.000674525
1.40547 	 0.000684455
1.40647 	 0.000693024
1.40747 	 0.000700187
1.40847 	 0.000705905
1.40947 	 0.000710146
1.41047 	 0.000712881
1.41147 	 0.000714091
1.41247 	 0.000713761
1.41347 	 0.000711883
1.41447 	 0.000708456
1.41547 	 0.000703485
1.41647 	 0.000696983
1.41747 	 0.000688969
1.41847 	 0.000679469
1.41947 	 0.000668513
1.42047 	 0.000656141
1.42147 	 0.000642398
1.42247 	 0.000627334
1.42347 	 0.000611006
1.42447 	 0.000593477
1.42548 	 0.000574813
1.42648 	 0.000555087
1.42748 	 0.000534376
1.42848 	 0.000512763
1.42948 	 0.000490332
1.43048 	 0.000467172
1.43148 	 0.000443375
1.43248 	 0.000419036
1.43348 	 0.000394252
1.43448 	 0.00036912
1.43548 	 0.00034374
1.43648 	 0.000318214
1.43748 	 0.000292641
1.43848 	 0.000267121
1.43948 	 0.000241755
1.44048 	 0.000216641
1.44148 	 0.000191874
1.44248 	 0.000167551
1.44348 	 0.000143762
1.44448 	 0.000120596
1.44548 	 9.81375e-05
1.44648 	 7.64686e-05
1.44748 	 5.56657e-05
1.44848 	 3.58008e-05
1.44948 	 1.69409e-05
1.45048 	 -8.52429e-07
1.45148 	 -1.75234e-05
1.45248 	 -3.30219e-05
1.45348 	 -4.73043e-05
1.45448 	 -6.03331e-05
1.45549 	 -7.20775e-05
1.45649 	 -8.25133e-05
1.45749 	 -9.16229e-05
1.45849 	 -9.93959e-05
1.45949 	 -0.000105828
1.46049 	 -0.000110923
1.46149 	 -0.00011469
1.46249 	 -0.000117146
1.46349 	 -0.000118314
1.46449 	 -0.000118223
1.46549 	 -0.000116909
1.46649 	 -0.000114414
1.46749 	 -0.000110785
1.46849 	 -0.000106074
1.46949 	 -0.00010034
1.47049 	 -9.36461e-05
1.47149 	 -8.60588e-05
1.47249 	 -7.76496e-05
1.47349 	 -6.84935e-05
1.47449 	 -5.86685e-05
1.47549 	 -4.82556e-05
1.47649 	 -3.73379e-05
1.47749 	 -2.60004e-05
1.47849 	 -1.43297e-05
1.47949 	 -2.41281e-06
1.48049 	 9.66247e-06
1.48149 	 2.18087e-05
1.48249 	 3.39388e-05
1.48349 	 4.5967e-05
1.48449 	 5.78091e-05
1.4855 	 6.93827e-05
1.4865 	 8.0608e-05
1.4875 	 9.14083e-05
1.4885 	 0.00010171
1.4895 	 0.000111443
1.4905 	 0.000120543
1.4915 	 0.000128947
1.4925 	 0.0001366
1.4935 	 0.00014345
1.4945 	 0.000149453
1.4955 	 0.000154568
1.4965 	 0.00015876
1.4975 	 0.000162003
1.4985 	 0.000164273
1.4995 	 0.000165557
1.5005 	 0.000165844
1.5015 	 0.000165133
1.5025 	 0.000163428
1.5035 	 0.000160738
1.5045 	 0.000157082
1.5055 	 0.000152482
1.5065 	 0.000146968
1.5075 	 0.000140576
1.5085 	 0.000133346
1.5095 	 0.000125326
1.5105 	 0.000116568
1.5115 	 0.000107129
1.5125 	 9.70718e-05
1.5135 	 8.64626e-05
1.5145 	 7.53719e-05
1.51551 	 6.38738e-05
1.51651 	 5.20458e-05
1.51751 	 3.99679e-05
1.51851 	 2.77226e-05
1.51951 	 1.53945e-05
1.52051 	 3.06922e-06
1.52151 	 -9.16637e-06
1.52251 	 -2.1225e-05
1.52351 	 -3.30195e-05
1.52451 	 -4.44632e-05
1.52551 	 -5.54702e-05
1.52651 	 -6.59564e-05
1.52751 	 -7.58393e-05
1.52851 	 -8.50391e-05
1.52951 	 -9.34787e-05
1.53051 	 -0.000101084
1.53151 	 -0.000107785
1.53251 	 -0.000113516
1.53351 	 -0.000118215
1.53451 	 -0.000121826
1.53551 	 -0.000124296
1.53651 	 -0.00012558
1.53751 	 -0.000125636
1.53851 	 -0.000124432
1.53951 	 -0.000121937
1.54051 	 -0.000118131
1.54151 	 -0.000112998
1.54251 	 -0.000106528
1.54351 	 -9.8719e-05
1.54451 	 -8.95762e-05
1.54552 	 -7.91101e-05
1.54652 	 -6.73387e-05
1.54752 	 -5.42863e-05
1.54852 	 -3.99838e-05
1.54952 	 -2.44683e-05
1.55052 	 -7.78341e-06
1.55152 	 1.00215e-05
1.55252 	 2.88913e-05
1.55352 	 4.87652e-05
1.55452 	 6.95773e-05
1.55552 	 9.12568e-05
1.55652 	 0.000113728
1.55752 	 0.000136913
1.55852 	 0.000160726
1.55952 	 0.000185082
1.56052 	 0.000209891
1.56152 	 0.00023506
1.56252 	 0.000260496
1.56352 	 0.000286103
1.56452 	 0.000311783
1.56552 	 0.000337439
1.56652 	 0.000362973
1.56752 	 0.000388288
1.56852 	 0.000413286
1.56952 	 0.000437872
1.57052 	 0.000461952
1.57152 	 0.000485434
1.57252 	 0.00050823
1.57352 	 0.000530252
1.57452 	 0.000551419
1.57553 	 0.00057165
1.57653 	 0.000590872
1.57753 	 0.000609014
1.57853 	 0.000626009
1.57953 	 0.000641799
1.58053 	 0.000656327
1.58153 	 0.000669545
1.58253 	 0.000681408
1.58353 	 0.000691879
1.58453 	 0.000700926
1.58553 	 0.000708524
1.58653 	 0.000714654
1.58753 	 0.000719303
1.58853 	 0.000722465
1.58953 	 0.00072414
1.59053 	 0.000724334
1.59153 	 0.00072306
1.59253 	 0.000720336
1.59353 	 0.000716187
1.59453 	 0.000710643
1.59553 	 0.000703739
1.59653 	 0.000695517
1.59753 	 0.000686023
1.59853 	 0.000675307
1.59953 	 0.000663425
1.60053 	 0.000650436
1.60153 	 0.000636404
1.60253 	 0.000621394
1.60353 	 0.000605476
1.60453 	 0.000588723
1.60554 	 0.000571209
1.60654 	 0.000553009
1.60754 	 0.000534202
1.60854 	 0.000514866
1.60954 	 0.000495081
1.61054 	 0.000474925
1.61154 	 0.000454477
1.61254 	 0.000433817
1.61354 	 0.000413021
1.61454 	 0.000392166
1.61554 	 0.000371326
1.61654 	 0.000350572
1.61754 	 0.000329975
1.61854 	 0.000309601
1.61954 	 0.000289514
1.62054 	 0.000269775
1.62154 	 0.00025044
1.62254 	 0.000231562
1.62354 	 0.00021319
1.62454 	 0.000195369
1.62554 	 0.00017814
1.62654 	 0.000161538
1.62754 	 0.000145595
1.62854 	 0.000130339
1.62954 	 0.00011579
1.63054 	 0.000101968
1.63154 	 8.88857e-05
1.63254 	 7.65514e-05
1.63354 	 6.49697e-05
1.63454 	 5.41407e-05
1.63555 	 4.40602e-05
1.63655 	 3.47204e-05
1.63755 	 2.61093e-05
1.63855 	 1.82116e-05
1.63955 	 1.10086e-05
1.64055 	 4.47857e-06
1.64155 	 -1.40317e-06
1.64255 	 -6.6637e-06
1.64355 	 -1.13324e-05
1.64455 	 -1.54405e-05
1.64555 	 -1.9021e-05
1.64655 	 -2.2108e-05
1.64755 	 -2.47367e-05
1.64855 	 -2.69428e-05
1.64955 	 -2.87625e-05
1.65055 	 -3.02318e-05
1.65155 	 -3.13866e-05
1.65255 	 -3.2262e-05
1.65355 	 -3.28922e-05
1.65455 	 -3.33102e-05
1.65555 	 -3.35476e-05
1.65655 	 -3.36339e-05
1.65755 	 -3.35972e-05
1.65855 	 -3.34629e-05
1.65955 	 -3.32542e-05
1.66055 	 -3.29918e-05
1.66155 	 -3.26935e-05
1.66255 	 -3.23744e-05
1.66355 	 -3.20467e-05
1.66455 	 -3.17193e-05
1.66556 	 -3.13984e-05
1.66656 	 -3.1087e-05
1.66756 	 -3.0785e-05
1.66856 	 -3.04893e-05
1.66956 	 -3.01939e-05
1.67056 	 -2.98901e-05
1.67156 	 -2.95663e-05
1.67256 	 -2.92084e-05
1.67356 	 -2.88e-05
1.67456 	 -2.83225e-05
1.67556 	 -2.77554e-05
1.67656 	 -2.70765e-05
1.67756 	 -2.62623e-05
1.67856 	 -2.52881e-05
1.67956 	 -2.41284e-05
1.68056 	 -2.27573e-05
1.68156 	 -2.11487e-05
1.68256 	 -1.92767e-05
1.68356 	 -1.71162e-05
1.68456 	 -1.46426e-05
1.68556 	 -1.18331e-05
1.68656 	 -8.66607e-06
1.68756 	 -5.12224e-06
1.68856 	 -1.18455e-06
1.68956 	 3.16131e-06
1.69056 	 7.92664e-06
1.69156 	 1.31193e-05
1.69256 	 1.87437e-05
1.69356 	 2.47999e-05
1.69456 	 3.12842e-05
1.69557 	 3.81881e-05
1.69657 	 4.54987e-05
1.69757 	 5.31981e-05
1.69857 	 6.12634e-05
1.69957 	 6.96668e-05
1.70057 	 7.83749e-05
1.70157 	 8.73495e-05
1.70257 	 9.65469e-05
1.70357 	 0.000105918
1.70457 	 0.000115409
1.70557 	 0.000124961
1.70657 	 0.000134509
1.70757 	 0.000143986
1.70857 	 0.000153317
1.70957 	 0.000162425
1.71057 	 0.000171229
1.71157 	 0.000179643
1.71257 	 0.000187579
1.71357 	 0.000194947
1.71457 	 0.000201652
1.71557 	 0.0002076
1.71657 	 0.000212693
1.71757 	 0.000216835
1.71857 	 0.000219927
1.71957 	 0.000221871
1.72057 	 0.000222572
1.72157 	 0.000221933
1.72257 	 0.000219862
1.72357 	 0.00021627
1.72457 	 0.000211068
1.72558 	 0.000204175
1.72658 	 0.000195512
1.72758 	 0.000185007
1.72858 	 0.000172593
1.72958 	 0.00015821
1.73058 	 0.000141806
1.73158 	 0.000123334
1.73258 	 0.000102759
1.73358 	 8.00512e-05
1.73458 	 5.51931e-05
1.73558 	 2.81751e-05
1.73658 	 -1.00175e-06
1.73758 	 -3.2326e-05
1.73858 	 -6.57753e-05
1.73958 	 -0.000101317
1.74058 	 -0.000138905
1.74158 	 -0.000178485
1.74258 	 -0.00021999
1.74358 	 -0.00026334
1.74458 	 -0.000308445
1.74558 	 -0.000355203
1.74658 	 -0.000403502
1.74758 	 -0.000453218
1.74858 	 -0.000504216
1.74958 	 -0.000556352
1.75058 	 -0.000609471
1.75158 	 -0.000663408
1.75258 	 -0.000717991
1.75358 	 -0.000773037
1.75458 	 -0.00082836
1.75559 	 -0.000883761
1.75659 	 -0.00093904
1.75759 	 -0.000993989
1.75859 	 -0.0010484
1.75959 	 -0.00110205
1.76059 	 -0.00115472
1.76159 	 -0.0012062
1.76259 	 -0.00125627
1.76359 	 -0.0013047
1.76459 	 -0.00135129
1.76559 	 -0.0013958
1.76659 	 -0.00143804
1.76759 	 -0.00147779
1.76859 	 -0.00151486
1.76959 	 -0.00154904
1.77059 	 -0.00158017
1.77159 	 -0.00160805
1.77259 	 -0.00163252
1.77359 	 -0.00165343
1.77459 	 -0.00167063
1.77559 	 -0.00168399
1.77659 	 -0.0016934
1.77759 	 -0.00169876
1.77859 	 -0.00169997
1.77959 	 -0.00169698
1.78059 	 -0.00168971
1.78159 	 -0.00167815
1.78259 	 -0.00166226
1.78359 	 -0.00164206
1.78459 	 -0.00161755
1.7856 	 -0.00158877
1.7866 	 -0.00155579
1.7876 	 -0.00151866
1.7886 	 -0.00147748
1.7896 	 -0.00143237
1.7906 	 -0.00138345
1.7916 	 -0.00133086
1.7926 	 -0.00127478
1.7936 	 -0.00121537
1.7946 	 -0.00115283
1.7956 	 -0.00108738
1.7966 	 -0.00101923
1.7976 	 -0.000948619
1.7986 	 -0.000875803
1.7996 	 -0.000801038
1.8006 	 -0.000724592
1.8016 	 -0.000646744
1.8026 	 -0.000567776
1.8036 	 -0.00048798
1.8046 	 -0.000407647
1.8056 	 -0.000327074
1.8066 	 -0.000246558
1.8076 	 -0.000166395
1.8086 	 -8.68768e-05
1.8096 	 -8.29346e-06
1.8106 	 6.90721e-05
1.8116 	 0.000144944
1.8126 	 0.000219057
1.8136 	 0.000291154
1.8146 	 0.000360993
1.81561 	 0.000428346
1.81661 	 0.000492998
1.81761 	 0.000554754
1.81861 	 0.000613437
1.81961 	 0.00066889
1.82061 	 0.000720976
1.82161 	 0.000769581
1.82261 	 0.000814615
1.82361 	 0.000856014
1.82461 	 0.000893735
1.82561 	 0.000927765
1.82661 	 0.000958117
1.82761 	 0.000984831
1.82861 	 0.00100797
1.82961 	 0.00102764
1.83061 	 0.00104395
1.83161 	 0.00105706
1.83261 	 0.00106714
1.83361 	 0.00107441
1.83461 	 0.00107909
1.83561 	 0.00108144
1.83661 	 0.00108174
1.83761 	 0.0010803
1.83861 	 0.00107744
1.83961 	 0.00107353
1.84061 	 0.00106892
1.84161 	 0.00106402
1.84261 	 0.00105921
1.84361 	 0.00105492
1.84461 	 0.00105158
1.84562 	 0.00104964
1.84662 	 0.00104955
1.84762 	 0.00105175
1.84862 	 0.00105671
1.84962 	 0.00106488
1.85062 	 0.00107673
1.85162 	 0.00109271
1.85262 	 0.00111326
1.85362 	 0.00113881
1.85462 	 0.00116979
1.85562 	 0.0012066
1.85662 	 0.00124963
1.85762 	 0.00129924
1.85862 	 0.00135578
1.85962 	 0.00141955
1.86062 	 0.00149084
1.86162 	 0.00156991
1.86262 	 0.00165697
1.86362 	 0.0017522
1.86462 	 0.00185575
1.86562 	 0.0019677
1.86662 	 0.00208811
1.86762 	 0.00221701
1.86862 	 0.00235434
1.86962 	 0.00250002
1.87062 	 0.00265393
1.87162 	 0.00281586
1.87262 	 0.00298559
1.87362 	 0.00316281
1.87462 	 0.0033472
1.87563 	 0.00353835
1.87663 	 0.00373582
1.87763 	 0.00393909
1.87863 	 0.00414762
1.87963 	 0.00436079
1.88063 	 0.00457796
1.88163 	 0.00479841
1.88263 	 0.0050214
1.88363 	 0.00524612
1.88463 	 0.00547173
1.88563 	 0.00569734
1.88663 	 0.00592205
1.88763 	 0.00614487
1.88863 	 0.00636484
1.88963 	 0.00658091
1.89063 	 0.00679206
1.89163 	 0.0069972
1.89263 	 0.00719525
1.89363 	 0.0073851
1.89463 	 0.00756565
1.89563 	 0.00773578
1.89663 	 0.00789436
1.89763 	 0.00804028
1.89863 	 0.00817243
1.89963 	 0.00828971
1.90063 	 0.00839104
1.90163 	 0.00847537
1.90263 	 0.00854167
1.90363 	 0.00858894
1.90463 	 0.00861621
1.90564 	 0.00862257
1.90664 	 0.00860715
1.90764 	 0.00856912
1.90864 	 0.00850772
1.90964 	 0.00842224
1.91064 	 0.00831205
1.91164 	 0.00817657
1.91264 	 0.0080153
1.91364 	 0.00782781
1.91464 	 0.00761377
1.91564 	 0.00737291
1.91664 	 0.00710505
1.91764 	 0.00681012
1.91864 	 0.00648811
1.91964 	 0.00613912
1.92064 	 0.00576335
1.92164 	 0.00536109
1.92264 	 0.00493272
1.92364 	 0.00447872
1.92464 	 0.00399969
1.92564 	 0.00349629
1.92664 	 0.00296932
1.92764 	 0.00241965
1.92864 	 0.00184825
1.92964 	 0.0012562
1.93064 	 0.000644645
1.93164 	 1.48458e-05
1.93264 	 -0.00063186
1.93364 	 -0.00129405
1.93464 	 -0.00197022
1.93565 	 -0.00265878
1.93665 	 -0.00335808
1.93765 	 -0.0040664
1.93865 	 -0.00478195
1.93965 	 -0.00550288
1.94065 	 -0.00622729
1.94165 	 -0.00695323
1.94265 	 -0.00767871
1.94365 	 -0.00840171
1.94465 	 -0.00912017
1.94565 	 -0.00983201
1.94665 	 -0.0105352
1.94765 	 -0.0112275
1.94865 	 -0.0119069
1.94965 	 -0.0125713
1.95065 	 -0.0132186
1.95165 	 -0.0138467
1.95265 	 -0.0144537
1.95365 	 -0.0150374
1.95465 	 -0.0155959
1.95565 	 -0.0161274
1.95665 	 -0.0166299
1.95765 	 -0.0171016
1.95865 	 -0.0175409
1.95965 	 -0.0179461
1.96065 	 -0.0183155
1.96165 	 -0.0186478
1.96265 	 -0.0189415
1.96365 	 -0.0191953
1.96465 	 -0.0194081
1.96566 	 -0.0195788
1.96666 	 -0.0197064
1.96766 	 -0.0197901
1.96866 	 -0.0198291
1.96966 	 -0.0198229
1.97066 	 -0.019771
1.97166 	 -0.0196731
1.97266 	 -0.019529
1.97366 	 -0.0193386
1.97466 	 -0.019102
1.97566 	 -0.0188195
1.97666 	 -0.0184912
1.97766 	 -0.0181179
1.97866 	 -0.0177
1.97966 	 -0.0172383
1.98066 	 -0.0167338
1.98166 	 -0.0161874
1.98266 	 -0.0156003
1.98366 	 -0.0149739
1.98466 	 -0.0143095
1.98566 	 -0.0136086
1.98666 	 -0.0128728
1.98766 	 -0.012104
1.98866 	 -0.011304
1.98966 	 -0.0104747
1.99066 	 -0.00961819
1.99166 	 -0.00873659
1.99266 	 -0.0078321
1.99366 	 -0.00690702
1.99466 	 -0.0059637
1.99567 	 -0.00500455
1.99667 	 -0.00403203
1.99767 	 -0.00304865
1.99867 	 -0.00205693
1.99967 	 -0.00105946
2.00067 	 -5.88028e-05
2.00167 	 0.0009416
2.00267 	 0.00194004
2.00367 	 0.00293394
2.00467 	 0.0039207
2.00567 	 0.00489777
2.00667 	 0.00586263
2.00767 	 0.0068128
2.00867 	 0.00774582
2.00967 	 0.00865931
2.01067 	 0.00955096
2.01167 	 0.0104185
2.01267 	 0.0112598
2.01367 	 0.0120727
2.01467 	 0.0128552
2.01567 	 0.0136055
2.01667 	 0.0143216
2.01767 	 0.015002
2.01867 	 0.0156451
2.01967 	 0.0162493
2.02067 	 0.0168133
2.02167 	 0.0173359
2.02267 	 0.0178161
2.02367 	 0.0182527
2.02467 	 0.0186452
2.02568 	 0.0189926
2.02668 	 0.0192946
2.02768 	 0.0195506
2.02868 	 0.0197604
2.02968 	 0.0199239
2.03068 	 0.020041
2.03168 	 0.020112
2.03268 	 0.0201369
2.03368 	 0.0201164
2.03468 	 0.0200509
2.03568 	 0.019941
2.03668 	 0.0197876
2.03768 	 0.0195916
2.03868 	 0.019354
2.03968 	 0.019076
2.04068 	 0.0187587
2.04168 	 0.0184036
2.04268 	 0.0180121
2.04368 	 0.0175857
2.04468 	 0.0171261
2.04568 	 0.0166349
2.04668 	 0.016114
2.04768 	 0.0155652
2.04868 	 0.0149904
2.04968 	 0.0143915
2.05068 	 0.0137706
2.05168 	 0.0131296
2.05268 	 0.0124706
2.05368 	 0.0117958
2.05468 	 0.0111072
2.05569 	 0.0104069
2.05669 	 0.00969708
2.05769 	 0.00897979
2.05869 	 0.00825713
2.05969 	 0.00753118
2.06069 	 0.00680398
2.06169 	 0.00607753
2.06269 	 0.0053538
2.06369 	 0.00463473
2.06469 	 0.00392218
2.06569 	 0.00321796
2.06669 	 0.00252382
2.06769 	 0.00184145
2.06869 	 0.00117247
2.06969 	 0.000518392
2.07069 	 -0.000119314
2.07169 	 -0.000739284
2.07269 	 -0.00134023
2.07369 	 -0.00192097
2.07469 	 -0.0024804
2.07569 	 -0.00301752
2.07669 	 -0.00353141
2.07769 	 -0.00402127
2.07869 	 -0.00448639
2.07969 	 -0.00492615
2.08069 	 -0.00534003
2.08169 	 -0.00572764
2.08269 	 -0.00608863
2.08369 	 -0.00642281
2.08469 	 -0.00673005
2.0857 	 -0.0070103
2.0867 	 -0.00726365
2.0877 	 -0.00749024
2.0887 	 -0.00769031
2.0897 	 -0.00786418
2.0907 	 -0.00801225
2.0917 	 -0.00813501
2.0927 	 -0.00823302
2.0937 	 -0.00830689
2.0947 	 -0.00835732
2.0957 	 -0.00838505
2.0967 	 -0.0083909
2.0977 	 -0.00837572
2.0987 	 -0.00834042
2.0997 	 -0.00828594
2.1007 	 -0.00821328
2.1017 	 -0.00812346
2.1027 	 -0.00801752
2.1037 	 -0.00789652
2.1047 	 -0.00776157
2.1057 	 -0.00761375
2.1067 	 -0.00745418
2.1077 	 -0.00728397
2.1087 	 -0.00710423
2.1097 	 -0.00691607
2.1107 	 -0.00672058
2.1117 	 -0.00651885
2.1127 	 -0.00631193
2.1137 	 -0.00610086
2.1147 	 -0.00588666
2.11571 	 -0.00567032
2.11671 	 -0.00545278
2.11771 	 -0.00523496
2.11871 	 -0.00501774
2.11971 	 -0.00480195
2.12071 	 -0.00458839
2.12171 	 -0.00437779
2.12271 	 -0.00417087
2.12371 	 -0.00396827
2.12471 	 -0.00377059
2.12571 	 -0.00357838
2.12671 	 -0.00339213
2.12771 	 -0.00321229
2.12871 	 -0.00303925
2.12971 	 -0.00287334
2.13071 	 -0.00271485
2.13171 	 -0.00256401
2.13271 	 -0.00242101
2.13371 	 -0.00228598
2.13471 	 -0.00215899
2.13571 	 -0.00204009
2.13671 	 -0.00192925
2.13771 	 -0.00182642
2.13871 	 -0.00173151
2.13971 	 -0.00164436
2.14071 	 -0.0015648
2.14171 	 -0.00149262
2.14271 	 -0.00142757
2.14371 	 -0.00136935
2.14471 	 -0.00131767
2.14572 	 -0.00127219
2.14672 	 -0.00123256
2.14772 	 -0.00119838
2.14872 	 -0.00116927
2.14972 	 -0.0011448
2.15072 	 -0.00112457
2.15172 	 -0.00110814
2.15272 	 -0.00109506
2.15372 	 -0.0010849
2.15472 	 -0.0010772
2.15572 	 -0.00107153
2.15672 	 -0.00106745
2.15772 	 -0.00106453
2.15872 	 -0.00106234
2.15972 	 -0.00106047
2.16072 	 -0.00105852
2.16172 	 -0.0010561
2.16272 	 -0.00105286
2.16372 	 -0.00104844
2.16472 	 -0.0010425
2.16572 	 -0.00103475
2.16672 	 -0.0010249
2.16772 	 -0.0010127
2.16872 	 -0.000997889
2.16972 	 -0.000980276
2.17072 	 -0.000959673
2.17172 	 -0.000935921
2.17272 	 -0.00090889
2.17372 	 -0.000878477
2.17472 	 -0.000844606
2.17573 	 -0.000807226
2.17673 	 -0.000766315
2.17773 	 -0.000721875
2.17873 	 -0.000673936
2.17973 	 -0.000622551
2.18073 	 -0.000567797
2.18173 	 -0.000509775
2.18273 	 -0.000448607
2.18373 	 -0.000384436
2.18473 	 -0.000317425
2.18573 	 -0.000247755
2.18673 	 -0.000175625
2.18773 	 -0.000101246
2.18873 	 -2.48477e-05
2.18973 	 5.33317e-05
2.19073 	 0.000133041
2.19173 	 0.000214022
2.19273 	 0.000296007
2.19373 	 0.000378722
2.19473 	 0.000461892
2.19573 	 0.000545235
2.19673 	 0.000628473
2.19773 	 0.000711323
2.19873 	 0.000793509
2.19973 	 0.000874755
2.20073 	 0.000954792
2.20173 	 0.00103336
2.20273 	 0.0011102
2.20373 	 0.00118506
2.20473 	 0.00125772
2.20574 	 0.00132794
2.20674 	 0.00139551
2.20774 	 0.00146024
2.20874 	 0.00152194
2.20974 	 0.00158043
2.21074 	 0.00163557
2.21174 	 0.0016872
2.21274 	 0.00173522
2.21374 	 0.00177952
2.21474 	 0.00182
2.21574 	 0.00185659
2.21674 	 0.00188924
2.21774 	 0.00191791
2.21874 	 0.00194258
2.21974 	 0.00196324
2.22074 	 0.00197992
2.22174 	 0.00199263
2.22274 	 0.00200142
2.22374 	 0.00200636
2.22474 	 0.00200751
2.22574 	 0.00200496
2.22674 	 0.00199882
2.22774 	 0.0019892
2.22874 	 0.00197622
2.22974 	 0.00196001
2.23074 	 0.00194073
2.23174 	 0.00191852
2.23274 	 0.00189355
2.23374 	 0.00186598
2.23475 	 0.001836
2.23575 	 0.00180377
2.23675 	 0.00176948
2.23775 	 0.00173332
2.23875 	 0.00169547
2.23975 	 0.00165611
2.24075 	 0.00161545
2.24175 	 0.00157366
2.24275 	 0.00153093
2.24375 	 0.00148745
2.24475 	 0.00144338
2.24575 	 0.0013989
2.24675 	 0.00135418
2.24775 	 0.00130939
2.24875 	 0.00126468
2.24975 	 0.0012202
2.25075 	 0.00117609
2.25175 	 0.00113249
2.25275 	 0.00108952
2.25375 	 0.00104729
2.25475 	 0.00100592
2.25575 	 0.00096551
2.25675 	 0.000926137
2.25775 	 0.000887888
2.25875 	 0.000850831
2.25975 	 0.000815027
2.26075 	 0.000780527
2.26175 	 0.000747374
2.26275 	 0.000715599
2.26375 	 0.000685227
2.26476 	 0.000656273
2.26576 	 0.000628743
2.26676 	 0.000602637
2.26776 	 0.000577946
2.26876 	 0.000554653
2.26976 	 0.000532737
2.27076 	 0.000512168
2.27176 	 0.000492912
2.27276 	 0.000474929
2.27376 	 0.000458175
2.27476 	 0.000442601
2.27576 	 0.000428155
2.27676 	 0.000414781
2.27776 	 0.000402423
2.27876 	 0.000391021
2.27976 	 0.000380512
2.28076 	 0.000370836
2.28176 	 0.000361931
2.28276 	 0.000353733
2.28376 	 0.000346181
2.28476 	 0.000339216
2.28576 	 0.000332777
2.28676 	 0.000326807
2.28776 	 0.000321252
2.28876 	 0.000316059
2.28976 	 0.000311178
2.29076 	 0.000306562
2.29176 	 0.00030217
2.29276 	 0.00029796
2.29376 	 0.000293898
2.29476 	 0.000289951
2.29577 	 0.00028609
2.29677 	 0.000282292
2.29777 	 0.000278537
2.29877 	 0.000274807
2.29977 	 0.000271092
2.30077 	 0.000267381
2.30177 	 0.000263671
2.30277 	 0.00025996
2.30377 	 0.00025625
2.30477 	 0.000252545
2.30577 	 0.000248855
2.30677 	 0.00024519
2.30777 	 0.000241564
2.30877 	 0.00023799
2.30977 	 0.000234488
2.31077 	 0.000231076
2.31177 	 0.000227773
2.31277 	 0.000224601
2.31377 	 0.000221581
2.31477 	 0.000218735
2.31577 	 0.000216085
2.31677 	 0.000213652
2.31777 	 0.000211457
2.31877 	 0.000209519
2.31977 	 0.000207857
2.32077 	 0.000206487
2.32177 	 0.000205425
2.32277 	 0.000204684
2.32377 	 0.000204274
2.32477 	 0.000204203
2.32578 	 0.000204477
2.32678 	 0.000205099
2.32778 	 0.000206067
2.32878 	 0.00020738
2.32978 	 0.000209029
2.33078 	 0.000211006
2.33178 	 0.000213297
2.33278 	 0.000215887
2.33378 	 0.000218755
2.33478 	 0.00022188
2.33578 	 0.000225235
2.33678 	 0.000228792
2.33778 	 0.000232519
2.33878 	 0.000236383
2.33978 	 0.000240347
2.34078 	 0.000244371
2.34178 	 0.000248416
2.34278 	 0.000252437
2.34378 	 0.000256391
2.34478 	 0.000260232
2.34578 	 0.000263913
2.34678 	 0.000267386
2.34778 	 0.000270603
2.34878 	 0.000273517
2.34978 	 0.000276079
2.35078 	 0.000278242
2.35178 	 0.000279958
2.35278 	 0.000281183
2.35378 	 0.000281872
2.35478 	 0.000281982
2.35579 	 0.000281474
2.35679 	 0.000280308
2.35779 	 0.000278448
2.35879 	 0.000275863
2.35979 	 0.000272521
2.36079 	 0.000268397
2.36179 	 0.000263467
2.36279 	 0.000257711
2.36379 	 0.000251114
2.36479 	 0.000243663
2.36579 	 0.000235351
2.36679 	 0.000226174
2.36779 	 0.000216133
2.36879 	 0.000205232
2.36979 	 0.000193481
2.37079 	 0.000180891
2.37179 	 0.000167482
2.37279 	 0.000153273
2.37379 	 0.000138291
2.37479 	 0.000122566
2.37579 	 0.000106129
2.37679 	 8.90194e-05
2.37779 	 7.12761e-05
2.37879 	 5.2943e-05
2.37979 	 3.40667e-05
2.38079 	 1.46965e-05
2.38179 	 -5.11539e-06
2.38279 	 -2.53149e-05
2.38379 	 -4.58458e-05
2.38479 	 -6.66502e-05
2.3858 	 -8.76688e-05
2.3868 	 -0.000108841
2.3878 	 -0.000130106
2.3888 	 -0.000151402
2.3898 	 -0.000172666
2.3908 	 -0.000193839
2.3918 	 -0.000214857
2.3928 	 -0.000235662
2.3938 	 -0.000256194
2.3948 	 -0.000276395
2.3958 	 -0.000296208
2.3968 	 -0.000315581
2.3978 	 -0.00033446
2.3988 	 -0.000352797
2.3998 	 -0.000370545
2.4008 	 -0.00038766
2.4018 	 -0.000404101
2.4028 	 -0.000419831
2.4038 	 -0.000434816
2.4048 	 -0.000449026
2.4058 	 -0.000462433
2.4068 	 -0.000475016
2.4078 	 -0.000486754
2.4088 	 -0.000497634
2.4098 	 -0.000507643
2.4108 	 -0.000516774
2.4118 	 -0.000525024
2.4128 	 -0.000532393
2.4138 	 -0.000538885
2.4148 	 -0.000544507
2.41581 	 -0.000549272
2.41681 	 -0.000553192
2.41781 	 -0.000556288
2.41881 	 -0.000558578
2.41981 	 -0.000560088
2.42081 	 -0.000560843
2.42181 	 -0.000560872
2.42281 	 -0.000560208
2.42381 	 -0.000558882
2.42481 	 -0.000556929
2.42581 	 -0.000554387
2.42681 	 -0.000551293
2.42781 	 -0.000547684
2.42881 	 -0.000543602
2.42981 	 -0.000539085
2.43081 	 -0.000534172
2.43181 	 -0.000528905
2.43281 	 -0.000523323
2.43381 	 -0.000517463
2.43481 	 -0.000511365
2.43581 	 -0.000505065
2.43681 	 -0.000498599
2.43781 	 -0.000492001
2.43881 	 -0.000485304
2.43981 	 -0.000478537
2.44081 	 -0.00047173
2.44181 	 -0.000464908
2.44281 	 -0.000458097
2.44381 	 -0.000451316
2.44481 	 -0.000444586
2.44582 	 -0.000437923
2.44682 	 -0.00043134
2.44782 	 -0.000424848
2.44882 	 -0.000418457
2.44982 	 -0.000412171
2.45082 	 -0.000405994
2.45182 	 -0.000399925
2.45282 	 -0.000393963
2.45382 	 -0.000388102
2.45482 	 -0.000382336
2.45582 	 -0.000376656
2.45682 	 -0.000371048
2.45782 	 -0.000365501
2.45882 	 -0.000359998
2.45982 	 -0.000354521
2.46082 	 -0.000349053
2.46182 	 -0.000343573
2.46282 	 -0.00033806
2.46382 	 -0.000332492
2.46482 	 -0.000326845
2.46582 	 -0.000321096
2.46682 	 -0.000315222
2.46782 	 -0.000309198
2.46882 	 -0.000303
2.46982 	 -0.000296606
2.47082 	 -0.000289992
2.47182 	 -0.000283135
2.47282 	 -0.000276015
2.47382 	 -0.000268611
2.47482 	 -0.000260905
2.47583 	 -0.000252877
2.47683 	 -0.000244514
2.47783 	 -0.000235799
2.47883 	 -0.000226721
2.47983 	 -0.00021727
2.48083 	 -0.000207436
2.48183 	 -0.000197214
2.48283 	 -0.000186599
2.48383 	 -0.00017559
2.48483 	 -0.000164187
2.48583 	 -0.000152392
2.48683 	 -0.000140211
2.48783 	 -0.000127651
2.48883 	 -0.000114721
2.48983 	 -0.000101433
2.49083 	 -8.78007e-05
2.49183 	 -7.38401e-05
2.49283 	 -5.95687e-05
2.49383 	 -4.50062e-05
2.49483 	 -3.01737e-05
2.49583 	 -1.5094e-05
2.49683 	 2.08672e-07
2.49783 	 1.5709e-05
2.49883 	 3.13804e-05
2.49983 	 4.71955e-05
2.50083 	 6.31261e-05
2.50183 	 7.91435e-05
2.50283 	 9.52188e-05
2.50383 	 0.000111323
2.50483 	 0.000127426
2.50584 	 0.0001435
2.50684 	 0.000159515
2.50784 	 0.000175445
2.50884 	 0.000191261
2.50984 	 0.000206937
2.51084 	 0.000222448
2.51184 	 0.000237771
2.51284 	 0.000252882
2.51384 	 0.00026776
2.51484 	 0.000282387
2.51584 	 0.000296744
2.51684 	 0.000310815
2.51784 	 0.000324587
2.51884 	 0.000338048
2.51984 	 0.000351189
2.52084 	 0.000364
2.52184 	 0.000376477
2.52284 	 0.000388617
2.52384 	 0.000400417
2.52484 	 0.000411879
2.52584 	 0.000423004
2.52684 	 0.000433799
2.52784 	 0.000444268
2.52884 	 0.000454421
2.52984 	 0.000464267
2.53084 	 0.000473817
2.53184 	 0.000483086
2.53284 	 0.000492086
2.53384 	 0.000500834
2.53484 	 0.000509345
2.53585 	 0.000517636
2.53685 	 0.000525726
2.53785 	 0.000533632
2.53885 	 0.000541373
2.53985 	 0.000548966
2.54085 	 0.000556432
2.54185 	 0.000563786
2.54285 	 0.000571047
2.54385 	 0.000578232
2.54485 	 0.000585355
2.54585 	 0.000592433
2.54685 	 0.000599478
2.54785 	 0.000606503
2.54885 	 0.000613517
2.54985 	 0.000620531
2.55085 	 0.00062755
2.55185 	 0.00063458
2.55285 	 0.000641624
2.55385 	 0.000648683
2.55485 	 0.000655755
2.55585 	 0.000662836
2.55685 	 0.000669922
2.55785 	 0.000677003
2.55885 	 0.000684069
2.55985 	 0.000691108
2.56085 	 0.000698103
2.56185 	 0.000705039
2.56285 	 0.000711894
2.56385 	 0.000718648
2.56485 	 0.000725277
2.56586 	 0.000731756
2.56686 	 0.000738057
2.56786 	 0.000744152
2.56886 	 0.000750012
2.56986 	 0.000755603
2.57086 	 0.000760896
2.57186 	 0.000765855
2.57286 	 0.000770449
2.57386 	 0.000774641
2.57486 	 0.0007784
2.57586 	 0.000781689
2.57686 	 0.000784476
2.57786 	 0.000786728
2.57886 	 0.000788411
2.57986 	 0.000789494
2.58086 	 0.000789948
2.58186 	 0.000789743
2.58286 	 0.000788853
2.58386 	 0.000787252
2.58486 	 0.000784919
2.58586 	 0.000781832
2.58686 	 0.000777973
2.58786 	 0.000773328
2.58886 	 0.000767884
2.58986 	 0.000761632
2.59086 	 0.000754565
2.59186 	 0.000746682
2.59286 	 0.000737983
2.59386 	 0.000728471
2.59486 	 0.000718154
2.59587 	 0.000707044
2.59687 	 0.000695154
2.59787 	 0.000682504
2.59887 	 0.000669113
2.59987 	 0.000655008
2.60087 	 0.000640217
2.60187 	 0.000624772
2.60287 	 0.000608706
2.60387 	 0.000592059
2.60487 	 0.00057487
2.60587 	 0.000557183
2.60687 	 0.000539044
2.60787 	 0.000520501
2.60887 	 0.000501604
2.60987 	 0.000482404
2.61087 	 0.000462956
2.61187 	 0.000443314
2.61287 	 0.000423533
2.61387 	 0.000403671
2.61487 	 0.000383785
2.61587 	 0.00036393
2.61687 	 0.000344166
2.61787 	 0.000324547
2.61887 	 0.00030513
2.61987 	 0.00028597
2.62087 	 0.000267119
2.62187 	 0.000248632
2.62287 	 0.000230556
2.62387 	 0.00021294
2.62488 	 0.000195831
2.62588 	 0.00017927
2.62688 	 0.000163298
2.62788 	 0.000147953
2.62888 	 0.000133267
2.62988 	 0.000119273
2.63088 	 0.000105996
2.63188 	 9.34609e-05
2.63288 	 8.16863e-05
2.63388 	 7.06885e-05
2.63488 	 6.04791e-05
2.63588 	 5.10663e-05
2.63688 	 4.2454e-05
2.63788 	 3.46422e-05
2.63888 	 2.76271e-05
2.63988 	 2.1401e-05
2.64088 	 1.59525e-05
2.64188 	 1.12664e-05
2.64288 	 7.32406e-06
2.64388 	 4.10347e-06
2.64488 	 1.57939e-06
2.64588 	 -2.76458e-07
2.64688 	 -1.49516e-06
2.64788 	 -2.1104e-06
2.64888 	 -2.15823e-06
2.64988 	 -1.67681e-06
2.65088 	 -7.06121e-07
2.65188 	 7.12245e-07
2.65288 	 2.53542e-06
2.65388 	 4.71953e-06
2.65489 	 7.21996e-06
2.65589 	 9.99171e-06
2.65689 	 1.29896e-05
2.65789 	 1.61686e-05
2.65889 	 1.94843e-05
2.65989 	 2.28927e-05
2.66089 	 2.6351e-05
2.66189 	 2.98176e-05
2.66289 	 3.32524e-05
2.66389 	 3.66172e-05
2.66489 	 3.98754e-05
2.66589 	 4.2993e-05
2.66689 	 4.5938e-05
2.66789 	 4.86811e-05
2.66889 	 5.11955e-05
2.66989 	 5.34574e-05
2.67089 	 5.54457e-05
2.67189 	 5.71423e-05
2.67289 	 5.8532e-05
2.67389 	 5.96029e-05
2.67489 	 6.03457e-05
2.67589 	 6.07544e-05
2.67689 	 6.08259e-05
2.67789 	 6.05597e-05
2.67889 	 5.99584e-05
2.67989 	 5.9027e-05
2.68089 	 5.7773e-05
2.68189 	 5.62061e-05
2.68289 	 5.43384e-05
2.68389 	 5.21835e-05
2.6849 	 4.9757e-05
2.6859 	 4.70756e-05
2.6869 	 4.41573e-05
2.6879 	 4.1021e-05
2.6889 	 3.7686e-05
2.6899 	 3.41721e-05
2.6909 	 3.04988e-05
2.6919 	 2.66857e-05
2.6929 	 2.27512e-05
2.6939 	 1.87133e-05
2.6949 	 1.45883e-05
2.6959 	 1.03913e-05
2.6969 	 6.13551e-06
2.6979 	 1.83188e-06
2.6989 	 -2.51086e-06
2.6999 	 -6.88661e-06
2.7009 	 -1.12921e-05
2.7019 	 -1.57272e-05
2.7029 	 -2.01947e-05
2.7039 	 -2.47012e-05
2.7049 	 -2.92565e-05
2.7059 	 -3.38741e-05
2.7069 	 -3.85712e-05
2.7079 	 -4.33687e-05
2.7089 	 -4.82913e-05
2.7099 	 -5.33675e-05
2.7109 	 -5.86291e-05
2.7119 	 -6.41118e-05
2.7129 	 -6.98548e-05
2.7139 	 -7.59002e-05
2.71491 	 -8.22935e-05
2.71591 	 -8.90829e-05
2.71691 	 -9.63193e-05
2.71791 	 -0.000104056
2.71891 	 -0.000112347
2.71991 	 -0.000121251
2.72091 	 -0.000130824
2.72191 	 -0.000141125
2.72291 	 -0.000152214
2.72391 	 -0.00016415
2.72491 	 -0.000176989
2.72591 	 -0.000190791
2.72691 	 -0.000205611
2.72791 	 -0.000221502
2.72891 	 -0.000238515
2.72991 	 -0.000256698
2.73091 	 -0.000276095
2.73191 	 -0.000296747
2.73291 	 -0.000318688
2.73391 	 -0.000341949
2.73491 	 -0.000366554
2.73591 	 -0.000392521
2.73691 	 -0.000419861
2.73791 	 -0.000448579
2.73891 	 -0.000478673
2.73991 	 -0.00051013
2.74091 	 -0.000542932
2.74191 	 -0.000577052
2.74291 	 -0.000612453
2.74391 	 -0.000649091
2.74492 	 -0.000686912
2.74592 	 -0.000725852
2.74692 	 -0.000765839
2.74792 	 -0.000806791
2.74892 	 -0.000848618
2.74992 	 -0.00089122
2.75092 	 -0.000934489
2.75192 	 -0.000978307
2.75292 	 -0.00102255
2.75392 	 -0.00106708
2.75492 	 -0.00111177
2.75592 	 -0.00115645
2.75692 	 -0.00120098
2.75792 	 -0.0012452
2.75892 	 -0.00128894
2.75992 	 -0.00133203
2.76092 	 -0.00137429
2.76192 	 -0.00141555
2.76292 	 -0.00145563
2.76392 	 -0.00149434
2.76492 	 -0.00153151
2.76592 	 -0.00156694
2.76692 	 -0.00160047
2.76792 	 -0.0016319
2.76892 	 -0.00166107
2.76992 	 -0.0016878
2.77092 	 -0.00171193
2.77192 	 -0.00173329
2.77292 	 -0.00175173
2.77392 	 -0.0017671
2.77492 	 -0.00177927
2.77593 	 -0.00178811
2.77693 	 -0.0017935
2.77793 	 -0.00179533
2.77893 	 -0.00179352
2.77993 	 -0.00178798
2.78093 	 -0.00177865
2.78193 	 -0.00176547
2.78293 	 -0.0017484
2.78393 	 -0.00172743
2.78493 	 -0.00170254
2.78593 	 -0.00167376
2.78693 	 -0.00164109
2.78793 	 -0.00160459
2.78893 	 -0.00156431
2.78993 	 -0.00152033
2.79093 	 -0.00147275
2.79193 	 -0.00142167
2.79293 	 -0.00136722
2.79393 	 -0.00130953
2.79493 	 -0.00124877
2.79593 	 -0.00118511
2.79693 	 -0.00111873
2.79793 	 -0.00104982
2.79893 	 -0.000978606
2.79993 	 -0.000905302
2.80093 	 -0.000830143
2.80193 	 -0.00075337
2.80293 	 -0.000675234
2.80393 	 -0.000595992
2.80493 	 -0.000515906
2.80594 	 -0.000435246
2.80694 	 -0.000354279
2.80794 	 -0.000273279
2.80894 	 -0.000192516
2.80994 	 -0.000112259
2.81094 	 -3.27759e-05
2.81194 	 4.56724e-05
2.81294 	 0.000122831
2.81394 	 0.000198452
2.81494 	 0.0002723
2.81594 	 0.000344146
2.81694 	 0.000413778
2.81794 	 0.000480997
2.81894 	 0.000545619
2.81994 	 0.000607478
2.82094 	 0.000666424
2.82194 	 0.000722331
2.82294 	 0.00077509
2.82394 	 0.000824616
2.82494 	 0.000870846
2.82594 	 0.000913741
2.82694 	 0.000953286
2.82794 	 0.000989493
2.82894 	 0.0010224
2.82994 	 0.00105206
2.83094 	 0.00107858
2.83194 	 0.00110206
2.83294 	 0.00112264
2.83394 	 0.0011405
2.83494 	 0.00115583
2.83595 	 0.00116884
2.83695 	 0.00117978
2.83795 	 0.00118892
2.83895 	 0.00119655
2.83995 	 0.00120297
2.84095 	 0.00120852
2.84195 	 0.00121356
2.84295 	 0.00121844
2.84395 	 0.00122356
2.84495 	 0.0012293
2.84595 	 0.00123609
2.84695 	 0.00124433
2.84795 	 0.00125445
2.84895 	 0.00126689
2.84995 	 0.00128207
2.85095 	 0.00130044
2.85195 	 0.00132241
2.85295 	 0.00134843
2.85395 	 0.00137889
2.85495 	 0.00141422
2.85595 	 0.00145481
2.85695 	 0.00150103
2.85795 	 0.00155324
2.85895 	 0.00161178
2.85995 	 0.00167696
2.86095 	 0.00174907
2.86195 	 0.00182836
2.86295 	 0.00191506
2.86395 	 0.00200935
2.86495 	 0.00211139
2.86596 	 0.00222128
2.86696 	 0.00233911
2.86796 	 0.00246489
2.86896 	 0.00259862
2.86996 	 0.00274021
2.87096 	 0.00288957
2.87196 	 0.00304654
2.87296 	 0.00321089
2.87396 	 0.00338237
2.87496 	 0.00356065
2.87596 	 0.00374539
2.87696 	 0.00393614
2.87796 	 0.00413244
2.87896 	 0.00433377
2.87996 	 0.00453956
2.88096 	 0.00474916
2.88196 	 0.00496192
2.88296 	 0.00517711
2.88396 	 0.00539396
2.88496 	 0.00561166
2.88596 	 0.00582935
2.88696 	 0.00604615
2.88796 	 0.00626111
2.88896 	 0.00647327
2.88996 	 0.00668165
2.89096 	 0.00688521
2.89196 	 0.0070829
2.89296 	 0.00727368
2.89396 	 0.00745644
2.89496 	 0.0076301
2.89597 	 0.00779355
2.89697 	 0.00794568
2.89797 	 0.00808541
2.89897 	 0.00821161
2.89997 	 0.00832322
2.90097 	 0.00841915
2.90197 	 0.00849837
2.90297 	 0.00855983
2.90397 	 0.00860255
2.90497 	 0.00862557
2.90597 	 0.00862796
2.90697 	 0.00860886
2.90797 	 0.00856744
2.90897 	 0.00850292
2.90997 	 0.00841461
2.91097 	 0.00830184
2.91197 	 0.00816404
2.91297 	 0.00800069
2.91397 	 0.00781138
2.91497 	 0.00759573
2.91597 	 0.00735348
2.91697 	 0.00708445
2.91797 	 0.00678852
2.91897 	 0.0064657
2.91997 	 0.00611607
2.92097 	 0.0057398
2.92197 	 0.00533718
2.92297 	 0.00490857
2.92397 	 0.00445446
2.92497 	 0.0039754
2.92598 	 0.00347207
2.92698 	 0.00294524
2.92798 	 0.00239578
2.92898 	 0.00182464
2.92998 	 0.00123288
2.93098 	 0.00062166
2.93198 	 -7.78128e-06
2.93298 	 -0.000654112
2.93398 	 -0.00131592
2.93498 	 -0.00199169
2.93598 	 -0.00267987
2.93698 	 -0.00337879
2.93798 	 -0.00408673
2.93898 	 -0.00480191
2.93998 	 -0.00552249
2.94098 	 -0.00624655
2.94198 	 -0.00697216
2.94298 	 -0.00769733
2.94398 	 -0.00842002
2.94498 	 -0.00913818
2.94598 	 -0.00984972
2.94698 	 -0.0105526
2.94798 	 -0.0112446
2.94898 	 -0.0119237
2.94998 	 -0.0125877
2.95098 	 -0.0132347
2.95198 	 -0.0138625
2.95298 	 -0.014469
2.95398 	 -0.0150522
2.95498 	 -0.0156103
2.95599 	 -0.0161412
2.95699 	 -0.0166431
2.95799 	 -0.0171142
2.95899 	 -0.0175527
2.95999 	 -0.0179571
2.96099 	 -0.0183257
2.96199 	 -0.018657
2.96299 	 -0.0189496
2.96399 	 -0.0192024
2.96499 	 -0.019414
2.96599 	 -0.0195833
2.96699 	 -0.0197096
2.96799 	 -0.0197918
2.96899 	 -0.0198293
2.96999 	 -0.0198215
2.97099 	 -0.0197679
2.97199 	 -0.0196683
2.97299 	 -0.0195224
2.97399 	 -0.0193301
2.97499 	 -0.0190916
2.97599 	 -0.0188071
2.97699 	 -0.0184769
2.97799 	 -0.0181015
2.97899 	 -0.0176816
2.97999 	 -0.0172179
2.98099 	 -0.0167114
2.98199 	 -0.0161631
2.98299 	 -0.0155742
2.98399 	 -0.0149459
2.98499 	 -0.0142797
2.986 	 -0.0135772
2.987 	 -0.0128399
2.988 	 -0.0120697
2.989 	 -0.0112684
2.99 	 -0.010438
2.991 	 -0.00958052
2.992 	 -0.00869816
2.993 	 -0.00779312
2.994 	 -0.0068677
2.995 	 -0.00592427
2.996 	 -0.00496526
2.997 	 -0.00399312
2.998 	 -0.00301039
2.999 	 -0.00201961
3 	 -0.00102335
