0.0 	 1.755161055e-05 
0.01 	 1.527645573e-05 
0.02 	 -1.933593183e-05 
0.03 	 -1.323750609e-05 
0.04 	 9.602740206e-06 
0.05 	 -5.143148541e-05 
0.06 	 -0.0001100883105 
0.07 	 -0.0001735577352 
0.08 	 -0.0002424177549 
0.09 	 7.043360256e-05 
0.1 	 0.0006555625695 
0.11 	 0.0005182106013 
0.12 	 0.0004088262564 
0.13 	 0.0004573475955 
0.14 	 -0.0003514860216 
0.15 	 0.0002565603414 
0.16 	 0.0004194751095 
0.17 	 0.0002550579399 
0.18 	 0.0006154191666 
0.19 	 0.0004771531026 
0.2 	 -0.001146041478 
0.21 	 -0.0002242804383 
0.22 	 0.000196754265 
0.23 	 -0.000995480541 
0.24 	 -0.002259354834 
0.25 	 -0.002426580018 
0.26 	 -0.002921377779 
0.27 	 -0.003296868282 
0.28 	 0.000161365671 
0.29 	 3.078936189e-05 
0.3 	 -4.047755112e-05 
0.31 	 -0.002238898041 
0.32 	 -0.003076002018 
0.33 	 -0.0003781301778 
0.34 	 -0.000859453119 
0.35 	 0.0007065317979 
0.36 	 0.007712150139 
0.37 	 0.009758829078 
0.38 	 0.005461803828 
0.39 	 0.003072520449 
0.4 	 -0.000227195676 
0.41 	 -0.001109702295 
0.42 	 0.005058115461 
0.43 	 0.007468005726 
0.44 	 0.01222811595 
0.45 	 0.01173276 
0.46 	 0.006177399183 
0.47 	 0.007894406205 
0.48 	 0.0005284677411 
0.49 	 -0.01233755631 
0.5 	 -0.01602893178 
0.51 	 -0.0149544621 
0.52 	 -0.008068828986 
0.53 	 -0.009033638562 
0.54 	 -0.01623998412 
0.55 	 -0.01009801179 
0.56 	 -0.0009630840951 
0.57 	 0.01270696167 
0.58 	 0.01509608907 
0.59 	 0.002211524217 
0.6 	 -0.01925531325 
0.61 	 -0.01467560304 
0.62 	 -0.01098202032 
0.63 	 -0.01441755099 
0.64 	 -0.0007023838356 
0.65 	 0.005790026808 
0.66 	 0.005487376536 
0.67 	 0.01659795102 
0.68 	 0.01049506173 
0.69 	 -0.01359523755 
0.7 	 -0.01611015858 
0.71 	 -0.002503277541 
0.72 	 0.007873352964 
0.73 	 0.01286343117 
0.74 	 0.01001226258 
0.75 	 0.02269544481 
0.76 	 0.00641537703 
0.77 	 -0.01023664671 
0.78 	 0.01165365216 
0.79 	 0.008175682449 
0.8 	 -0.003498895422 
0.81 	 -0.005359440402 
0.82 	 0.003395550996 
0.83 	 -0.01425702996 
0.84 	 -0.001195272963 
0.85 	 0.0162858753 
0.86 	 0.01287689049 
0.87 	 0.00917889327 
0.88 	 -0.001260655632 
0.89 	 0.006747176736 
0.9 	 0.007913088369 
0.91 	 -0.01981623924 
0.92 	 -0.0162756729 
0.93 	 -0.01155084336 
0.94 	 0.01298287773 
0.95 	 0.0349771626 
0.96 	 0.02258190387 
0.97 	 -0.008913603402 
0.98 	 -0.04002355413 
0.99 	 -0.03427740549 
1.0 	 -0.01184746833 
1.01 	 -0.002285718228 
1.02 	 -0.01345104036 
1.03 	 -0.00610831422 
1.04 	 -0.007456064994 
1.05 	 0.01729021329 
1.06 	 0.02180448099 
1.07 	 0.03185407062 
1.08 	 0.03578956794 
1.09 	 0.004415113125 
1.1 	 -0.008322050592 
1.11 	 -0.03536721801 
1.12 	 -0.0651584124 
1.13 	 -0.03454464951 
1.14 	 0.02349071208 
1.15 	 0.05866737084 
1.16 	 0.03016669176 
1.17 	 -0.01265611644 
1.18 	 -0.06628166721 
1.19 	 -0.08550814887 
1.2 	 -0.04179807522 
1.21 	 -0.006592768317 
1.22 	 0.0373361733 
1.23 	 0.0847065051 
1.24 	 0.08804449494 
1.25 	 0.08072533242 
1.26 	 0.09295363476 
1.27 	 0.02597250474 
1.28 	 -0.05630940981 
1.29 	 -0.06630965514 
1.3 	 -0.03392110629 
1.31 	 -0.007276843161 
1.32 	 0.05323970385 
1.33 	 0.04985531271 
1.34 	 0.04816230291 
1.35 	 0.02272697415 
1.36 	 -0.01765161369 
1.37 	 -0.008131780737 
1.38 	 -0.05904155367 
1.39 	 -0.08418937095 
1.4 	 -0.04613605722 
1.41 	 0.01059644808 
1.42 	 0.08606390499 
1.43 	 0.099330174 
1.44 	 0.03368379258 
1.45 	 -0.01560355056 
1.46 	 -0.07469172135 
1.47 	 -0.07784962902 
1.48 	 -0.09107022267 
1.49 	 -0.1209192372 
1.5 	 -0.09451122732 
1.51 	 -0.05132300643 
1.52 	 0.01377565326 
1.53 	 0.01103398389 
1.54 	 -0.03160482795 
1.55 	 -0.112979808 
1.56 	 -0.1380802626 
1.57 	 -0.07198213068 
1.58 	 0.004107041847 
1.59 	 0.108983214 
1.6 	 0.1080556785 
1.61 	 0.04633619103 
1.62 	 -0.03198647619 
1.63 	 -0.08445166092 
1.64 	 -0.1192269141 
1.65 	 -0.08760825405 
1.66 	 0.008353399428 
1.67 	 0.08951577912 
1.68 	 0.230678226 
1.69 	 0.23266377 
1.7 	 0.1023838308 
1.71 	 -0.01543013919 
1.72 	 -0.08215269723 
1.73 	 -0.01387339029 
1.74 	 0.09248107725 
1.75 	 0.1066608927 
1.76 	 0.06717981195 
1.77 	 0.01833717573 
1.78 	 -0.02476655163 
1.79 	 -0.03321990711 
1.8 	 -0.001118961954 
1.81 	 0.06413565123 
1.82 	 0.08029597815 
1.83 	 0.0983642814 
1.84 	 0.07196181417 
1.85 	 0.02213409699 
1.86 	 -0.005810942709 
1.87 	 -0.005440367997 
1.88 	 0.00993907998 
1.89 	 -0.004028212611 
1.9 	 -0.05755995918 
1.91 	 -0.08598005892 
1.92 	 -0.05849326296 
1.93 	 -0.02654380971 
1.94 	 0.0004817881314 
1.95 	 0.02873907189 
1.96 	 0.01261322712 
1.97 	 0.02669618844 
1.98 	 0.02273276205 
1.99 	 -0.0216249678 
2.0 	 -0.009264282453 
2.01 	 -0.0257645916 
2.02 	 -0.05845676976 
2.03 	 -0.1145654964 
2.04 	 -0.06237762075 
2.05 	 0.06113870604 
2.06 	 0.06342593697 
2.07 	 0.01498740408 
2.08 	 -0.06763653612 
2.09 	 -0.1237014513 
2.1 	 -0.1919319633 
2.11 	 -0.1217398437 
2.12 	 0.02618884467 
2.13 	 0.1249653717 
2.14 	 0.1961060202 
2.15 	 0.1556760672 
2.16 	 0.1100379852 
2.17 	 0.03281559777 
2.18 	 -0.03908139192 
2.19 	 -0.01595505267 
2.2 	 0.02873088054 
2.21 	 0.07173913698 
2.22 	 0.08003093157 
2.23 	 0.003402807453 
2.24 	 -0.08336769516 
2.25 	 -0.1173865581 
2.26 	 -0.1771898877 
2.27 	 -0.2561102586 
2.28 	 -0.1987847388 
2.29 	 -0.03677432517 
2.3 	 0.0772553196 
2.31 	 0.1450123029 
2.32 	 0.07848109872 
2.33 	 0.005443060842 
2.34 	 0.04992954498 
2.35 	 0.08550064422 
2.36 	 0.1244951784 
2.37 	 0.08634042927 
2.38 	 0.033751305 
2.39 	 -0.06686639226 
2.4 	 -0.121619475 
2.41 	 -0.1031814819 
2.42 	 -0.04867100046 
2.43 	 0.00883772109 
2.44 	 -0.02567568357 
2.45 	 -0.09382032864 
2.46 	 -0.1033972038 
2.47 	 -0.1197476289 
2.48 	 -0.09037029879 
2.49 	 0.01836320166 
2.5 	 0.1424669022 
2.51 	 0.2098744533 
2.52 	 0.226955331 
2.53 	 0.1766130597 
2.54 	 0.07080319431 
2.55 	 -0.03404380977 
2.56 	 -0.105784173 
2.57 	 -0.06649775208 
2.58 	 -0.05100628077 
2.59 	 -0.02828245563 
2.6 	 -0.03423761613 
2.61 	 -0.09739543599 
2.62 	 -0.1208180961 
2.63 	 -0.156201687 
2.64 	 -0.2059736049 
2.65 	 -0.1496210409 
2.66 	 -0.1198937979 
2.67 	 -0.09718820955 
2.68 	 -0.005280343353 
2.69 	 0.1403711919 
2.7 	 0.2895082074 
2.71 	 0.2511979011 
2.72 	 0.1996753887 
2.73 	 0.2101672818 
2.74 	 0.2015708769 
2.75 	 0.1398520467 
2.76 	 0.04111389639 
2.77 	 -0.05274570168 
2.78 	 -0.142163577 
2.79 	 -0.1140165288 
2.8 	 -0.06407718363 
2.81 	 -0.01318204035 
2.82 	 0.04329738657 
2.83 	 0.06114969324 
2.84 	 0.02869136586 
2.85 	 -0.0098827902 
2.86 	 0.01634107617 
2.87 	 0.0400970016 
2.88 	 0.03045770541 
2.89 	 -0.0306603702 
2.9 	 -0.1382240772 
2.91 	 -0.246644982 
2.92 	 -0.2397441375 
2.93 	 -0.1177859232 
2.94 	 0.04031137953 
2.95 	 0.149342535 
2.96 	 0.1594957869 
2.97 	 0.1178470395 
2.98 	 0.04988421297 
2.99 	 -0.03422849283 
3.0 	 -0.07330507785 
3.01 	 -0.03536918982 
3.02 	 0.08073241524 
3.03 	 0.142573635 
3.04 	 0.120237246 
3.05 	 0.1075785201 
3.06 	 0.03648817728 
3.07 	 -0.08513228853 
3.08 	 -0.1987823844 
3.09 	 -0.258388533 
3.1 	 -0.1065766248 
3.11 	 0.1012015296 
3.12 	 0.2767484385 
3.13 	 0.2370816054 
3.14 	 0.1074306834 
3.15 	 0.0218995497 
3.16 	 -0.03938319657 
3.17 	 -0.002264271606 
3.18 	 -0.004233919482 
3.19 	 -0.05132423268 
3.2 	 -0.137147724 
3.21 	 -0.125023545 
3.22 	 -0.07680282354 
3.23 	 -0.02648086875 
3.24 	 -0.03744441684 
3.25 	 -0.05955350814 
3.26 	 -0.04709708406 
3.27 	 -0.04888716381 
3.28 	 -0.06888570228 
3.29 	 -0.05337408123 
3.3 	 -0.03359860254 
3.31 	 -0.003118915863 
3.32 	 -0.0005196587535 
3.33 	 -0.01573423938 
3.34 	 0.02675644146 
3.35 	 0.05130371997 
3.36 	 0.02379560688 
3.37 	 -0.05638128768 
3.38 	 -0.07003017612 
3.39 	 0.003321142146 
3.4 	 0.1431942156 
3.41 	 0.2583480177 
3.42 	 0.2245579632 
3.43 	 0.1936358622 
3.44 	 0.1041894594 
3.45 	 -0.04907988126 
3.46 	 -0.1453798836 
3.47 	 -0.1823523021 
3.48 	 -0.1733011056 
3.49 	 -0.1603579878 
3.5 	 -0.1072329138 
3.51 	 -0.03737106747 
3.52 	 0.09642034161 
3.53 	 0.1687160097 
3.54 	 0.1050651981 
3.55 	 -0.01157567247 
3.56 	 -0.0996438978 
3.57 	 -0.1769463054 
3.58 	 -0.2172009537 
3.59 	 -0.1299161844 
3.6 	 -0.03465503163 
3.61 	 0.03777592617 
3.62 	 0.05903475534 
3.63 	 -0.02119057119 
3.64 	 -0.091074078 
3.65 	 -0.05562911574 
3.66 	 -0.02643374151 
3.67 	 0.05815628946 
3.68 	 0.1434789018 
3.69 	 0.1685487492 
3.7 	 0.1474880526 
3.71 	 0.08746767675 
3.72 	 0.008580342987 
3.73 	 -0.1042389999 
3.74 	 -0.1253575755 
3.75 	 -0.05868122256 
3.76 	 0.04417745148 
3.77 	 0.06017988645 
3.78 	 0.03548370195 
3.79 	 0.1038312963 
3.8 	 0.2414697165 
3.81 	 0.3564180972 
3.82 	 0.246534129 
3.83 	 0.05947735311 
3.84 	 -0.1036176345 
3.85 	 -0.210190041 
3.86 	 -0.161085105 
3.87 	 -0.06973050024 
3.88 	 0.03649930182 
3.89 	 0.1336048425 
3.9 	 0.1363866642 
3.91 	 0.114612192 
3.92 	 0.05415641892 
3.93 	 -0.008322415524 
3.94 	 -0.03466723527 
3.95 	 -0.1187050221 
3.96 	 -0.1652000076 
3.97 	 -0.1230073938 
3.98 	 -0.07175999304 
3.99 	 -0.01077982641 
4.0 	 -0.01095571971 
4.01 	 -0.00593553069 
4.02 	 -0.008610573483 
4.03 	 -0.1229953275 
4.04 	 -0.1967959575 
4.05 	 -0.1580329197 
4.06 	 -0.05679355293 
4.07 	 0.08247179691 
4.08 	 0.2610312489 
4.09 	 0.3729632508 
4.1 	 0.341462556 
4.11 	 0.240141933 
4.12 	 0.06726829815 
4.13 	 -0.1065536694 
4.14 	 -0.2207962206 
4.15 	 -0.2885704695 
4.16 	 -0.2390233968 
4.17 	 -0.1806539949 
4.18 	 -0.1068213843 
4.19 	 0.009640562661 
4.2 	 -0.0264833703 
4.21 	 -0.1129554792 
4.22 	 -0.1609358949 
4.23 	 -0.1700889192 
4.24 	 -0.142955244 
4.25 	 -0.1046675007 
4.26 	 -0.06578428059 
4.27 	 -0.1208470356 
4.28 	 -0.1268056296 
4.29 	 0.01580177142 
4.3 	 0.1290343635 
4.31 	 0.1024378839 
4.32 	 0.0884967948 
4.33 	 0.04486192461 
4.34 	 -0.0133731882 
4.35 	 0.003947923647 
4.36 	 0.07153956234 
4.37 	 0.06967206207 
4.38 	 -0.04844768562 
4.39 	 -0.1457233317 
4.4 	 -0.2214618291 
4.41 	 -0.1329322689 
4.42 	 0.009343654182 
4.43 	 0.1713070269 
4.44 	 0.1885600701 
4.45 	 0.06320609487 
4.46 	 -0.02861974305 
4.47 	 -0.09296448462 
4.48 	 -0.0845742663 
4.49 	 -0.03660217929 
4.5 	 0.1098468864 
4.51 	 0.2718779697 
4.52 	 0.4333352661 
4.53 	 0.45603747 
4.54 	 0.3063677715 
4.55 	 0.1188946494 
4.56 	 -0.05508577908 
4.57 	 -0.1164193902 
4.58 	 -0.04476191166 
4.59 	 -0.02347201422 
4.6 	 -6.153408828e-05 
4.61 	 0.04842445554 
4.62 	 0.06926672268 
4.63 	 0.06173332938 
4.64 	 -3.391390575e-06 
4.65 	 -0.01383328701 
4.66 	 0.03929352336 
4.67 	 0.0417228129 
4.68 	 -0.07014590469 
4.69 	 -0.1615583394 
4.7 	 -0.136693521 
4.71 	 -0.08096640336 
4.72 	 -0.03009738411 
4.73 	 0.03198014874 
4.74 	 0.02193817167 
4.75 	 0.07856849601 
4.76 	 0.1863451683 
4.77 	 0.1610264412 
4.78 	 0.05188559031 
4.79 	 -0.01253525724 
4.8 	 0.009595002078 
4.81 	 0.08572907007 
4.82 	 0.1307838789 
4.83 	 0.0989606313 
4.84 	 0.1018671381 
4.85 	 0.1345010841 
4.86 	 0.158424633 
4.87 	 0.05404629186 
4.88 	 -0.1418840901 
4.89 	 -0.3289916916 
4.9 	 -0.4506136191 
4.91 	 -0.4445096409 
4.92 	 -0.3854080206 
4.93 	 -0.2519775018 
4.94 	 -0.1802557089 
4.95 	 -0.2287856808 
4.96 	 -0.3061958022 
4.97 	 -0.3773312514 
4.98 	 -0.3592989018 
4.99 	 -0.2743030998 
5.0 	 0.04223209905 
5.01 	 0.3027757419 
5.02 	 0.3285522036 
5.03 	 0.2552106816 
5.04 	 0.1400390253 
5.05 	 0.03705986484 
5.06 	 0.008447818716 
5.07 	 0.1850658462 
5.08 	 0.406793232 
5.09 	 0.4358375028 
5.1 	 0.2299527765 
5.11 	 -0.0265672458 
5.12 	 -0.274775157 
5.13 	 -0.3553396839 
5.14 	 -0.2550552912 
5.15 	 -0.1691366625 
5.16 	 -0.10090566 
5.17 	 0.004546524942 
5.18 	 0.103832964 
5.19 	 0.08342098308 
5.2 	 0.03491613459 
5.21 	 0.03336942132 
5.22 	 0.03574868967 
5.23 	 0.02159282043 
5.24 	 0.04496891247 
5.25 	 0.1531948239 
5.26 	 0.3183958125 
5.27 	 0.2926738944 
5.28 	 0.1710124326 
5.29 	 0.07303519494 
5.3 	 0.06960672747 
5.31 	 0.1058949279 
5.32 	 0.05976453105 
5.33 	 -0.006216854022 
5.34 	 -0.06386305095 
5.35 	 -0.06371067222 
5.36 	 -0.03568498353 
5.37 	 0.05047039971 
5.38 	 0.08959990968 
5.39 	 0.09137348901 
5.4 	 0.05566999401 
5.41 	 0.03834720171 
5.42 	 0.07050052638 
5.43 	 0.07844756814 
5.44 	 0.06476041089 
5.45 	 0.01241922456 
5.46 	 -0.04645060506 
5.47 	 -0.09060141258 
5.48 	 -0.1098441396 
5.49 	 -0.1341621486 
5.5 	 -0.1613314341 
5.51 	 -0.07815245391 
5.52 	 0.008317436949 
5.53 	 0.0313637472 
5.54 	 0.00718591329 
5.55 	 -0.02350964538 
5.56 	 0.0005908453128 
5.57 	 0.1135884204 
5.58 	 0.233031645 
5.59 	 0.2857865877 
5.6 	 0.287023923 
5.61 	 0.3061639197 
5.62 	 0.3043891926 
5.63 	 0.1494526032 
5.64 	 -0.07588253763 
5.65 	 -0.2361498516 
5.66 	 -0.2028214557 
5.67 	 -0.05059328958 
5.68 	 0.1155550311 
5.69 	 0.1054289529 
5.7 	 0.009644251221 
5.71 	 -0.1034276148 
5.72 	 -0.1786176351 
5.73 	 -0.1281852099 
5.74 	 -0.1034682282 
5.75 	 -0.1485182007 
5.76 	 -0.1961682156 
5.77 	 -0.2644944732 
5.78 	 -0.3729725703 
5.79 	 -0.4229933679 
5.8 	 -0.30740616 
5.81 	 -0.1634864949 
5.82 	 -0.06344287884 
5.83 	 0.07327233207 
5.84 	 0.06073840899 
5.85 	 -0.03301620246 
5.86 	 -0.1188571752 
5.87 	 -0.09349178193 
5.88 	 -0.01217360178 
5.89 	 0.04238623377 
5.9 	 0.0826833888 
5.91 	 0.1404887157 
5.92 	 0.2347561449 
5.93 	 0.2109504141 
5.94 	 0.03706474041 
5.95 	 -0.1407985155 
5.96 	 -0.2989394433 
5.97 	 -0.310001886 
5.98 	 -0.1875352194 
5.99 	 -0.09567001395 
6.0 	 -0.06461914689 
6.01 	 -0.1256299992 
6.02 	 -0.1805472621 
6.03 	 -0.309349521 
6.04 	 -0.2432155041 
6.05 	 -0.04583383074 
6.06 	 0.145761885 
6.07 	 0.209728971 
6.08 	 0.1550749104 
6.09 	 0.1337295276 
6.1 	 0.1518513444 
6.11 	 0.2184545736 
6.12 	 0.1826154063 
6.13 	 0.1340798427 
6.14 	 0.07759560888 
6.15 	 0.1060074486 
6.16 	 0.1573247358 
6.17 	 0.2627424072 
6.18 	 0.2585743344 
6.19 	 0.1202923782 
6.2 	 0.01121251608 
6.21 	 -0.1095092262 
6.22 	 -0.1227758778 
6.23 	 -0.1111716288 
6.24 	 -0.0413283528 
6.25 	 0.06794262774 
6.26 	 0.05916447297 
6.27 	 -0.003443362974 
6.28 	 -0.07286317659 
6.29 	 -0.06917515614 
6.3 	 0.02165779206 
6.31 	 0.1279862631 
6.32 	 0.2052809208 
6.33 	 0.1937977272 
6.34 	 0.09804544659 
6.35 	 0.05350604535 
6.36 	 0.09072832455 
6.37 	 0.1408644387 
6.38 	 0.2248657029 
6.39 	 0.2030082381 
6.4 	 0.09486859581 
6.41 	 0.003973078449 
6.42 	 -0.06983737038 
6.43 	 -0.1582668882 
6.44 	 -0.235431171 
6.45 	 -0.2363743044 
6.46 	 -0.2165286744 
6.47 	 -0.2770047738 
6.48 	 -0.2979180261 
6.49 	 -0.2474135955 
6.5 	 -0.1955008413 
6.51 	 -0.05630984145 
6.52 	 0.05210380395 
6.53 	 0.06911688474 
6.54 	 0.05845575933 
6.55 	 0.04674677877 
6.56 	 0.03021697782 
6.57 	 0.0354609918 
6.58 	 0.04016245392 
6.59 	 0.02084976198 
6.6 	 -0.015760746 
6.61 	 -0.007084476909 
6.62 	 0.1073327796 
6.63 	 0.2338973775 
6.64 	 0.2713521537 
6.65 	 0.189319266 
6.66 	 0.09711103428 
6.67 	 0.004792167342 
6.68 	 -0.08834942898 
6.69 	 -0.136426689 
6.7 	 -0.1930038039 
6.71 	 -0.2597690943 
6.72 	 -0.3401210385 
6.73 	 -0.4012265475 
6.74 	 -0.4005310185 
6.75 	 -0.2278297944 
6.76 	 0.03700506618 
6.77 	 0.2602356579 
6.78 	 0.3242681766 
6.79 	 0.2419290207 
6.8 	 0.2185806321 
6.81 	 0.1788845652 
6.82 	 0.151655733 
6.83 	 0.1029957786 
6.84 	 0.02986162038 
6.85 	 -0.03920622417 
6.86 	 -0.07747940943 
6.87 	 -0.112654116 
6.88 	 -0.16151184 
6.89 	 -0.2507078916 
6.9 	 -0.2653913034 
6.91 	 -0.1324023327 
6.92 	 0.0262778508 
6.93 	 0.1894475808 
6.94 	 0.2867373729 
6.95 	 0.2484495315 
6.96 	 0.1010644839 
6.97 	 -0.005253344271 
6.98 	 -0.07576521003 
6.99 	 -0.1056200517 
7.0 	 -0.1333054413 
7.01 	 -0.04765942269 
7.02 	 0.1104096861 
7.03 	 0.2686595049 
7.04 	 0.222823359 
7.05 	 0.116531028 
7.06 	 0.04586433003 
7.07 	 -0.07714929312 
7.08 	 -0.1272204945 
7.09 	 -0.1730398653 
7.1 	 -0.1289994399 
7.11 	 -0.04136047074 
7.12 	 0.08306622405 
7.13 	 0.2105723367 
7.14 	 0.2894930019 
7.15 	 0.2522164734 
7.16 	 0.2493656874 
7.17 	 0.2629375281 
7.18 	 0.1681020999 
7.19 	 0.09151470396 
7.2 	 0.06575929452 
7.21 	 0.09112874913 
7.22 	 0.1334771163 
7.23 	 0.2205109458 
7.24 	 0.2403088992 
7.25 	 0.1975738905 
7.26 	 0.05421668175 
7.27 	 -0.0985086846 
7.28 	 -0.2189803896 
7.29 	 -0.2773652913 
7.3 	 -0.28039923 
7.31 	 -0.2465171577 
7.32 	 -0.2066070366 
7.33 	 -0.1746766638 
7.34 	 -0.1462079457 
7.35 	 -0.1016250273 
7.36 	 -0.04132851957 
7.37 	 -0.02488022991 
7.38 	 -0.02326016727 
7.39 	 -0.006886190322 
7.4 	 0.02396755656 
7.41 	 0.001246225122 
7.42 	 -0.04162440879 
7.43 	 -0.09014600295 
7.44 	 -0.1108722276 
7.45 	 -0.1117730799 
7.46 	 -0.05783010696 
7.47 	 -0.01803845142 
7.48 	 0.03998140056 
7.49 	 0.09236444616 
7.5 	 0.1181028843 
7.51 	 0.08519920254 
7.52 	 0.02973140244 
7.53 	 0.01384215525 
7.54 	 -0.005407809588 
7.55 	 -0.0232714782 
7.56 	 -0.08647011747 
7.57 	 -0.1049396301 
7.58 	 -0.113233887 
7.59 	 -0.1087054929 
7.6 	 -0.05734202022 
7.61 	 -0.07124915691 
7.62 	 -0.1116772362 
7.63 	 -0.1323311121 
7.64 	 -0.148868712 
7.65 	 -0.1128622842 
7.66 	 -0.07893605709 
7.67 	 -0.05113093644 
7.68 	 0.02173625244 
7.69 	 0.03286011555 
7.7 	 0.04101414831 
7.71 	 0.02773517535 
7.72 	 0.03866765517 
7.73 	 0.01985824566 
7.74 	 0.002959574976 
7.75 	 0.058403835 
7.76 	 0.1179327789 
7.77 	 0.1849975686 
7.78 	 0.2738419317 
7.79 	 0.2160425889 
7.8 	 0.11233431 
7.81 	 0.0829608156 
7.82 	 0.03681685152 
7.83 	 0.04131553113 
7.84 	 0.04846563792 
7.85 	 0.02624692968 
7.86 	 -0.003455499906 
7.87 	 -0.06491055294 
7.88 	 -0.1672107633 
7.89 	 -0.2340017559 
7.9 	 -0.29621295 
7.91 	 -0.3467661363 
7.92 	 -0.3356645517 
7.93 	 -0.2615270463 
7.94 	 -0.1833720516 
7.95 	 -0.1159288902 
7.96 	 -0.07226323623 
7.97 	 -0.03887081046 
7.98 	 -0.02686167333 
7.99 	 -0.009003865212 
8.0 	 0.03106813266 
8.01 	 0.07071254991 
8.02 	 0.1599348825 
8.03 	 0.2447508672 
8.04 	 0.3153872817 
8.05 	 0.3465691515 
8.06 	 0.3197543013 
8.07 	 0.2990116449 
8.08 	 0.2131257816 
8.09 	 0.1221405822 
8.1 	 0.01870298082 
8.11 	 0.004203201429 
8.12 	 0.08748660024 
8.13 	 0.1607561757 
8.14 	 0.1794119508 
8.15 	 0.1337722992 
8.16 	 0.05254655868 
8.17 	 -0.05166427671 
8.18 	 -0.1046780955 
8.19 	 -0.1182223701 
8.2 	 -0.09775398168 
8.21 	 -0.05919642414 
8.22 	 -0.02886593481 
8.23 	 -0.04309351515 
8.24 	 -0.06615077238 
8.25 	 -0.09242656308 
8.26 	 -0.1070222931 
8.27 	 -0.08794679715 
8.28 	 -0.06682318902 
8.29 	 -0.08070963642 
8.3 	 -0.110417436 
8.31 	 -0.1566596178 
8.32 	 -0.2125901556 
8.33 	 -0.2312830125 
8.34 	 -0.2375291376 
8.35 	 -0.2469278043 
8.36 	 -0.2309628141 
8.37 	 -0.1998427473 
8.38 	 -0.08503849512 
8.39 	 0.007440243426 
8.4 	 0.06335277399 
8.41 	 0.1056993165 
8.42 	 0.1175860935 
8.43 	 0.1328498649 
8.44 	 0.1762224255 
8.45 	 0.2582945532 
8.46 	 0.2843206794 
8.47 	 0.2956740867 
8.48 	 0.2674191285 
8.49 	 0.185351121 
8.5 	 0.132985341 
8.51 	 0.1163614131 
8.52 	 0.06625113849 
8.53 	 -0.0232295895 
8.54 	 -0.1331592723 
8.55 	 -0.1804063905 
8.56 	 -0.1906917831 
8.57 	 -0.1858029696 
8.58 	 -0.2065496481 
8.59 	 -0.2324104758 
8.6 	 -0.2079770031 
8.61 	 -0.2018546802 
8.62 	 -0.1744778151 
8.63 	 -0.1600372989 
8.64 	 -0.07568637687 
8.65 	 -0.02227518441 
8.66 	 -0.004950974565 
8.67 	 0.02191438242 
8.68 	 0.06478216947 
8.69 	 0.06533413893 
8.7 	 0.0985915791 
8.71 	 0.1213243902 
8.72 	 0.05191521651 
8.73 	 0.01171094256 
8.74 	 -0.0405642519 
8.75 	 -0.07350402465 
8.76 	 -0.05633158041 
8.77 	 -0.03872530854 
8.78 	 0.01826842725 
8.79 	 0.06399940014 
8.8 	 0.109248084 
8.81 	 0.2015546904 
8.82 	 0.1660153167 
8.83 	 0.1197544959 
8.84 	 0.1064498796 
8.85 	 0.04823156151 
8.86 	 -0.001732380273 
8.87 	 -0.06458409576 
8.88 	 -0.1192384899 
8.89 	 -0.1149704532 
8.9 	 -0.04673159289 
8.91 	 0.05494010058 
8.92 	 0.09400038138 
8.93 	 0.1408390308 
8.94 	 0.1846582407 
8.95 	 0.1752194511 
8.96 	 0.1894042206 
8.97 	 0.2181161286 
8.98 	 0.2305465758 
8.99 	 0.19967274 
9.0 	 0.1495814085 
9.01 	 0.1072265373 
9.02 	 0.06571338372 
9.03 	 0.05168220939 
9.04 	 0.07389246141 
9.05 	 0.093693348 
9.06 	 0.103292433 
9.07 	 0.1232614728 
9.08 	 0.07360155567 
9.09 	 -0.01257515451 
9.1 	 -0.05051577096 
9.11 	 -0.08371284039 
9.12 	 -0.07329201093 
9.13 	 -0.05872025655 
9.14 	 -0.09245970126 
9.15 	 -0.0984079359 
9.16 	 -0.1138964544 
9.17 	 -0.1448856558 
9.18 	 -0.1690314993 
9.19 	 -0.1719218196 
9.2 	 -0.1221628509 
9.21 	 -0.07686145791 
9.22 	 -0.07242363954 
9.23 	 -0.05950850967 
9.24 	 -0.0489567069 
9.25 	 -0.05915687022 
9.26 	 -0.07087459149 
9.27 	 -0.07930199952 
9.28 	 -0.0790149393 
9.29 	 -0.03328912647 
9.3 	 0.01357057521 
9.31 	 -0.01122972282 
9.32 	 0.005555200914 
9.33 	 0.04070085615 
9.34 	 0.05193900576 
9.35 	 0.02510089605 
9.36 	 -0.0106952544 
9.37 	 -0.004373452998 
9.38 	 0.004444667712 
9.39 	 0.07011307062 
9.4 	 0.1234246131 
9.41 	 0.1271295558 
9.42 	 0.06205100661 
9.43 	 -0.0481264866 
9.44 	 -0.0987292134 
9.45 	 -0.1081157157 
9.46 	 -0.1248141015 
9.47 	 -0.1481897619 
9.48 	 -0.1140951069 
9.49 	 -0.09366982362 
9.5 	 -0.07252700751 
9.51 	 -0.01576914336 
9.52 	 0.005717319993 
9.53 	 -0.005449892526 
9.54 	 -0.03553198677 
9.55 	 -0.0451382625 
9.56 	 -0.0191088009 
9.57 	 0.0432095184 
9.58 	 0.08632824525 
9.59 	 0.1086768477 
9.6 	 0.1417089816 
9.61 	 0.1564318296 
9.62 	 0.1250719083 
9.63 	 0.07987250988 
9.64 	 0.03758392485 
9.65 	 -0.001932194277 
9.66 	 -0.03219604722 
9.67 	 0.004595125644 
9.68 	 0.05861888982 
9.69 	 0.08329237398 
9.7 	 0.1024691778 
9.71 	 0.1020263544 
9.72 	 0.05394547449 
9.73 	 0.03538657314 
9.74 	 0.02458021068 
9.75 	 -0.02167952121 
9.76 	 -0.04354121412 
9.77 	 -0.06783264783 
9.78 	 -0.05752960704 
9.79 	 -0.02330586225 
9.8 	 -0.02629540089 
9.81 	 -0.0319968846 
9.82 	 -0.08600867469 
9.83 	 -0.1072482174 
9.84 	 -0.0793569159 
9.85 	 -0.06040404495 
9.86 	 -0.05436102609 
9.87 	 -0.03096907128 
9.88 	 0.03218748309 
9.89 	 0.005595385617 
9.9 	 -0.007694241984 
9.91 	 -0.0270909036 
9.92 	 0.002166740586 
9.93 	 0.02033234334 
9.94 	 -0.001050916851 
9.95 	 0.02287169127 
9.96 	 0.02600691822 
9.97 	 0.006140273238 
9.98 	 0.01547116461 
9.99 	 -0.0006727010319 
10.0 	 -0.02429739819 
10.01 	 0.02070453474 
10.02 	 0.05014579662 
10.03 	 0.07892274492 
10.04 	 0.07090504173 
10.05 	 0.03313468764 
10.06 	 -0.00616137651 
10.07 	 -0.01546727004 
10.08 	 -0.00606255057 
10.09 	 0.00940874157 
10.1 	 0.02745596313 
10.11 	 0.03071459007 
10.12 	 -0.01151660646 
10.13 	 -0.05413750524 
10.14 	 -0.06727671513 
10.15 	 -0.07147913274 
10.16 	 -0.09168515271 
10.17 	 -0.1242604251 
10.18 	 -0.1574815977 
10.19 	 -0.1746761733 
10.2 	 -0.1691044857 
10.21 	 -0.1590131349 
10.22 	 -0.1292325255 
10.23 	 -0.1179287568 
10.24 	 -0.1014514884 
10.25 	 -0.06121044657 
10.26 	 -0.03435710193 
10.27 	 0.003367261899 
10.28 	 0.01536181254 
10.29 	 0.01766563218 
10.3 	 0.03878667009 
10.31 	 0.04286448108 
10.32 	 0.01803507678 
10.33 	 0.002302266717 
10.34 	 0.006013283769 
10.35 	 0.02776791132 
10.36 	 0.04980111246 
10.37 	 0.0464809572 
10.38 	 0.06077443131 
10.39 	 0.0463841325 
10.4 	 0.0263051226 
10.41 	 -0.002494720278 
10.42 	 0.02293239555 
10.43 	 0.02815096239 
10.44 	 0.01891313064 
10.45 	 0.05090265774 
10.46 	 0.0504365454 
10.47 	 0.03111116913 
10.48 	 0.01697709771 
10.49 	 0.04202102709 
10.5 	 0.07232827653 
10.51 	 0.0998048799 
10.52 	 0.1320801723 
10.53 	 0.1256266638 
10.54 	 0.09023880555 
10.55 	 0.0418271913 
10.56 	 0.01535655438 
10.57 	 -0.02799152046 
10.58 	 -0.06294219606 
10.59 	 -0.04529477124 
10.6 	 -0.03397685652 
10.61 	 -0.02108501559 
10.62 	 -0.03613862736 
10.63 	 -0.03953864583 
10.64 	 -0.03981769128 
10.65 	 -0.06295838256 
10.66 	 -0.08400088161 
10.67 	 -0.0904593834 
10.68 	 -0.05518146582 
10.69 	 -0.01494402426 
10.7 	 0.03213016326 
10.71 	 0.07983545751 
10.72 	 0.0901319256 
10.73 	 0.08229778713 
10.74 	 0.08404764588 
10.75 	 0.04348766133 
10.76 	 0.008105461488 
10.77 	 -0.0005628863223 
10.78 	 -0.01671612228 
10.79 	 0.003544786602 
10.8 	 0.02451488589 
10.81 	 0.05291753364 
10.82 	 0.06093679662 
10.83 	 0.05738038713 
10.84 	 0.03611180682 
10.85 	 0.025826787 
10.86 	 0.03391343487 
10.87 	 0.02461007232 
10.88 	 0.01258912395 
10.89 	 -0.0001463743233 
10.9 	 0.008570766465 
10.91 	 0.005384083122 
10.92 	 0.04802443317 
10.93 	 0.06618163464 
10.94 	 0.01285250283 
10.95 	 -0.04716691164 
10.96 	 -0.111301317 
10.97 	 -0.1043458308 
10.98 	 -0.1033563942 
10.99 	 -0.08886763242 
11.0 	 -0.07575784272 
11.01 	 -0.07491912696 
11.02 	 -0.0526408524 
11.03 	 -0.06394339485 
11.04 	 -0.06759504963 
11.05 	 -0.03031406739 
11.06 	 0.03391886961 
11.07 	 0.07360636257 
11.08 	 0.05607051669 
11.09 	 0.03348600336 
11.1 	 0.04064531193 
11.11 	 0.07727797089 
11.12 	 0.08312538816 
11.13 	 0.06952529466 
11.14 	 0.05070041478 
11.15 	 0.02436939378 
11.16 	 0.01114694604 
11.17 	 0.001556792064 
11.18 	 0.01853467065 
11.19 	 0.007774373007 
11.2 	 -0.03515453721 
11.21 	 -0.06103494567 
11.22 	 -0.01992790647 
11.23 	 0.01779268149 
11.24 	 0.02721477447 
11.25 	 0.04827905172 
11.26 	 0.02270310642 
11.27 	 0.002866467285 
11.28 	 -0.01682399304 
11.29 	 -0.02290473135 
11.3 	 -0.003347345637 
11.31 	 0.006196370742 
11.32 	 0.005197976631 
11.33 	 0.03089543742 
11.34 	 0.04405664133 
11.35 	 0.03940805511 
11.36 	 0.08249148558 
11.37 	 0.08492039253 
11.38 	 0.08450869626 
11.39 	 0.07938971073 
11.4 	 0.05099989446 
11.41 	 0.009326753514 
11.42 	 -0.02842750629 
11.43 	 -0.08386516026 
11.44 	 -0.116706627 
11.45 	 -0.115527465 
11.46 	 -0.1144783836 
11.47 	 -0.1103160987 
11.48 	 -0.1013143446 
11.49 	 -0.08958886362 
11.5 	 -0.08353437687 
11.51 	 -0.06805527597 
11.52 	 -0.05742926055 
11.53 	 -0.04020983622 
11.54 	 -0.02975580972 
11.55 	 -0.01807608258 
11.56 	 -0.01425821697 
11.57 	 -0.006266169873 
11.58 	 -0.01600882128 
11.59 	 -0.007874617473 
11.6 	 0.05037721452 
11.61 	 0.1029335832 
11.62 	 0.1020444048 
11.63 	 0.07478411193 
11.64 	 0.03992790663 
11.65 	 0.005771562426 
11.66 	 -0.02180778696 
11.67 	 0.002002052268 
11.68 	 0.004305237201 
11.69 	 -0.01271137617 
11.7 	 -0.03065521995 
11.71 	 -0.0280010754 
11.72 	 0.008433511812 
11.73 	 0.02586787128 
11.74 	 0.07172652132 
11.75 	 0.07347045483 
11.76 	 0.05155556229 
11.77 	 0.0252379908 
11.78 	 -0.01861114941 
11.79 	 -0.03329747478 
11.8 	 -0.0456283701 
11.81 	 -0.04639565925 
11.82 	 -0.03777323823 
11.83 	 -0.007675323399 
11.84 	 -0.009454020606 
11.85 	 0.008669944584 
11.86 	 0.01853159031 
11.87 	 0.04524791868 
11.88 	 0.06799019643 
11.89 	 0.0488824452 
11.9 	 0.07595523954 
11.91 	 0.08502830253 
11.92 	 0.1022139216 
11.93 	 0.1279981332 
11.94 	 0.1422766863 
11.95 	 0.1245021435 
11.96 	 0.09638100351 
11.97 	 0.07445378961 
11.98 	 0.04453313265 
11.99 	 0.05943392424 
12.0 	 0.049051962 
12.01 	 0.03332191149 
12.02 	 0.01104765903 
12.03 	 -0.04002622245 
12.04 	 -0.08119536876 
12.05 	 -0.08832105846 
12.06 	 -0.07091155557 
12.07 	 -0.06406956126 
12.08 	 -0.02888861553 
12.09 	 -0.04526162325 
12.1 	 -0.04949199936 
12.11 	 -0.0493292907 
12.12 	 -0.04004727471 
12.13 	 -0.03110269329 
12.14 	 -0.02634879672 
12.15 	 -0.01638013959 
12.16 	 -0.023615613 
12.17 	 -0.03642577587 
12.18 	 -0.03200279022 
12.19 	 -0.04930303914 
12.2 	 -0.07239009915 
12.21 	 -0.1011208914 
12.22 	 -0.1066140009 
12.23 	 -0.0985703895 
12.24 	 -0.1004917761 
12.25 	 -0.09347895045 
12.26 	 -0.08718216651 
12.27 	 -0.06442037667 
12.28 	 -0.03127112118 
12.29 	 0.01223226558 
12.3 	 0.03242996667 
12.31 	 0.02664623592 
12.32 	 0.00449140059 
12.33 	 -0.01867452201 
12.34 	 -0.06640077042 
12.35 	 -0.07809111198 
12.36 	 -0.06211634121 
12.37 	 -0.03637797174 
12.38 	 0.007560857376 
12.39 	 0.01292756895 
12.4 	 0.01137466557 
12.41 	 0.01194434208 
12.42 	 0.02846035017 
12.43 	 0.04240124307 
12.44 	 0.02924284482 
12.45 	 0.04419167598 
12.46 	 0.01269461088 
12.47 	 0.006536244078 
12.48 	 0.01522017576 
12.49 	 0.01282326903 
12.5 	 0.03180201876 
12.51 	 0.01617034293 
12.52 	 0.01593911142 
12.53 	 0.01246163319 
12.54 	 0.03057310044 
12.55 	 0.03736273878 
12.56 	 0.05428984473 
12.57 	 0.07121440989 
12.58 	 0.07447486149 
12.59 	 0.07246552824 
12.6 	 0.05634354861 
12.61 	 0.06324957279 
12.62 	 0.05267666871 
12.63 	 0.05142834621 
12.64 	 0.056363355 
12.65 	 0.06991909749 
12.66 	 0.05740536339 
12.67 	 0.06536112624 
12.68 	 0.04233523158 
12.69 	 0.02353484727 
12.7 	 0.02351457 
12.71 	 0.009634776723 
12.72 	 -0.01062831096 
12.73 	 -0.02913352218 
12.74 	 -0.04361885046 
12.75 	 -0.06748093971 
12.76 	 -0.06539692293 
12.77 	 -0.05431759722 
12.78 	 -0.05974030035 
12.79 	 -0.06221138049 
12.8 	 -0.07530929028 
12.81 	 -0.109288305 
12.82 	 -0.1242099036 
12.83 	 -0.1140164307 
12.84 	 -0.08194897296 
12.85 	 -0.07291324683 
12.86 	 -0.04907408355 
12.87 	 -0.02386623888 
12.88 	 -0.03231233496 
12.89 	 -0.01169276463 
12.9 	 -0.01569029058 
12.91 	 -0.03011102982 
12.92 	 -0.01094441859 
12.93 	 -0.03742072569 
12.94 	 -0.01966507695 
12.95 	 -0.01003197087 
12.96 	 0.02254131009 
12.97 	 0.01778142942 
12.98 	 -0.0137268387 
12.99 	 -0.0233130726 
13.0 	 -0.04685996655 
13.01 	 -0.03468326481 
13.02 	 -0.03452896332 
13.03 	 -0.01119709476 
13.04 	 0.02031375339 
13.05 	 0.07252612461 
13.06 	 0.08700803901 
13.07 	 0.08163654408 
13.08 	 0.08180447166 
13.09 	 0.0862407891 
13.1 	 0.08068060863 
13.11 	 0.05749452648 
13.12 	 0.06808162563 
13.13 	 0.06158484522 
13.14 	 0.06956029674 
13.15 	 0.06217844832 
13.16 	 0.0690367959 
13.17 	 0.07659965844 
13.18 	 0.06457264749 
13.19 	 0.06652224765 
13.2 	 0.03921523956 
13.21 	 0.02954108844 
13.22 	 0.02327061492 
13.23 	 -0.00991974447 
13.24 	 -0.01563294132 
13.25 	 -0.04750526835 
13.26 	 -0.06124399677 
13.27 	 -0.06048438885 
13.28 	 -0.04304986065 
13.29 	 -0.02971499031 
13.3 	 -0.01908561987 
13.31 	 -0.008794632627 
13.32 	 -0.02797325424 
13.33 	 -0.0181413387 
13.34 	 -0.03184613433 
13.35 	 -0.03872285604 
13.36 	 -0.04112127351 
13.37 	 -0.03925767762 
13.38 	 -0.05569093836 
13.39 	 -0.04621062303 
13.4 	 -0.02410708419 
13.41 	 -0.02607313572 
13.42 	 -0.04298529123 
13.43 	 -0.05269939848 
13.44 	 -0.05493779523 
13.45 	 -0.03284578314 
13.46 	 0.00380507337 
13.47 	 0.02780994717 
13.48 	 0.05275012599 
13.49 	 0.04816859112 
13.5 	 0.05001766821 
13.51 	 0.02962846611 
13.52 	 0.03975109119 
13.53 	 0.03398423364 
13.54 	 0.009281727576 
13.55 	 0.03399280758 
13.56 	 0.00701376741 
13.57 	 0.03127244553 
13.58 	 0.03821615973 
13.59 	 0.03225085569 
13.6 	 0.04643041608 
13.61 	 0.02279463372 
13.62 	 0.03948606423 
13.63 	 0.03968397117 
13.64 	 0.0299152026 
13.65 	 0.01423118061 
13.66 	 0.0283149954 
13.67 	 0.02583540999 
13.68 	 0.005312437749 
13.69 	 -0.02132502705 
13.7 	 0.01108604556 
13.71 	 0.0340914177 
13.72 	 0.05271387804 
13.73 	 0.06433766856 
13.74 	 0.0611465148 
13.75 	 0.05394918267 
13.76 	 0.02682663201 
13.77 	 0.0343282311 
13.78 	 0.02817350577 
13.79 	 0.04766077647 
13.8 	 0.005747808492 
13.81 	 -0.003053647971 
13.82 	 -0.01761746508 
13.83 	 -0.05872723146 
13.84 	 -0.04781807982 
13.85 	 -0.03254943285 
13.86 	 -0.03877481961 
13.87 	 -0.05382478206 
13.88 	 -0.06692947056 
13.89 	 -0.07635216195 
13.9 	 -0.1044145989 
13.91 	 -0.09514721943 
13.92 	 -0.0998684487 
13.93 	 -0.08345056023 
13.94 	 -0.06701989914 
13.95 	 -0.08050314573 
13.96 	 -0.06838533342 
13.97 	 -0.08218691451 
13.98 	 -0.06176780172 
13.99 	 -0.03667887387 
14.0 	 -0.03411714933 
14.01 	 -0.007531233138 
14.02 	 0.00784367379 
14.03 	 -0.01528066422 
14.04 	 0.001562433795 
14.05 	 -0.009466541109 
14.06 	 0.01008200187 
14.07 	 -0.005076083457 
14.08 	 -0.01282640823 
14.09 	 -0.02308890429 
14.1 	 -0.0488576259 
14.11 	 -0.03532451508 
14.12 	 -0.04527271836 
14.13 	 -0.04179423951 
14.14 	 -0.03402360117 
14.15 	 -0.0003195570222 
14.16 	 0.02498025267 
14.17 	 0.04243334139 
14.18 	 0.05127463332 
14.19 	 0.05765113332 
14.2 	 0.06568434612 
14.21 	 0.06945781167 
14.22 	 0.08306127981 
14.23 	 0.07860994326 
14.24 	 0.04419194085 
14.25 	 0.01711272096 
14.26 	 0.02636243262 
14.27 	 0.03288404214 
14.28 	 0.02763234693 
14.29 	 0.03553023078 
14.3 	 0.007247498508 
14.31 	 0.0002380799691 
14.32 	 0.005808986595 
14.33 	 0.00690571026 
14.34 	 -0.009221437278 
14.35 	 -0.00986010948 
14.36 	 -0.007287203502 
14.37 	 0.005464216107 
14.38 	 0.03344765607 
14.39 	 0.05609732742 
14.4 	 0.05655157947 
14.41 	 0.03199834629 
14.42 	 0.03135129831 
14.43 	 0.02948781033 
14.44 	 0.03684886155 
14.45 	 0.04019583735 
14.46 	 0.05623556994 
14.47 	 0.048254409 
14.48 	 0.01143245628 
14.49 	 0.008216143794 
14.5 	 0.009387043812 
14.51 	 -0.004802821002 
14.52 	 -0.0303260454 
14.53 	 -0.04136834817 
14.54 	 -0.03686422401 
14.55 	 -0.03753259893 
14.56 	 -0.02239408161 
14.57 	 -0.0006614781957 
14.58 	 -0.01936113372 
14.59 	 -0.04996600875 
14.6 	 -0.03851064612 
14.61 	 -0.05032043424 
14.62 	 -0.05387940414 
14.63 	 -0.02848357044 
14.64 	 -0.01440354231 
14.65 	 -0.02380607415 
14.66 	 -0.0008111723211 
14.67 	 0.004579395309 
14.68 	 -0.008026742124 
14.69 	 -0.01355397669 
14.7 	 -0.02708317332 
14.71 	 -0.02784031893 
14.72 	 -0.03305069442 
14.73 	 -0.007971699195 
14.74 	 0.02154471219 
14.75 	 0.01892183211 
14.76 	 0.01619767359 
14.77 	 0.02969026911 
14.78 	 0.01891708407 
14.79 	 0.0332559 
14.8 	 0.006155834841 
14.81 	 -0.025351002 
14.82 	 -0.02218349034 
14.83 	 -0.03134533383 
14.84 	 -0.01469434014 
14.85 	 -0.004627388772 
14.86 	 0.004104012519 
14.87 	 0.01243817748 
14.88 	 0.0315135459 
14.89 	 0.04120913187 
14.9 	 0.04162852899 
14.91 	 0.03869084601 
14.92 	 0.04368168351 
14.93 	 0.0685077426 
14.94 	 0.04359434508 
14.95 	 0.02418517179 
14.96 	 0.03660637797 
14.97 	 0.02979201843 
14.98 	 0.0116125875 
14.99 	 0.009703648809 
15.0 	 -0.01120002795 
15.01 	 -0.000274710411 
15.02 	 0.00901824471 
15.03 	 -0.002295458577 
15.04 	 -0.005272554213 
15.05 	 -0.01988777376 
15.06 	 -0.03264453099 
15.07 	 -0.0107966898 
15.08 	 0.01060455114 
15.09 	 -0.0004297697235 
15.1 	 0.01744685937 
15.11 	 0.01323248337 
15.12 	 0.01932716169 
15.13 	 -0.006850446606 
15.14 	 0.01282527027 
15.15 	 0.009051266151 
15.16 	 0.006829858359 
15.17 	 -0.0002150800317 
15.18 	 -0.02244521133 
15.19 	 -0.0180076284 
15.2 	 -0.02635578144 
15.21 	 -0.02842313103 
15.22 	 -0.04578508485 
15.23 	 -0.03222215163 
15.24 	 -0.0421687755 
15.25 	 -0.01761260913 
15.26 	 -0.02049846588 
15.27 	 -0.03409017183 
15.28 	 -0.003966189867 
15.29 	 -0.02764512936 
15.3 	 -0.01367578746 
15.31 	 -0.02242819098 
15.32 	 -0.02191666815 
15.33 	 -0.01855172043 
15.34 	 0.003775402044 
15.35 	 -0.01282621203 
15.36 	 -0.03554047242 
15.37 	 -0.01696667949 
15.38 	 -0.02619218988 
15.39 	 -0.01129697037 
15.4 	 7.694017335e-05 
15.41 	 0.01260658575 
15.42 	 -0.0009000396396 
15.43 	 -0.004174374744 
15.44 	 -0.01655714142 
15.45 	 -0.0332403021 
15.46 	 -0.02755190493 
15.47 	 0.001177502148 
15.48 	 0.008161619814 
15.49 	 0.0346844322 
15.5 	 0.037697868 
15.51 	 0.04658015592 
15.52 	 0.05254146729 
15.53 	 0.04624341786 
15.54 	 0.05819396967 
15.55 	 0.07078644864 
15.56 	 0.0721533348 
15.57 	 0.07183571643 
15.58 	 0.08084223819 
15.59 	 0.05626026171 
15.6 	 0.05393571354 
15.61 	 0.02386677843 
15.62 	 0.02526032817 
15.63 	 0.02011863249 
15.64 	 -0.002056233879 
15.65 	 -0.01001452869 
15.66 	 -0.03063190158 
15.67 	 -0.03429241479 
15.68 	 -0.04221445086 
15.69 	 -0.04371935391 
15.7 	 -0.0525618819 
15.71 	 -0.02170966734 
15.72 	 -0.02623421592 
15.73 	 -0.0400932738 
15.74 	 -0.02064079917 
15.75 	 -0.01992529701 
15.76 	 -0.01563061635 
15.77 	 -0.02455995303 
15.78 	 -0.01807675947 
15.79 	 -0.01752008121 
15.8 	 -0.0246076983 
15.81 	 -0.03022909317 
15.82 	 -0.04756703211 
15.83 	 -0.05926589856 
15.84 	 -0.06230808747 
15.85 	 -0.04257033804 
15.86 	 -0.04748837553 
15.87 	 -0.04681092636 
15.88 	 -0.02414147805 
15.89 	 -0.005175674577 
15.9 	 -0.003883999725 
15.91 	 0.00134140959 
15.92 	 0.01003171581 
15.93 	 0.006481203111 
15.94 	 -0.00060293241 
15.95 	 0.002964937122 
15.96 	 -0.00159063264 
15.97 	 0.01039907088 
15.98 	 0.0006223477734 
15.99 	 -0.009389309922 
16.0 	 0.01791769032 
16.01 	 0.0322035813 
16.02 	 0.04077670707 
16.03 	 0.03363772482 
16.04 	 0.02709204156 
16.05 	 0.01786732578 
16.06 	 0.01740905163 
16.07 	 -0.01501612776 
16.08 	 -0.0008525948499 
16.09 	 0.009329979042 
16.1 	 0.001518147531 
16.11 	 -0.008445258306 
16.12 	 -0.02116942083 
16.13 	 -0.02106388485 
16.14 	 -0.01140854931 
16.15 	 0.00815090337 
16.16 	 -0.001900222506 
16.17 	 0.01514652228 
16.18 	 0.02890971684 
16.19 	 0.03767708061 
16.2 	 0.02238694974 
16.21 	 0.01195007112 
16.22 	 0.0199126323 
16.23 	 0.007641576018 
16.24 	 -0.01138438728 
16.25 	 0.02516347404 
16.26 	 0.01610633268 
16.27 	 -0.005579757306 
16.28 	 0.01393305471 
16.29 	 0.005634011511 
16.3 	 0.002196768015 
16.31 	 0.002259289107 
16.32 	 0.02896836102 
16.33 	 0.01291164732 
16.34 	 0.04145082084 
16.35 	 0.05201677944 
16.36 	 0.03165463332 
16.37 	 0.02172010518 
16.38 	 0.02316991527 
16.39 	 0.00682909416 
16.4 	 -0.02308973814 
16.41 	 -0.0005313229416 
16.42 	 -0.0009075669507 
16.43 	 0.005219684199 
16.44 	 0.000996409548 
16.45 	 -0.002199714939 
16.46 	 -0.01414342035 
16.47 	 -0.02078097426 
16.48 	 -0.04355468325 
16.49 	 -0.05709884013 
16.5 	 -0.03544562934 
16.51 	 -0.02205446922 
16.52 	 -0.02464179786 
16.53 	 -0.006651417402 
16.54 	 -0.01179280701 
16.55 	 -0.01720963395 
16.56 	 -0.01838984562 
16.57 	 -9.503344305e-05 
16.58 	 0.03432693618 
16.59 	 0.04231345338 
16.6 	 0.05081303358 
16.61 	 0.06324358869 
16.62 	 0.04633827075 
16.63 	 0.02842550505 
16.64 	 0.01258483698 
16.65 	 -0.003107794266 
16.66 	 -0.01597985235 
16.67 	 -0.0235623447 
16.68 	 -0.02015514531 
16.69 	 -0.008708769621 
16.7 	 0.01200489921 
16.71 	 0.03797761977 
16.72 	 0.004955538177 
16.73 	 -0.0108957708 
16.74 	 -0.003465560061 
16.75 	 -0.05581980252 
16.76 	 -0.05391741789 
16.77 	 -0.08397217755 
16.78 	 -0.07521106275 
16.79 	 -0.04243651002 
16.8 	 -0.02834143335 
16.81 	 -0.02558201769 
16.82 	 -0.02176222932 
16.83 	 -0.00984885741 
16.84 	 -0.03316458852 
16.85 	 -0.0207130302 
16.86 	 -0.0298484946 
16.87 	 -0.04145214519 
16.88 	 -0.02894308065 
16.89 	 -0.01099300752 
16.9 	 -0.01050388092 
16.91 	 -0.009471459843 
16.92 	 0.008898175215 
16.93 	 0.006040425096 
16.94 	 0.02054052135 
16.95 	 0.02250693585 
16.96 	 0.01523389995 
16.97 	 -0.0008619396597 
16.98 	 0.0009316085139 
16.99 	 -0.005859968184 
17.0 	 -0.01608434847 
17.01 	 -0.009254946276 
17.02 	 -0.01752695802 
17.03 	 -0.01212897609 
17.04 	 -0.01031650011 
17.05 	 -0.005763087567 
17.06 	 -0.01464337719 
17.07 	 -0.03361626054 
17.08 	 0.007775720901 
17.09 	 0.02051248437 
17.1 	 0.01257395769 
17.11 	 0.02054290518 
17.12 	 0.02220745617 
17.13 	 0.02802948516 
17.14 	 0.02759186106 
17.15 	 -0.0007909109433 
17.16 	 0.01510412346 
17.17 	 0.01219440879 
17.18 	 0.01841392917 
17.19 	 0.05129622513 
17.2 	 0.04669538418 
17.21 	 0.04008654414 
17.22 	 0.04341954069 
17.23 	 0.05912831331 
17.24 	 0.06043448538 
17.25 	 0.0748458855 
17.26 	 0.05546832003 
17.27 	 0.05031471501 
17.28 	 0.006661220535 
17.29 	 -0.01115268489 
17.3 	 -0.006510550707 
17.31 	 -0.004027473918 
17.32 	 0.02478902634 
17.33 	 0.006903765918 
17.34 	 0.006737442273 
17.35 	 0.02146214142 
17.36 	 0.01085317578 
17.37 	 0.001162017063 
17.38 	 -0.002875324734 
17.39 	 -0.02120943582 
17.4 	 -0.04098236391 
17.41 	 -0.02707929837 
17.42 	 -0.02239189398 
17.43 	 -0.04103441577 
17.44 	 -0.06011961381 
17.45 	 -0.05914739376 
17.46 	 -0.03940410168 
17.47 	 -0.02257177995 
17.48 	 -0.01300396923 
17.49 	 0.005175938466 
17.5 	 0.02754797112 
17.51 	 0.03849834438 
17.52 	 0.02936019204 
17.53 	 0.03938787594 
17.54 	 0.06081216057 
17.55 	 0.05264849439 
17.56 	 0.04387784427 
17.57 	 0.04270612806 
17.58 	 0.05835116511 
17.59 	 0.04407317118 
17.6 	 0.03333221199 
17.61 	 0.02099231109 
17.62 	 -0.01671047172 
17.63 	 -0.001004383116 
17.64 	 0.00359832762 
17.65 	 -0.007983655623 
17.66 	 -0.01394060841 
17.67 	 -0.000704095092 
17.68 	 -0.01719778347 
17.69 	 -0.01361141424 
17.7 	 -0.02626369497 
17.71 	 -0.03989853549 
17.72 	 -0.03018623328 
17.73 	 -0.02768865633 
17.74 	 -0.03030504219 
17.75 	 -0.003779758665 
17.76 	 0.01294808166 
17.77 	 0.02336738076 
17.78 	 0.01926530964 
17.79 	 0.009039994461 
17.8 	 0.0309851793 
17.81 	 0.01054577943 
17.82 	 0.02255637825 
17.83 	 0.02746085832 
17.84 	 0.01477282014 
17.85 	 0.002875689666 
17.86 	 -0.006686223282 
17.87 	 -0.04171137444 
17.88 	 -0.06746782374 
17.89 	 -0.05812282755 
17.9 	 -0.0436649967 
17.91 	 -0.04978443546 
17.92 	 -0.0616575177 
17.93 	 -0.04892508927 
17.94 	 -0.05255573103 
17.95 	 -0.06061799124 
17.96 	 -0.05482556883 
17.97 	 -0.05149454409 
17.98 	 -0.04219640046 
17.99 	 -0.03860360568 
18.0 	 -0.04531918833 
18.01 	 -0.0280314864 
18.02 	 -0.01422594207 
18.03 	 -0.02330872677 
18.04 	 0.0007482945375 
18.05 	 0.02240921844 
18.06 	 0.01226669868 
18.07 	 0.02177845506 
18.08 	 0.02046358152 
18.09 	 0.007070167062 
18.1 	 0.01608519213 
18.11 	 0.0278644221 
18.12 	 0.02931173064 
18.13 	 0.03211692957 
18.14 	 0.04154655663 
18.15 	 0.05114194326 
18.16 	 0.05252437827 
18.17 	 0.04021953831 
18.18 	 0.03255353343 
18.19 	 0.04403705076 
18.2 	 0.03164396985 
18.21 	 0.03670606719 
18.22 	 0.02515503744 
18.23 	 0.02146759578 
18.24 	 0.0199897389 
18.25 	 0.0136902474 
18.26 	 0.01987993557 
18.27 	 0.01230641937 
18.28 	 0.01726346142 
18.29 	 0.01516344453 
18.3 	 0.01258802523 
18.31 	 0.01436469471 
18.32 	 0.01731929994 
18.33 	 0.008096885586 
18.34 	 0.01881947457 
18.35 	 0.03235247748 
18.36 	 0.01292106492 
18.37 	 0.008138283786 
18.38 	 -0.00179319933 
18.39 	 -0.005040123921 
18.4 	 -0.01172073294 
18.41 	 -0.01585827702 
18.42 	 0.009057060918 
18.43 	 -0.01918066896 
18.44 	 -0.04363006329 
18.45 	 -0.04069473471 
18.46 	 -0.04131941589 
18.47 	 -0.03289915935 
18.48 	 -0.05947269336 
18.49 	 -0.08246392929 
18.5 	 -0.08006825862 
18.51 	 -0.06390628362 
18.52 	 -0.07256470734 
18.53 	 -0.05961422223 
18.54 	 -0.0581619204 
18.55 	 -0.06624411453 
18.56 	 -0.04897784745 
18.57 	 -0.05592289581 
18.58 	 -0.04686877593 
18.59 	 -0.02726783676 
18.6 	 -0.01281899187 
18.61 	 -0.024258168 
18.62 	 -0.01219420278 
18.63 	 0.009454000986 
18.64 	 0.01285321896 
18.65 	 0.02057443452 
18.66 	 0.03270109545 
18.67 	 0.03049941753 
18.68 	 0.04659189849 
18.69 	 0.05139095049 
18.7 	 0.04327197867 
18.71 	 0.05410574046 
18.72 	 0.05905480698 
18.73 	 0.04000932963 
18.74 	 0.02980489896 
18.75 	 0.02280925062 
18.76 	 0.02306849949 
18.77 	 0.02745614952 
18.78 	 0.03825369279 
18.79 	 0.03458187846 
18.8 	 0.03981607263 
18.81 	 0.05999025915 
18.82 	 0.06002545743 
18.83 	 0.05592554451 
18.84 	 0.04482049698 
18.85 	 0.04586068071 
18.86 	 0.02474934489 
18.87 	 0.01364638689 
18.88 	 0.005865643269 
18.89 	 -0.00316494144 
18.9 	 -0.007894183518 
18.91 	 -0.01354522617 
18.92 	 0.0006084994869 
18.93 	 0.0291264786 
18.94 	 0.003814747011 
18.95 	 0.01364333598 
18.96 	 -0.0003826236483 
18.97 	 -0.003196247112 
18.98 	 -0.01200215241 
18.99 	 -0.03604814973 
19.0 	 -0.01893362373 
19.01 	 -0.02149559352 
19.02 	 -0.008384132196 
19.03 	 -0.009506641446 
19.04 	 -0.01770664779 
19.05 	 -0.01936236978 
19.06 	 -0.01898236962 
19.07 	 -0.03412954917 
19.08 	 -0.02646848853 
19.09 	 -0.04586437908 
19.1 	 -0.02677299093 
19.11 	 -0.009515865789 
19.12 	 -0.01728714276 
19.13 	 -0.01749999033 
19.14 	 -0.04873416705 
19.15 	 -0.03339152325 
19.16 	 -0.02106377694 
19.17 	 -0.03401986356 
19.18 	 -0.01321576713 
19.19 	 -0.004169035161 
19.2 	 -0.01603834938 
19.21 	 -0.01023366447 
19.22 	 -0.003127568283 
19.23 	 -0.009117402228 
19.24 	 0.002209647564 
19.25 	 -0.00218193039 
19.26 	 -0.01122474915 
19.27 	 -0.007132932423 
19.28 	 0.007012579419 
19.29 	 0.01068437511 
19.3 	 0.01395483291 
19.31 	 0.01321123491 
19.32 	 0.02100743811 
19.33 	 0.01835256762 
19.34 	 0.02539762893 
19.35 	 0.01100916459 
19.36 	 0.01748523609 
19.37 	 0.01743189912 
19.38 	 0.003911844429 
19.39 	 0.00981547398 
19.4 	 -0.002543760468 
19.41 	 0.008301770379 
19.42 	 -0.005801176854 
19.43 	 -0.006673658634 
19.44 	 -0.005084159049 
19.45 	 -0.005496274206 
19.46 	 -0.008235709839 
19.47 	 -0.008422948404 
19.48 	 -0.003384026208 
19.49 	 0.004184616384 
19.5 	 -0.001995094035 
19.51 	 0.01122215931 
19.52 	 0.01421052075 
19.53 	 0.01252490769 
19.54 	 0.009434224026 
19.55 	 -0.0004733369145 
19.56 	 0.007057909467 
19.57 	 -0.0064956915 
19.58 	 0.002626790346 
19.59 	 -4.735930536e-05 
19.6 	 -0.01374834222 
19.61 	 -0.001842927201 
19.62 	 -0.006108026787 
19.63 	 -0.008115432372 
19.64 	 -0.008136319824 
19.65 	 -0.0006757830396 
19.66 	 -0.01265829426 
19.67 	 -0.0558678519 
19.68 	 -0.03171360123 
19.69 	 -0.01848668013 
19.7 	 -0.006779807739 
19.71 	 0.007799530752 
19.72 	 -0.0004074814035 
19.73 	 -0.003503508084 
19.74 	 -0.02207645343 
19.75 	 -0.003847260294 
19.76 	 0.0006522696468 
19.77 	 -0.01090289286 
19.78 	 0.01693613115 
19.79 	 0.02204315829 
19.8 	 0.01319831514 
19.81 	 0.02690389557 
19.82 	 0.01097002269 
19.83 	 0.01245422664 
19.84 	 -0.01338350832 
19.85 	 -0.01035410184 
19.86 	 0.001102503717 
19.87 	 0.001825274106 
19.88 	 0.004810698432 
19.89 	 0.007329699441 
19.9 	 0.03446240247 
19.91 	 0.02175052599 
19.92 	 0.01558359702 
19.93 	 0.00996842169 
19.94 	 0.03213751095 
19.95 	 0.03358455462 
19.96 	 0.0192009168 
19.97 	 0.02314420326 
19.98 	 0.01575081828 
19.99 	 -0.00017728632 
20.0 	 0.01773899136 
20.01 	 -0.001344423222 
20.02 	 -0.01248981732 
20.03 	 -0.01066559877 
20.04 	 -0.02316856149 
20.05 	 -0.0113784228 
20.06 	 -0.007152828084 
20.07 	 0.01159978545 
20.08 	 0.008901411534 
20.09 	 0.0067138659 
20.1 	 -0.001545592968 
20.11 	 -0.006591794184 
20.12 	 -0.01639196064 
20.13 	 -0.0008155083411 
20.14 	 -0.005060256984 
20.15 	 -0.01288495431 
20.16 	 -0.008842045338 
20.17 	 -0.004355632152 
20.18 	 -0.004693316877 
20.19 	 -0.002353128624 
20.2 	 0.004506786594 
20.21 	 -0.008080703991 
20.22 	 0.007115451003 
20.23 	 0.0008495533575 
20.24 	 0.01584636768 
20.25 	 0.001878621867 
20.26 	 0.0004731007878 
20.27 	 0.01662998067 
20.28 	 0.011195172 
20.29 	 0.01481981004 
20.3 	 0.01490602032 
20.31 	 0.00932857425 
20.32 	 -0.0005395152726 
20.33 	 0.01004146695 
20.34 	 0.004187596662 
20.35 	 0.006709218903 
20.36 	 -0.001188528588 
20.37 	 0.003549125565 
20.38 	 0.01035361134 
20.39 	 -0.01070828208 
20.4 	 -0.01029649752 
20.41 	 0.001008514107 
20.42 	 0.00695648682 
20.43 	 0.006725832138 
20.44 	 0.008051864553 
20.45 	 0.01194949233 
20.46 	 0.01857887451 
20.47 	 0.02407250394 
20.48 	 0.007482294972 
20.49 	 -0.002887501887 
20.5 	 -0.0117334467 
20.51 	 -0.006142124385 
20.52 	 -0.001101445218 
20.53 	 0.003516874209 
20.54 	 0.001958039703 
20.55 	 -0.009730190745 
20.56 	 -0.001964821356 
20.57 	 -0.01615375422 
20.58 	 -0.01731960405 
20.59 	 -0.008712608274 
20.6 	 -0.02165837085 
20.61 	 -0.01451032416 
20.62 	 -0.01708300647 
20.63 	 -0.01789682445 
20.64 	 -0.01164680478 
20.65 	 -0.02307322791 
20.66 	 -0.02692311336 
20.67 	 -0.009721813005 
20.68 	 -0.00646926336 
20.69 	 -0.009040844007 
20.7 	 0.01008530784 
20.71 	 -0.002489565123 
20.72 	 -0.002314283967 
20.73 	 0.003833060319 
20.74 	 0.009488044629 
20.75 	 0.00600180705 
20.76 	 -0.003383067771 
20.77 	 -0.01078506495 
20.78 	 -0.004255773219 
20.79 	 -0.0190711305 
20.8 	 -0.0119252322 
20.81 	 0.001127582982 
20.82 	 0.002771915562 
20.83 	 0.004794836643 
20.84 	 -0.006592117914 
20.85 	 0.009736732053 
20.86 	 -0.006484028391 
20.87 	 0.00644924115 
20.88 	 0.0113724387 
20.89 	 0.009683510841 
20.9 	 0.008599657896 
20.91 	 0.005731582752 
20.92 	 0.01071231399 
20.93 	 0.02777774094 
20.94 	 0.0170054388 
20.95 	 0.004480652754 
20.96 	 0.01794947472 
20.97 	 0.01662258393 
20.98 	 0.01019452257 
20.99 	 -0.007091319384 
21.0 	 -0.03113499762 
21.01 	 -0.0300863871 
21.02 	 -0.008649962595 
21.03 	 -0.002774151261 
21.04 	 -0.0004634002674 
21.05 	 0.0134952246 
21.06 	 0.01197048573 
21.07 	 0.00723981924 
21.08 	 0.02632894128 
21.09 	 0.02802062673 
21.1 	 0.01905796548 
21.11 	 0.001390083867 
21.12 	 -0.007371158463 
21.13 	 -0.0001298063124 
21.14 	 -0.003780170685 
21.15 	 -0.01360125108 
21.16 	 -0.009524795832 
21.17 	 -0.02900810133 
21.18 	 -0.03660654474 
21.19 	 -0.03233093472 
21.2 	 -0.0478931067 
21.21 	 -0.03508118784 
21.22 	 -0.03066400971 
21.23 	 -0.01671456249 
21.24 	 -0.002493411624 
21.25 	 0.004189393854 
21.26 	 0.02007496818 
21.27 	 0.01312206201 
21.28 	 0.01986283674 
21.29 	 0.01092650553 
21.3 	 0.01211960754 
21.31 	 0.00862056693 
21.32 	 -0.008413055019 
21.33 	 -0.00953929305 
21.34 	 -0.02407087548 
21.35 	 -0.00921015774 
21.36 	 0.007438944582 
21.37 	 0.02072907936 
21.38 	 0.02835926793 
21.39 	 0.01962342369 
21.4 	 0.01592853624 
21.41 	 0.01210498083 
21.42 	 0.02108117007 
21.43 	 0.02278612845 
21.44 	 0.01795538034 
21.45 	 0.02531236041 
21.46 	 0.0209824128 
21.47 	 0.008301926358 
21.48 	 0.005869647711 
21.49 	 -0.01037038644 
21.5 	 -0.02060488476 
21.51 	 -0.01780600347 
21.52 	 -0.007357768794 
21.53 	 0.001017771804 
21.54 	 0.008007251616 
21.55 	 0.01831067892 
21.56 	 0.01800149715 
21.57 	 0.01522509057 
21.58 	 0.01461011148 
21.59 	 0.009366018039 
21.6 	 0.001300909005 
21.61 	 -0.00212565042 
21.62 	 -0.009596598165 
21.63 	 -0.01088985537 
21.64 	 -0.01445594733 
21.65 	 -0.01211494779 
21.66 	 -0.005792277222 
21.67 	 -0.004749948045 
21.68 	 0.006144131511 
21.69 	 0.003077675604 
21.7 	 0.00133908462 
21.71 	 -0.001116680148 
21.72 	 -0.009131594355 
21.73 	 -0.006985052559 
21.74 	 -0.008186353767 
21.75 	 0.003517119459 
21.76 	 0.005816168496 
21.77 	 0.001890335988 
21.78 	 0.005136030405 
21.79 	 0.004595240421 
21.8 	 0.00569169333 
21.81 	 0.003620964195 
21.82 	 -0.003225669264 
21.83 	 -0.006792036885 
21.84 	 -0.008849978685 
21.85 	 -0.01415939103 
21.86 	 -0.0008514792567 
21.87 	 0.008961290793 
21.88 	 0.01176469155 
21.89 	 0.01361946825 
21.9 	 0.01293141447 
21.91 	 0.02838931596 
21.92 	 0.01844960814 
21.93 	 0.01483464276 
21.94 	 0.01059255351 
21.95 	 0.01077074235 
21.96 	 0.01275607053 
21.97 	 0.00993346866 
21.98 	 0.008070532983 
21.99 	 0.006509710971 
22.0 	 0.007850935152 
22.01 	 0.004830028056 
22.02 	 -0.003883094262 
22.03 	 -0.0006037467381 
22.04 	 0.001944677502 
22.05 	 -0.01465575741 
22.06 	 -0.02200955904 
22.07 	 -0.02323738845 
22.08 	 -0.0244495611 
22.09 	 -0.01719726354 
22.1 	 -0.02405942721 
22.11 	 -0.033457986 
22.12 	 -0.03844662606 
22.13 	 -0.04668582924 
22.14 	 -0.04563714024 
22.15 	 -0.05127955794 
22.16 	 -0.04827602043 
22.17 	 -0.05542658829 
22.18 	 -0.05673110247 
22.19 	 -0.05872870296 
22.2 	 -0.05178474351 
22.21 	 -0.04341227148 
22.22 	 -0.04030570935 
22.23 	 -0.04302583596 
22.24 	 -0.04476673818 
22.25 	 -0.04740110577 
22.26 	 -0.03765033855 
22.27 	 -0.02012713776 
22.28 	 -0.01648213416 
22.29 	 -0.009631474677 
22.3 	 -0.00266690736 
22.31 	 -0.005342406318 
22.32 	 -0.0008447123187 
22.33 	 0.01092387645 
22.34 	 0.01879025058 
22.35 	 0.03311958024 
22.36 	 0.02639361861 
22.37 	 0.03529968597 
22.38 	 0.04194928656 
22.39 	 0.04086853848 
22.4 	 0.04382479179 
22.41 	 0.04664418579 
22.42 	 0.05485144761 
22.43 	 0.05267407887 
22.44 	 0.06258559275 
22.45 	 0.07236725166 
22.46 	 0.06870713085 
22.47 	 0.0707426568 
22.48 	 0.0641467071 
22.49 	 0.05309468262 
22.5 	 0.04201431705 
22.51 	 0.02437357284 
22.52 	 0.02383381683 
22.53 	 0.02042933481 
22.54 	 0.02397777858 
22.55 	 0.0327169386 
22.56 	 0.01751432274 
22.57 	 0.02768422221 
22.58 	 0.01287599778 
22.59 	 0.0003781073205 
22.6 	 -0.01181238777 
22.61 	 -0.01195763463 
22.62 	 -0.002311700994 
22.63 	 -0.04244409315 
22.64 	 -0.04389214725 
22.65 	 -0.03264132312 
22.66 	 -0.02347580088 
22.67 	 -0.03281275287 
22.68 	 -0.0340096023 
22.69 	 -0.01959028551 
22.7 	 -0.01248156711 
22.71 	 -0.01715333436 
22.72 	 0.002272096062 
22.73 	 0.004109276565 
22.74 	 -0.01324231299 
22.75 	 -0.01414519596 
22.76 	 -0.01325231919 
22.77 	 0.01302363828 
22.78 	 0.01447212402 
22.79 	 0.01106853471 
22.8 	 0.0004920065217 
22.81 	 -0.02048640939 
22.82 	 0.001440883971 
22.83 	 0.001403964036 
22.84 	 -0.01580536188 
22.85 	 -0.005035713345 
22.86 	 -0.02125236438 
22.87 	 -0.005129251695 
22.88 	 -0.009716254659 
22.89 	 -0.01412798922 
22.9 	 -0.009474467589 
22.91 	 -0.01288413027 
22.92 	 -0.01233552564 
22.93 	 -0.01095026535 
22.94 	 -0.004473034308 
22.95 	 -0.01057810338 
22.96 	 -0.005222758653 
22.97 	 -0.005360763771 
22.98 	 -0.002865053664 
22.99 	 -0.02480927418 
23.0 	 -0.01739301228 
23.01 	 -0.01445396571 
23.02 	 -0.01703899881 
23.03 	 -0.002000645514 
23.04 	 0.01316733516 
23.05 	 0.005867722989 
23.06 	 0.009592244487 
23.07 	 0.01811890323 
23.08 	 0.007827463746 
23.09 	 0.01011417867 
23.1 	 0.01881152847 
23.11 	 0.03135611502 
23.12 	 0.03624460479 
23.13 	 0.05511438504 
23.14 	 0.05938175466 
23.15 	 0.05431142673 
23.16 	 0.05029255422 
23.17 	 0.04201600437 
23.18 	 0.03205611738 
23.19 	 0.03317463396 
23.2 	 0.02961062172 
23.21 	 0.02333794095 
23.22 	 0.01155911319 
23.23 	 0.002424098088 
23.24 	 0.0005417122221 
23.25 	 -0.003175747155 
23.26 	 -0.005686844247 
23.27 	 -0.0157390659 
23.28 	 -0.01911363723 
23.29 	 -0.02899301355 
23.3 	 -0.03169530558 
23.31 	 -0.02484974043 
23.32 	 -0.01574816958 
23.33 	 -0.002424174606 
23.34 	 -0.007528050774 
23.35 	 -0.008148852099 
23.36 	 -0.01495739529 
23.37 	 -0.0184585941 
23.38 	 -0.01121499801 
23.39 	 -0.01058171346 
23.4 	 -0.01183530393 
23.41 	 -0.0129838293 
23.42 	 -0.01637915859 
23.43 	 -0.01464847839 
23.44 	 -0.01675161486 
23.45 	 -0.01171469979 
23.46 	 -0.00221728563 
23.47 	 -0.002306907828 
23.48 	 -0.006614653446 
23.49 	 -0.00115515693 
23.5 	 -0.00705499884 
23.51 	 -0.02267682543 
23.52 	 -0.01675708884 
23.53 	 -0.02741794938 
23.54 	 -0.02603857509 
23.55 	 -0.01592003097 
23.56 	 -0.00931118112 
23.57 	 -0.008088782526 
23.58 	 -0.00421138395 
23.59 	 -0.005491908756 
23.6 	 -0.00258782895 
23.61 	 -0.002744716356 
23.62 	 0.004517022348 
23.63 	 0.0008259520671 
23.64 	 0.002359467846 
23.65 	 0.00505223829 
23.66 	 0.0006633348363 
23.67 	 0.009406195875 
23.68 	 0.0003798693927 
23.69 	 0.0002800972782 
23.7 	 -0.01015714647 
23.71 	 -0.01840359924 
23.72 	 -0.02958069141 
23.73 	 -0.03306020031 
23.74 	 -0.02451463083 
23.75 	 -0.02055916035 
23.76 	 -0.01451858418 
23.77 	 -0.01723022514 
23.78 	 0.001728915381 
23.79 	 0.0007530887826 
23.8 	 0.002252147427 
23.81 	 0.02483275932 
23.82 	 0.02513142477 
23.83 	 0.01569653955 
23.84 	 0.01938761091 
23.85 	 0.01734272622 
23.86 	 0.01666774917 
23.87 	 0.02320759548 
23.88 	 0.02712967272 
23.89 	 0.03402953622 
23.9 	 0.02661130251 
23.91 	 0.0265652838 
23.92 	 0.03187260171 
23.93 	 0.02391237531 
23.94 	 0.02454730794 
23.95 	 0.01975790898 
23.96 	 0.02315467053 
23.97 	 0.01918063953 
23.98 	 0.01543628025 
23.99 	 0.01081557405 
24.0 	 0.01249757703 
24.01 	 0.006112959255 
24.02 	 0.0005815059966 
24.03 	 0.003433947336 
24.04 	 -0.003356348274 
24.05 	 -0.008243172306 
24.06 	 -0.00990371493 
24.07 	 0.002585932677 
24.08 	 5.031281187e-05 
24.09 	 0.01409994243 
24.1 	 0.01079857332 
24.11 	 0.004568442444 
24.12 	 0.01003636575 
24.13 	 0.001409163336 
24.14 	 -0.0006381713034 
24.15 	 -0.007142245056 
24.16 	 -0.01611196362 
24.17 	 -0.02189785257 
24.18 	 -0.01248497118 
24.19 	 -0.00335800224 
24.2 	 -0.004906509759 
24.21 	 0.008533296189 
24.22 	 -0.007505249391 
24.23 	 -0.001326514086 
24.24 	 0.0006869541771 
24.25 	 -0.01255438674 
24.26 	 -0.02693424771 
24.27 	 -0.03199409856 
24.28 	 -0.01826437572 
24.29 	 -0.02157620229 
24.3 	 -0.01225907631 
24.31 	 -0.009030934926 
24.32 	 0.0003309422139 
24.33 	 -0.003744191529 
24.34 	 -0.001896876315 
24.35 	 0.01250981991 
24.36 	 -0.005975612388 
24.37 	 -0.003772103922 
24.38 	 -0.01594751859 
24.39 	 -0.01311481242 
24.4 	 -0.01098921105 
24.41 	 -0.01038913335 
24.42 	 0.001113104403 
24.43 	 -0.008118686349 
24.44 	 -0.0008135224047 
24.45 	 -0.003752261235 
24.46 	 -0.02800688292 
24.47 	 -0.03180259755 
24.48 	 -0.03063191139 
24.49 	 -0.03438962208 
24.5 	 -0.04064977548 
24.51 	 -0.0404263233 
24.52 	 -0.03136338423 
24.53 	 -0.01829277567 
24.54 	 -0.009365522634 
24.55 	 -0.00855065106 
24.56 	 -0.02091394881 
24.57 	 -0.01678220244 
24.58 	 -0.009398179143 
24.59 	 -0.01902343428 
24.6 	 -0.01078914591 
24.61 	 -0.01040905746 
24.62 	 -0.002499270156 
24.63 	 0.004198598577 
24.64 	 0.009062376957 
24.65 	 0.002806447743 
24.66 	 0.008228251296 
24.67 	 0.01914321438 
24.68 	 0.01488044565 
24.69 	 0.01588489155 
24.7 	 0.02467473984 
24.71 	 0.01619823276 
24.72 	 0.01342612296 
24.73 	 0.008669147031 
24.74 	 0.01159235928 
24.75 	 0.01289341053 
24.76 	 0.01283423661 
24.77 	 0.01282830156 
24.78 	 0.01538277651 
24.79 	 0.02051906688 
24.8 	 0.02421486666 
24.81 	 0.03726889632 
24.82 	 0.02971258686 
24.83 	 0.03060429624 
24.84 	 0.02279527137 
24.85 	 0.02540236716 
24.86 	 0.02929007016 
24.87 	 0.02421349326 
24.88 	 0.02314399725 
24.89 	 0.01460937573 
24.9 	 -0.0008533600299 
24.91 	 -0.002399964507 
24.92 	 0.01119659445 
24.93 	 0.01545148575 
24.94 	 0.02103806493 
24.95 	 0.02200720464 
24.96 	 0.02635282863 
24.97 	 0.01674722979 
24.98 	 0.006104917017 
24.99 	 -0.003558833541 
25.0 	 -0.01316185137 
25.01 	 -0.01476825849 
25.02 	 -0.01437239556 
25.03 	 -0.01189677339 
25.04 	 -0.01224702963 
25.05 	 -0.01199701197 
25.06 	 -0.01529373114 
25.07 	 -0.008911267641 
25.08 	 -0.005470656372 
25.09 	 -0.01401401664 
25.1 	 -0.01542548925 
25.11 	 -0.008704672965 
25.12 	 -0.001751154651 
25.13 	 -0.009143446797 
25.14 	 -0.005525657118 
25.15 	 -0.01051354377 
25.16 	 -0.0171413073 
25.17 	 0.003106508175 
25.18 	 0.003639981861 
25.19 	 0.003386935854 
25.2 	 0.007636607253 
25.21 	 0.0006021919512 
25.22 	 -0.00161550099 
25.23 	 0.005333460579 
25.24 	 0.00664963002 
25.25 	 0.003944579418 
25.26 	 0.003637914894 
25.27 	 0.01240304787 
25.28 	 0.001377695799 
25.29 	 -0.00716340915 
25.3 	 0.005454254052 
25.31 	 0.007848389457 
25.32 	 0.02029253436 
25.33 	 0.01887995322 
25.34 	 0.008045940294 
25.35 	 0.002991305421 
25.36 	 -0.001019832885 
25.37 	 0.003991675266 
25.38 	 0.003546198261 
25.39 	 0.003847378995 
25.4 	 0.001022621868 
25.41 	 0.0014003775 
25.42 	 -0.001148843214 
25.43 	 7.993961028e-08 
25.44 	 0.008585954307 
25.45 	 0.006417165393 
25.46 	 0.001444008456 
25.47 	 0.004262049657 
25.48 	 -0.001209855528 
25.49 	 -0.002240441154 
25.5 	 -0.002845260027 
25.51 	 -0.005133568095 
25.52 	 -0.004117177539 
25.53 	 -0.02368159506 
25.54 	 -0.0249127893 
25.55 	 -0.01724712777 
25.56 	 -0.01425542112 
25.57 	 -0.02293929198 
25.58 	 -0.02953699767 
25.59 	 -0.0209132523 
25.6 	 -0.02713843305 
25.61 	 -0.01576380672 
25.62 	 -0.006046969347 
25.63 	 -0.01353391524 
25.64 	 -0.002720213919 
25.65 	 -0.002686446918 
25.66 	 -0.005330123217 
25.67 	 0.0123533406 
25.68 	 0.003852947151 
25.69 	 0.004881620808 
25.7 	 0.01150561926 
25.71 	 0.004053338964 
25.72 	 0.01149397479 
25.73 	 0.0004955161473 
25.74 	 0.00589419135 
25.75 	 0.006031154646 
25.76 	 0.001401393816 
25.77 	 0.00587650392 
25.78 	 0.006287373207 
25.79 	 -0.007437884121 
25.8 	 -0.003623452011 
25.81 	 -0.007460943507 
25.82 	 0.0005006904318 
25.83 	 0.01026727353 
25.84 	 0.00658178406 
25.85 	 0.006611954715 
25.86 	 0.009044656173 
25.87 	 0.01220396373 
25.88 	 0.009036390267 
25.89 	 0.01049251113 
25.9 	 0.0009209919357 
25.91 	 0.001043569161 
25.92 	 -0.00271350486 
25.93 	 -0.003247863408 
25.94 	 -0.008768927484 
25.95 	 -0.004424862303 
25.96 	 -0.008162394804 
25.97 	 -0.001122611274 
25.98 	 -0.005585555016 
25.99 	 -0.01369204263 
26.0 	 -0.01004932476 
26.01 	 -0.007374099501 
26.02 	 0.003627562401 
26.03 	 0.005646866535 
26.04 	 0.009446582664 
26.05 	 0.006121113327 
26.06 	 -0.002462922144 
26.07 	 0.005023487142 
26.08 	 0.01309612437 
26.09 	 0.01509400935 
26.1 	 0.009090515961 
26.11 	 0.01195424037 
26.12 	 0.01213593138 
26.13 	 0.01825353567 
26.14 	 0.02043357273 
26.15 	 0.01505667249 
26.16 	 0.01363172094 
26.17 	 0.01256867991 
26.18 	 0.003298687056 
26.19 	 -0.00804813381 
26.2 	 -0.005203269126 
26.21 	 -0.01284955983 
26.22 	 -0.01233533925 
26.23 	 -0.01965287331 
26.24 	 -0.01351369683 
26.25 	 -0.00995160735 
26.26 	 -0.01372143339 
26.27 	 -0.01667120229 
26.28 	 -0.01144412037 
26.29 	 -0.001773768663 
26.3 	 -0.004626319482 
26.31 	 -0.00499612509 
26.32 	 -0.01543837959 
26.33 	 -0.02038860369 
26.34 	 -0.01733119947 
26.35 	 -0.01469948058 
26.36 	 -0.02239477812 
26.37 	 -0.01368725535 
26.38 	 -0.01397588517 
26.39 	 -0.02098101978 
26.4 	 -0.02616018966 
26.41 	 -0.01627911621 
26.42 	 -0.004890713697 
26.43 	 -0.006915149442 
26.44 	 -0.001883350287 
26.45 	 -0.009809908767 
26.46 	 -0.005462665146 
26.47 	 -0.000441476487 
26.48 	 -0.004713464655 
26.49 	 -0.005399684946 
26.5 	 -0.004411697283 
26.51 	 -0.01013789925 
26.52 	 0.0007587271782 
26.53 	 0.01493634303 
26.54 	 0.03246937344 
26.55 	 0.02814862761 
26.56 	 0.01821477636 
26.57 	 0.0301152285 
26.58 	 0.02552436432 
26.59 	 0.01912012164 
26.6 	 0.01793262114 
26.61 	 0.01442853819 
26.62 	 0.008570113119 
26.63 	 0.01093483422 
26.64 	 0.01906344927 
26.65 	 0.01133370882 
26.66 	 0.003436270344 
26.67 	 0.004506491313 
26.68 	 0.009756886698 
26.69 	 -0.003348442395 
26.7 	 -0.008423033751 
26.71 	 -0.01472697801 
26.72 	 -0.0119706525 
26.73 	 -0.003318272721 
26.74 	 -0.0002538105984 
26.75 	 -0.004539251808 
26.76 	 0.00262275255 
26.77 	 0.01629429228 
26.78 	 0.007594021062 
26.79 	 0.013251348 
26.8 	 0.01191911076 
26.81 	 0.0009171679977 
26.82 	 9.87235236e-05 
26.83 	 0.002554667226 
26.84 	 0.01296508239 
26.85 	 0.01813379481 
26.86 	 0.0105316236 
26.87 	 0.01886138289 
26.88 	 0.01075585077 
26.89 	 0.02532666339 
26.9 	 0.02798489871 
26.91 	 0.01570677138 
26.92 	 0.023355648 
26.93 	 0.01987712991 
26.94 	 0.02358318114 
26.95 	 0.02257393815 
26.96 	 0.009581947911 
26.97 	 0.01452529422 
26.98 	 0.01396058157 
26.99 	 0.002712233484 
27.0 	 0.003859011693 
27.01 	 -0.009754736346 
27.02 	 -0.01011645459 
27.03 	 -0.0193359024 
27.04 	 -0.02153029149 
27.05 	 -0.02539182141 
27.06 	 -0.02094873507 
27.07 	 -0.01813258818 
27.08 	 -0.01906983558 
27.09 	 -0.01951335549 
27.1 	 -0.02188666917 
27.11 	 -0.02977324209 
27.12 	 -0.03264923979 
27.13 	 -0.01334930085 
27.14 	 -0.01086434937 
27.15 	 -0.01794236247 
27.16 	 -0.02922908139 
27.17 	 -0.02226348108 
27.18 	 -0.03375207999 
27.19 	 -0.02515680324 
27.2 	 -0.01893866607 
27.21 	 -0.02184479028 
27.22 	 -0.01351007694 
27.23 	 -0.01659598902 
27.24 	 -0.008239465107 
27.25 	 -0.003779651736 
27.26 	 -0.007084628964 
27.27 	 0.0002681555652 
27.28 	 0.003896971488 
27.29 	 0.01245081276 
27.3 	 0.01465825896 
27.31 	 0.01308440142 
27.32 	 0.01179292473 
27.33 	 0.01761411987 
27.34 	 0.007796853603 
27.35 	 0.007002885177 
27.36 	 -0.0007949393217 
27.37 	 -0.003970993824 
27.38 	 0.0005947923663 
27.39 	 -0.0212792634 
27.4 	 -0.007561372401 
27.41 	 -0.01274258178 
27.42 	 -0.01906272333 
27.43 	 -0.005825565495 
27.44 	 -0.009654210333 
27.45 	 -0.009251279298 
27.46 	 0.002010683106 
27.47 	 0.007879889367 
27.48 	 0.008575572384 
27.49 	 0.01426991049 
27.5 	 0.01643652747 
27.51 	 0.02048705685 
27.52 	 0.01190471949 
27.53 	 0.01511621919 
27.54 	 0.008759716875 
27.55 	 0.01389102867 
27.56 	 0.0185984847 
27.57 	 0.01193497353 
27.58 	 0.00992996649 
27.59 	 0.004533531597 
27.6 	 0.01521139581 
27.61 	 0.007253709219 
27.62 	 0.01290890052 
27.63 	 0.001253104875 
27.64 	 0.004388953779 
27.65 	 0.004087263906 
27.66 	 -0.006894537651 
27.67 	 -0.009425800179 
27.68 	 -0.01732354767 
27.69 	 -0.01625544468 
27.7 	 -0.009634265622 
27.71 	 -0.008027088417 
27.72 	 -0.01058512734 
27.73 	 0.002545157412 
27.74 	 -4.32507204e-05 
27.75 	 0.00192046446 
27.76 	 -0.006197866767 
27.77 	 0.01048824378 
27.78 	 0.000990016371 
27.79 	 0.007155460107 
27.8 	 0.0173088621 
27.81 	 0.007988713659 
27.82 	 0.01094116167 
27.83 	 -0.005464301454 
27.84 	 0.005174806392 
27.85 	 3.156027093e-05 
27.86 	 0.002927601243 
27.87 	 0.0001101405978 
27.88 	 0.006447355668 
27.89 	 -0.00184151358 
27.9 	 -0.005150817999 
27.91 	 -0.00067154355 
27.92 	 -0.004653350937 
27.93 	 -0.005001241986 
27.94 	 0.002747353284 
27.95 	 0.007841171259 
27.96 	 0.003893261346 
27.97 	 0.00639626715 
27.98 	 -0.0005723635671 
27.99 	 0.00327743271 
28.0 	 0.001482127173 
28.01 	 0.004291258932 
28.02 	 0.002607436197 
28.03 	 -0.0004181447754 
28.04 	 -0.0007726391316 
28.05 	 0.0005065943841 
28.06 	 0.005182974198 
28.07 	 0.003673350576 
28.08 	 0.00331936065 
28.09 	 -0.001094891157 
28.1 	 0.001568250144 
28.11 	 0.0007680329442 
28.12 	 -0.003480062184 
28.13 	 -0.004820248467 
28.14 	 -0.004601269647 
28.15 	 -0.008932571037 
28.16 	 -0.008001024228 
28.17 	 -0.00995630634 
28.18 	 -0.0074912103 
28.19 	 -0.0086227938 
28.2 	 -0.008539822782 
28.21 	 -0.006285664305 
28.22 	 -0.003848941728 
28.23 	 -0.001924542477 
28.24 	 -0.007188962238 
28.25 	 -0.003674684736 
28.26 	 -0.003538718136 
28.27 	 0.0007810649406 
28.28 	 -0.001382706747 
28.29 	 0.001725180714 
28.3 	 0.002644096167 
28.31 	 0.000360779427 
28.32 	 0.002755680012 
28.33 	 0.002475870363 
28.34 	 0.002722888125 
28.35 	 0.002985626412 
28.36 	 0.0007850192535 
28.37 	 0.004451332626 
28.38 	 0.003589237674 
28.39 	 0.004095219816 
28.4 	 0.003986373942 
28.41 	 -0.0002143417311 
28.42 	 0.003310866171 
28.43 	 0.002355531093 
28.44 	 0.001149975288 
28.45 	 0.002713991436 
28.46 	 0.001771243569 
28.47 	 0.001412371206 
28.48 	 0.001559732121 
28.49 	 0.001364527836 
28.5 	 0.002540830221 
28.51 	 0.001894753431 
28.52 	 0.001732356729 
28.53 	 0.0033336342 
28.54 	 0.0002651931414 
28.55 	 0.001170591984 
28.56 	 0.0005045579262 
28.57 	 -0.002300639238 
28.58 	 0.001347695838 
28.59 	 -0.0005545597905 
28.6 	 0.002506299021 
28.61 	 0.001452319488 
28.62 	 0.0008746595019 
28.63 	 0.002903624622 
28.64 	 0.001055074329 
28.65 	 0.002414307708 
28.66 	 0.003291640533 
28.67 	 0.001829577753 
28.68 	 0.002477644011 
28.69 	 0.001517531463 
28.7 	 0.0006428781414 
28.71 	 0.001183005558 
28.72 	 0.001289725605 
28.73 	 0.0003468618819 
28.74 	 0.0004201630848 
28.75 	 0.0004027744674 
28.76 	 0.0001284415452 
28.77 	 0.0002844337887 
28.78 	 0.0005536534446 
28.79 	 -0.0001248781608 
28.8 	 -0.001037228958 
28.81 	 -0.0005130209151 
28.82 	 -0.002829718044 
28.83 	 -0.002383865316 
28.84 	 -0.001005288579 
28.85 	 -0.001670862744 
28.86 	 -0.001969899012 
28.87 	 -0.001900293138 
28.88 	 -0.002522873016 
28.89 	 -0.002896332849 
28.9 	 -0.003033963225 
28.91 	 -0.002440338543 
28.92 	 -0.001806370236 
28.93 	 -0.001758326742 
28.94 	 -0.001236768282 
28.95 	 -0.001025521704 
28.96 	 -0.0008400846474 
28.97 	 -0.0009508054086 
28.98 	 -0.001050966882 
28.99 	 -0.0005320798812 
29.0 	 -0.001296972252 
29.01 	 -0.001033017525 
29.02 	 -0.0002604050766 
29.03 	 -0.0005071492377 
29.04 	 -0.0005374063188 
29.05 	 -0.0003007323189 
29.06 	 -0.0005347553625 
29.07 	 -0.0003917164392 
29.08 	 -0.0003904739046 
29.09 	 -0.0003500349264 
29.1 	 -0.0003828247533 
29.11 	 -0.0002835041931 
29.12 	 -0.0005766444549 
29.13 	 -0.0005738986359 
29.14 	 -0.0003903387228 
29.15 	 -0.0003570652629 
29.16 	 -0.0002855536983 
29.17 	 -0.0001755158112 
29.18 	 -9.112121505e-05 
29.19 	 -0.0002631517785 
29.2 	 -0.0002213477388 
29.21 	 -0.0002542082958 
29.22 	 -8.595254187e-05 
29.23 	 -0.0001441562823 
29.24 	 -0.000147921066 
29.25 	 -5.919964182e-05 
29.26 	 4.760010162e-06 
29.27 	 -1.119593718e-05 
29.28 	 -2.130605451e-06 
29.29 	 -1.285910496e-05 
29.3 	 -1.018541889e-05 
29.31 	 -1.165203351e-05 
29.32 	 -6.242317839e-07 
29.33 	 4.597344666e-05 
29.34 	 5.485969782e-05 
29.35 	 8.240481423e-05 
29.36 	 9.211416363e-05 
29.37 	 0.0001039043808 
29.38 	 0.0001440155088 
29.39 	 0.0001018647837 
29.4 	 8.828690004e-05 
29.41 	 0.0001089038511 
29.42 	 0.0001104560874 
29.43 	 0.0001181764593 
29.44 	 9.707260851e-05 
29.45 	 0.0001107216441 
29.46 	 0.0001076268834 
29.47 	 0.0001007142669 
29.48 	 0.0001218650193 
29.49 	 0.0001328486877 
29.5 	 0.0001239894729 
29.51 	 0.0001279389789 
29.52 	 0.0001314515475 
29.53 	 0.0001330714728 
29.54 	 0.0001297723698 
29.55 	 0.0001277024598 
29.56 	 0.000126660834 
29.57 	 0.0001237258782 
29.58 	 0.0001166790609 
29.59 	 0.0001107461691 
29.6 	 0.0001063385361 
29.61 	 0.0001019461086 
29.62 	 9.507340899e-05 
29.63 	 8.999042616e-05 
29.64 	 8.578375101e-05 
29.65 	 8.097216183e-05 
29.66 	 7.68115152e-05 
29.67 	 7.166364903e-05 
29.68 	 6.65753688e-05 
29.69 	 6.326226693e-05 
29.7 	 5.917514625e-05 
29.71 	 5.506724799e-05 
29.72 	 5.126192937e-05 
29.73 	 4.774933134e-05 
29.74 	 4.419680661e-05 
29.75 	 4.063809177e-05 
29.76 	 3.782348505e-05 
29.77 	 3.499989237e-05 
29.78 	 3.237901353e-05 
29.79 	 2.99264841e-05 
29.8 	 2.785870287e-05 
29.81 	 2.587323735e-05 
29.82 	 2.409755868e-05 
29.83 	 2.252887101e-05 
29.84 	 2.109747429e-05 
29.85 	 1.986735915e-05 
29.86 	 1.878445287e-05 
29.87 	 1.781725554e-05 
29.88 	 1.69725753e-05 
29.89 	 1.6241436e-05 
29.9 	 1.560840651e-05 
29.91 	 1.506338253e-05 
29.92 	 1.45945332e-05 
29.93 	 1.419138144e-05 
29.94 	 1.384391124e-05 
29.95 	 1.354164552e-05 
29.96 	 1.327444074e-05 
29.97 	 1.303234956e-05 
29.98 	 1.280559141e-05 
29.99 	 1.258464078e-05 
