   3.1661245e-03
   3.2117587e-03
   3.3365733e-03
   3.4974553e-03
   7.5240140e-04
   2.9221871e-03
   6.9005296e-03
   1.0937198e-02
   6.5848801e-03
  -1.1251805e-02
   2.8482815e-03
   2.7933602e-02
   1.5699738e-02
  -1.2518561e-02
  -3.9888932e-02
  -2.2116066e-02
   5.5151379e-02
  -2.2031612e-03
   1.5832850e-03
  -2.5367581e-02
  -7.1103106e-02
   1.1350886e-02
  -9.9720514e-03
   1.6944077e-01
  -9.5733445e-02
  -8.2456160e-02
   4.7025520e-02
  -6.2603251e-02
   1.0807559e-01
  -4.6563096e-02
  -5.1736861e-02
   6.8004627e-02
  -8.2565473e-02
  -5.4577248e-02
   5.9404435e-02
   2.4195914e-01
  -3.6805727e-02
  -4.8643111e-02
  -1.1798379e-01
   9.4936393e-03
  -4.7682368e-02
   3.3603027e-02
  -2.1696973e-03
  -8.2263364e-02
  -4.0122851e-01
   1.5005092e-01
   3.2942264e-01
  -1.7214774e-01
  -1.8317497e-01
  -7.9433709e-02
   1.7600857e-01
  -2.3644209e-01
   3.4064734e-01
  -1.0733768e-01
   1.1153273e-01
   6.0072006e-02
  -2.1986927e-01
   2.0990859e-01
   2.3470091e-01
  -2.9380263e-01
  -5.0354406e-02
   1.8660700e-02
   3.5369729e-03
   5.3511833e-02
   4.0441970e-02
  -2.2688342e-02
  -2.9899791e-01
  -6.5577957e-04
   3.0031029e-01
   7.7927952e-02
  -3.3436973e-01
  -1.4739829e-01
  -9.7675747e-02
   1.2399526e-01
   1.2616847e-01
   9.2812694e-01
   1.2847951e+00
   7.5781259e-01
   1.6429356e-01
  -1.0111245e+00
  -4.9689877e-01
  -8.2860273e-01
  -7.2756591e-01
  -4.0229015e-01
  -1.6233333e-01
  -3.0743284e-02
  -6.4303912e-01
   2.2637262e-01
   5.7925480e-01
   1.0180553e-01
  -6.1070095e-02
   3.8598926e-01
  -3.0066718e-01
   1.5709852e-01
   2.1840807e-02
  -4.3933801e-01
   1.8635047e-01
   7.9370208e-01
   7.3907431e-01
   1.3679348e-01
   1.4093429e-01
   7.0054505e-02
   5.3851073e-01
  -7.9148699e-02
  -5.4189322e-01
  -7.9008416e-01
  -3.8668469e-01
  -2.6407627e-01
  -5.8831904e-01
  -2.0711981e-01
  -1.6602454e-01
   3.4254362e-02
   5.8615025e-02
  -6.3316771e-02
   1.9072749e-01
   5.2014553e-01
   9.6304034e-01
   6.9542286e-01
   1.4635951e-01
  -2.4558226e-01
  -8.0465279e-01
  -3.0911918e-01
  -2.0893426e-01
  -1.3303851e-02
   4.7852562e-01
   5.4649999e-01
  -4.3484375e-01
  -6.0694705e-01
   4.4111823e-01
   2.7934848e-02
  -3.4644447e-01
  -2.3722081e-01
   2.0893377e-01
   1.8952812e-01
   6.7775877e-01
   8.4301146e-01
  -3.8277325e-01
  -1.1727669e+00
  -5.8890166e-01
  -1.9730794e-01
  -2.6589485e-01
   1.6074136e-01
   5.4193756e-01
   4.9000077e-01
   1.6477278e-01
   3.1372615e-01
   1.0818811e-01
  -3.9072171e-01
  -4.9834064e-01
   2.1273927e-01
   4.1994599e-01
   4.6900992e-01
   3.8582769e-01
   5.3029839e-02
   2.4606276e-01
   3.0096099e-01
   9.7993424e-01
   2.8621921e-01
  -3.8637744e-01
  -9.7955224e-01
  -9.2101175e-01
  -7.0885765e-01
  -8.7765459e-02
   1.4543894e-01
   2.5986582e-01
   3.5492099e-01
  -1.7837278e-01
  -2.9898624e-01
  -2.1972987e-01
  -6.1510623e-01
  -3.7502453e-01
   2.7869347e-02
   4.8283859e-01
   4.0981736e-01
   9.5884441e-02
  -1.2543223e-01
  -5.7958324e-03
   4.5535087e-01
   3.6882265e-01
  -3.8622431e-01
  -6.4611014e-01
  -5.2175986e-01
  -5.1533411e-01
  -5.2053410e-01
  -3.9202928e-01
   1.3751746e-01
   5.7688833e-01
   7.5691537e-01
   9.3821653e-01
   3.3282652e-02
  -6.8524616e-01
   3.6705086e-02
   1.5993155e-01
  -3.7870151e-01
  -9.0806540e-01
   7.7259332e-02
   1.0042997e-01
   1.1415299e-01
   4.5038524e-01
  -2.3306696e-01
  -2.4055287e-01
  -2.2699938e-01
   3.4175538e-01
   3.9237695e-01
  -4.1242751e-01
  -1.1091294e+00
  -3.5245908e-01
   2.3466226e-01
   1.5315254e-01
   1.1619984e-01
   3.8619773e-01
   6.4180336e-01
   5.9107938e-01
   5.2943491e-01
   7.2749606e-02
   1.8425515e-01
   2.3934085e-01
   3.5291426e-01
   1.4127214e-01
  -2.4708781e-01
  -4.1213890e-01
   4.3117216e-02
   3.3081488e-01
   4.6103920e-01
   2.3323756e-01
   1.6088400e-02
  -3.6161043e-01
   3.7770560e-03
  -2.1246331e-01
  -4.9395459e-01
  -2.2782303e-01
   2.2083929e-01
   4.8984312e-01
   1.6925958e-01
  -1.2812252e-01
  -2.9481797e-01
  -2.6574240e-01
  -4.5056800e-02
   1.5452702e-01
  -7.0289503e-02
  -3.7421246e-01
  -5.4209952e-01
  -2.9824244e-01
  -2.7249698e-01
  -7.3299977e-02
  -1.2059855e-01
  -1.1608811e-01
  -1.8747705e-01
   2.1686947e-01
   7.2515971e-01
   6.9342995e-01
   3.1265333e-01
   3.9489458e-01
   3.1921799e-01
  -1.9821174e-01
  -4.6015041e-01
  -4.9615046e-01
  -3.8351234e-01
   8.9822479e-02
   1.5418475e-01
   1.4862072e-01
  -6.2668693e-02
  -2.2958000e-01
  -3.2106708e-01
  -9.1230371e-02
   9.7202768e-02
   7.5558641e-02
  -4.3272626e-02
   3.7914787e-02
   1.6323899e-01
   1.4174910e-01
  -4.4319235e-02
  -3.8332428e-01
  -3.9509912e-01
  -1.2229715e-01
  -3.9843698e-02
  -5.0329921e-03
  -1.2025510e-01
  -1.3377505e-01
  -5.7832765e-02
   1.6070330e-01
   2.3773368e-01
   2.7474023e-01
   3.9799121e-01
   3.8284182e-01
   2.5735328e-01
   7.4617558e-03
  -1.5700248e-01
  -9.0158707e-02
   2.0561603e-02
   1.0310251e-01
   2.6020741e-01
   1.9028908e-01
   1.6248136e-01
   5.1200695e-02
   1.5290337e-01
   2.3660827e-01
   5.5517321e-02
   9.0860917e-03
   1.4534310e-01
   5.9794746e-02
  -2.9480894e-01
  -4.7023951e-01
  -5.6872808e-01
  -2.3068117e-01
  -1.1375205e-01
  -6.8602792e-02
  -1.1798536e-01
  -8.4696362e-02
  -1.7420971e-01
  -2.2709365e-01
   2.6113435e-02
   2.2584602e-01
   2.6466291e-01
   3.3430901e-01
   2.7252916e-01
   1.5430061e-01
   1.2590370e-02
  -2.8575745e-04
  -3.6612136e-02
  -4.4371768e-02
  -1.1099603e-02
  -9.0652415e-02
  -2.1660647e-04
   4.2207270e-02
  -5.3317576e-02
  -4.6781035e-02
  -1.0151663e-02
  -1.1081572e-01
  -2.4729617e-01
  -1.9223274e-01
  -1.7206308e-01
  -1.7493879e-01
  -1.4034863e-01
  -7.1844879e-02
   5.6090343e-02
   1.2153727e-01
   2.2493516e-01
   2.1724402e-01
  -1.5947656e-03
  -1.4626710e-01
  -9.9038915e-02
   5.1890672e-02
  -1.8651312e-02
  -9.4516181e-03
   1.6357312e-01
   2.5361273e-01
   1.7812596e-01
   3.3271733e-02
  -1.7477310e-01
  -1.0130512e-01
  -1.6791198e-02
  -1.4347488e-01
  -2.1590809e-01
   5.5680177e-02
   1.8268722e-01
   1.5353396e-01
   1.8814825e-01
   2.9096146e-01
   9.7913012e-02
  -4.8330054e-02
  -3.6910949e-02
  -9.2944247e-03
  -7.9866722e-02
  -1.9501054e-02
   8.0923632e-02
   4.9234183e-02
  -5.7041422e-02
  -3.2060875e-02
   1.0146218e-01
  -5.5298509e-02
   8.9891571e-02
   9.8394104e-02
  -7.2982662e-02
  -6.2276941e-02
   1.1800527e-01
   1.0765808e-01
   6.3657875e-02
  -8.5973908e-03
  -1.0911535e-01
  -2.2533403e-01
  -1.8984783e-01
  -5.7332661e-02
   7.5354151e-02
   1.6514870e-01
   5.4802260e-02
  -3.3488171e-02
  -3.6150468e-02
   7.3221781e-04
  -4.1813320e-02
  -8.4699942e-02
  -8.0408950e-02
  -1.0564556e-01
  -2.0563987e-01
  -3.1271160e-02
  -2.4591237e-02
  -8.1520041e-02
  -3.9206842e-02
  -1.4641474e-01
  -1.9049990e-01
  -1.2872231e-01
  -9.6884786e-03
  -1.1983239e-02
   3.7697073e-02
   1.4882349e-01
   1.6597676e-01
   1.7219719e-01
   1.6961735e-01
   1.3725622e-01
   1.4894160e-01
   1.4729264e-01
   6.6176592e-02
   1.4126616e-02
   4.9754407e-03
  -1.5687701e-02
   6.5100269e-02
   7.0345685e-02
   1.1132722e-01
   9.1490434e-02
  -2.4703228e-02
  -6.5079707e-02
  -1.5914920e-01
  -2.1635729e-01
  -2.4435042e-01
  -2.3593089e-01
  -1.1303690e-01
  -1.1175140e-01
  -3.9172350e-02
  -6.1362972e-02
  -6.6694433e-02
   1.3034606e-02
   6.5322691e-02
  -6.3096144e-03
  -2.2109395e-02
  -1.0790843e-01
  -1.6072969e-01
  -1.9808823e-01
  -1.1098769e-01
  -2.0088290e-02
  -8.1327078e-02
  -4.8488348e-02
   1.4873765e-01
   1.7021360e-01
   1.1205482e-01
   1.0136094e-01
   1.5767201e-01
   1.2909136e-01
   1.1469607e-01
   1.1782428e-01
   1.6663717e-01
   2.0247065e-01
   2.4430991e-01
   1.6313333e-01
   7.2915052e-02
  -5.5797583e-02
  -1.0692782e-01
  -3.3656030e-02
  -1.5904688e-02
   8.8415951e-02
   1.3020077e-01
   1.8390061e-01
   1.6231646e-01
   2.0846613e-02
  -5.7176761e-02
  -1.0223727e-01
  -1.0295193e-01
  -1.3050537e-01
  -1.3186327e-01
  -7.1969309e-02
  -1.4526511e-01
  -1.9532897e-01
  -1.4937599e-01
  -1.6564205e-01
  -2.3189614e-01
  -1.6044795e-01
  -9.3247199e-02
  -5.1198194e-02
   4.2485305e-02
   1.0818909e-01
   8.7982741e-02
   8.8860952e-02
   1.1142188e-01
   6.0645489e-02
   4.4516318e-03
   4.2867915e-02
   1.0382776e-01
   1.1302690e-01
   1.6965767e-01
   2.4096735e-01
   1.6366239e-01
   2.6129269e-02
  -6.4317568e-02
  -6.4288050e-02
  -1.7566139e-02
  -6.5218636e-02
  -1.2936310e-02
  -5.7500128e-02
  -1.9923835e-01
  -2.7855112e-01
  -2.2252690e-01
  -9.7859469e-02
  -9.7883591e-03
  -5.8444193e-03
  -4.7604232e-02
  -4.7900700e-03
   1.1141364e-01
   1.3292177e-01
   6.9125625e-02
  -6.6277508e-02
  -8.1810603e-02
   1.8581435e-02
   4.9521547e-02
  -3.4056406e-02
  -8.2306714e-02
  -8.8742692e-02
  -6.0905866e-02
   1.7488130e-02
   2.6283011e-02
   3.1223631e-02
   6.1618170e-02
   6.1817293e-02
  -1.5732670e-02
   3.2298356e-02
   1.1021270e-01
   1.5516791e-01
   1.8921989e-01
   2.0303267e-01
   1.2928893e-01
   3.1123118e-02
  -1.8550210e-02
  -1.4195776e-02
  -1.6296303e-02
  -1.0263977e-01
  -5.1259879e-02
  -5.9130177e-02
  -1.2837238e-01
  -1.4139261e-01
  -9.5051905e-02
  -4.8772220e-02
  -9.4442145e-02
  -1.3597474e-01
  -1.3854222e-01
  -9.0900696e-02
  -1.2731241e-01
  -3.4359447e-02
  -7.6127248e-02
  -6.2642461e-02
  -2.2954635e-02
  -1.7518188e-02
  -1.1903071e-02
  -5.8618752e-03
   6.4174744e-02
   1.5913488e-01
   1.4646614e-01
   7.2335693e-02
   9.6498939e-02
   1.0975085e-01
   1.0429541e-01
   6.5908446e-02
   6.3012926e-02
   5.9797159e-02
   7.7879353e-02
   7.9741625e-02
   7.2273674e-02
   6.3560981e-02
   5.7748655e-02
   4.6145926e-02
   3.4949243e-02
   1.8509498e-03
  -2.3072747e-02
  -2.5586785e-02
  -4.9149836e-02
  -6.6271357e-02
  -6.1049700e-02
  -4.6745719e-02
  -6.4011996e-02
  -6.4176010e-02
  -5.6793955e-02
  -5.5632226e-02
  -4.8692573e-02
  -2.4889854e-02
  -1.6974341e-02
  -2.0376596e-02
  -1.0370023e-02
  -2.4678703e-03
  -3.0774559e-03
   8.2971126e-04
   5.5965383e-03
   6.6215165e-03
   7.2428270e-03
   8.1543751e-03
   7.0748611e-03
   6.1546645e-03
   5.2495105e-03
   4.3821054e-03
   3.6145465e-03
   2.9917223e-03
   2.4051511e-03
   1.8273891e-03
   1.2607390e-03