0.0 	 0.0
0.0419385 	 7.29479e-06
0.083877 	 4.434e-05
0.125815 	 0.000105314
0.167754 	 0.00011723
0.209692 	 5.00894e-05
0.251631 	 -1.54809e-05
0.293569 	 -4.02308e-05
0.335508 	 -5.76004e-05
0.377446 	 -5.60274e-05
0.419385 	 -2.03555e-05
0.461323 	 2.43517e-05
0.503262 	 5.73341e-05
0.5452 	 6.67857e-05
0.587139 	 6.33772e-05
0.629077 	 9.68313e-05
0.671016 	 0.000280369
0.712954 	 0.000791477
0.754893 	 0.0016773
0.796831 	 0.00255494
0.83877 	 0.00262725
0.880708 	 0.00124573
0.922647 	 -0.00143308
0.964585 	 -0.00437347
1.00652 	 -0.00613686
1.04846 	 -0.00539307
1.0904 	 -0.00143831
1.13234 	 0.00487106
1.17428 	 0.0103924
1.21622 	 0.0110958
1.25815 	 0.00551835
1.30009 	 -0.00355864
1.34203 	 -0.0116138
1.38397 	 -0.0158584
1.42591 	 -0.0159076
1.46785 	 -0.0125253
1.50979 	 -0.00684561
1.55172 	 -0.000196572
1.59366 	 0.00618794
1.6356 	 0.0113479
1.67754 	 0.0144343
1.71948 	 0.014743
1.76142 	 0.0122747
1.80336 	 0.00810326
1.84529 	 0.00383565
1.88723 	 0.000677325
1.92917 	 -0.000963863
1.97111 	 -0.00130786
2.01305 	 -0.000953955
2.05499 	 -0.000622387
2.09692 	 -0.000812368
2.13886 	 -0.00163035
2.1808 	 -0.00291189
2.22274 	 -0.004364
2.26468 	 -0.0056086
2.30662 	 -0.00628745
2.34856 	 -0.00621688
2.39049 	 -0.00543516
2.43243 	 -0.00412262
2.47437 	 -0.0024927
2.51631 	 -0.000752305
2.55825 	 0.000874142
2.60019 	 0.00215957
2.64212 	 0.00296163
2.68406 	 0.00329655
2.726 	 0.00329747
2.76794 	 0.00308321
2.80988 	 0.00270494
2.85182 	 0.00221966
2.89376 	 0.0017319
2.93569 	 0.00132957
2.97763 	 0.00101869
3.01957 	 0.000736949
3.06151 	 0.000419072
3.10345 	 5.05327e-05
3.14539 	 -0.000326938
3.18733 	 -0.000650913
3.22926 	 -0.00087733
3.2712 	 -0.000991587
3.31314 	 -0.00100127
3.35508 	 -0.000925037
3.39702 	 -0.00077874
3.43896 	 -0.000578787
3.48089 	 -0.000354468
3.52283 	 -0.000133237
3.56477 	 7.44116e-05
3.60671 	 0.000257509
3.64865 	 0.000392744
3.69059 	 0.0004595
3.73253 	 0.000452281
3.77446 	 0.00038417
3.8164 	 0.00028818
3.85834 	 0.000203291
3.90028 	 0.000152145
3.94222 	 0.000135895
3.98416 	 0.000143754
4.02609 	 0.000162039
4.06803 	 0.000180183
4.10997 	 0.000190386
4.15191 	 0.000186209
4.19385 	 0.000168957
4.23579 	 0.000146887
4.27773 	 0.000124349
4.31966 	 0.000103012
4.3616 	 8.86122e-05
4.40354 	 8.44573e-05
4.44548 	 8.60211e-05
4.48742 	 8.65993e-05
4.52936 	 8.14269e-05
4.5713 	 6.99225e-05
4.61323 	 5.51764e-05
4.65517 	 4.00953e-05
4.69711 	 3.09521e-05
4.73905 	 3.63959e-05
4.78099 	 5.76075e-05
4.82293 	 8.85309e-05
4.86486 	 0.000121529
4.9068 	 0.000152244
4.94874 	 0.000181861
4.99068 	 0.00020852
5.03262 	 0.000224315
5.07456 	 0.000225816
5.1165 	 0.00021666
5.15843 	 0.000201326
5.20037 	 0.00018369
5.24231 	 0.000166542
5.28425 	 0.000150728
5.32619 	 0.000138291
5.36813 	 0.000130638
5.41007 	 0.000125143
5.452 	 0.000122622
5.49394 	 0.000126663
5.53588 	 0.000133092
5.57782 	 0.000137999
5.61976 	 0.000144839
5.6617 	 0.000152611
5.70363 	 0.000157397
5.74557 	 0.000160646
5.78751 	 0.00016229
5.82945 	 0.000161314
5.87139 	 0.000160552
5.91333 	 0.000160324
5.95527 	 0.000159538
5.9972 	 0.000160855
6.03914 	 0.000165516
6.08108 	 0.000169806
6.12302 	 0.000170476
6.16496 	 0.000169878
6.2069 	 0.000170931
6.24884 	 0.000171581
6.29077 	 0.000170816
6.33271 	 0.000171925
6.37465 	 0.000176077
6.41659 	 0.000179648
6.45853 	 0.000179713
6.50047 	 0.000178947
6.5424 	 0.000180257
6.58434 	 0.000181347
6.62628 	 0.000180725
6.66822 	 0.000180207
6.71016 	 0.00018038
6.7521 	 0.000181895
6.79404 	 0.000185931
6.83597 	 0.000189805
6.87791 	 0.000190161
6.91985 	 0.000189368
6.96179 	 0.000190414
7.00373 	 0.000191563
7.04567 	 0.000192782
7.0876 	 0.00019656
7.12954 	 0.00020027
7.17148 	 0.000200063
7.21342 	 0.000198787
7.25536 	 0.00019977
7.2973 	 0.000200792
7.33924 	 0.000200348
7.38117 	 0.000200386
7.42311 	 0.000202459
7.46505 	 0.000206599
7.50699 	 0.00021013
7.54893 	 0.000210139
7.59087 	 0.000209129
7.63281 	 0.000210111
7.67474 	 0.00021093
7.71668 	 0.000210628
7.75862 	 0.000212239
7.80056 	 0.000216642
7.8425 	 0.000220229
7.88444 	 0.000220122
7.92637 	 0.000219067
7.96831 	 0.000220082
8.01025 	 0.000220974
8.05219 	 0.000220339
8.09413 	 0.000220296
8.13607 	 0.000222342
8.17801 	 0.000226466
8.21994 	 0.000230064
8.26188 	 0.000230181
8.30382 	 0.00022926
8.34576 	 0.000230286
8.3877 	 0.000231098
8.42964 	 0.000230432
8.47157 	 0.000230346
8.51351 	 0.00023232
8.55545 	 0.000236446
8.59739 	 0.000240101
8.63933 	 0.000240298
8.68127 	 0.000239482
8.72321 	 0.000240619
8.76514 	 0.000241569
8.80708 	 0.000241131
