0.0 	 0.0
0.0419385 	 0.00178178
0.083877 	 -0.00374508
0.125815 	 0.00565493
0.167754 	 -0.00757242
0.209692 	 0.00683126
0.251631 	 -0.00551479
0.293569 	 0.00252793
0.335508 	 -0.00031168
0.377446 	 -0.00108586
0.419385 	 0.00284087
0.461323 	 -0.00259739
0.503262 	 0.00549567
0.5452 	 -0.0146592
0.587139 	 0.0236765
0.629077 	 -0.0248472
0.671016 	 0.0165689
0.712954 	 -0.00741444
0.754893 	 0.000871084
0.796831 	 0.00396767
0.83877 	 -0.00755635
0.880708 	 0.00761085
0.922647 	 -0.00719502
0.964585 	 0.00234087
1.00652 	 -0.00394584
1.04846 	 0.0352142
1.0904 	 0.17382
1.13234 	 0.444338
1.17428 	 0.579046
1.21622 	 0.345894
1.25815 	 -0.0595973
1.30009 	 -0.372373
1.34203 	 -0.62251
1.38397 	 -0.730636
1.42591 	 -0.51873
1.46785 	 0.500743
1.50979 	 2.03502
1.55172 	 2.2452
1.59366 	 0.655875
1.6356 	 -0.612332
1.67754 	 -0.779224
1.71948 	 -1.23722
1.76142 	 -2.2018
1.80336 	 -2.27143
1.84529 	 -1.16392
1.88723 	 -0.0582127
1.92917 	 0.36695
1.97111 	 0.637013
2.01305 	 1.0028
2.05499 	 1.0085
2.09692 	 0.472782
2.13886 	 -0.0732533
2.1808 	 -0.241367
2.22274 	 -0.275066
2.26468 	 -0.382478
2.30662 	 -0.243682
2.34856 	 0.198349
2.39049 	 0.535466
2.43243 	 0.582476
2.47437 	 0.5426
2.51631 	 0.426918
2.55825 	 0.178717
2.60019 	 -0.0870367
2.64212 	 -0.231475
2.68406 	 -0.266162
2.726 	 -0.235894
2.76794 	 -0.20915
2.80988 	 -0.144567
2.85182 	 -0.031484
2.89376 	 0.0633931
2.93569 	 0.0884299
2.97763 	 0.0662261
3.01957 	 0.0147343
3.06151 	 0.00398372
3.10345 	 0.00800374
3.14539 	 -0.0311348
3.18733 	 -0.0874267
3.22926 	 -0.0771596
3.2712 	 -0.0275231
3.31314 	 0.0128855
3.35508 	 0.0217671
3.39702 	 0.0256261
3.43896 	 0.0275444
3.48089 	 0.0277849
3.52283 	 0.00693714
3.56477 	 -0.0111954
3.60671 	 -0.023772
3.64865 	 -0.0241435
3.69059 	 -0.0250951
3.73253 	 -0.0147815
3.77446 	 -0.00460302
3.8164 	 0.00477196
3.85834 	 0.000765749
3.90028 	 0.00534776
3.94222 	 0.0142164
3.98416 	 0.0226621
4.02609 	 0.0173878
4.06803 	 0.0128285
4.10997 	 0.00103099
4.15191 	 -0.00826122
4.19385 	 -0.0180115
4.23579 	 -0.0163208
4.27773 	 -0.016146
4.31966 	 -0.011027
4.3616 	 -0.00596828
4.40354 	 0.00595665
4.44548 	 0.00877701
4.48742 	 0.0101034
4.52936 	 0.00521924
4.5713 	 0.00505537
4.61323 	 0.00162252
4.65517 	 0.00403647
4.69711 	 0.0014269
4.73905 	 0.00282343
4.78099 	 0.00318111
4.82293 	 0.00801998
4.86486 	 0.0049953
4.9068 	 0.00452876
4.94874 	 0.000310034
4.99068 	 -0.00031115
5.03262 	 -0.00590003
5.07456 	 -0.00575938
5.1165 	 -0.00726965
5.15843 	 -0.00356539
5.20037 	 -0.00466813
5.24231 	 -0.000959664
5.28425 	 -0.000383255
5.32619 	 0.00416441
5.36813 	 0.00268463
5.41007 	 0.00376977
5.452 	 0.000153134
5.49394 	 0.00148858
5.53588 	 -0.0012019
5.57782 	 0.00028427
5.61976 	 -0.00264508
5.6617 	 -0.000887851
5.70363 	 -0.00267934
5.74557 	 -3.68199e-05
5.78751 	 -0.00194661
5.82945 	 0.000484693
5.87139 	 -0.00158275
5.91333 	 0.00101247
5.95527 	 -0.000672496
5.9972 	 0.00193813
6.03914 	 -0.000150801
6.08108 	 0.00201635
6.12302 	 -0.000363184
6.16496 	 0.00169036
6.2069 	 -0.000808309
6.24884 	 0.00123935
6.29077 	 -0.00124052
6.33271 	 0.00096072
6.37465 	 -0.00120558
6.41659 	 0.00126754
6.45853 	 -0.000978306
6.50047 	 0.00134599
6.5424 	 -0.00112686
6.58434 	 0.00114317
6.62628 	 -0.00115941
6.66822 	 0.00133767
6.71016 	 -0.00111496
6.7521 	 0.00118933
6.79404 	 -0.00116896
6.83597 	 0.00142825
6.87791 	 -0.000948577
6.91985 	 0.00145339
6.96179 	 -0.00105779
7.00373 	 0.00137549
7.04567 	 -0.00125709
7.0876 	 0.00116255
7.12954 	 -0.00146354
7.17148 	 0.00106311
7.21342 	 -0.00157985
7.25536 	 0.000987319
7.2973 	 -0.00155933
7.33924 	 0.00116408
7.38117 	 -0.00137944
7.42311 	 0.00132343
7.46505 	 -0.0013377
7.50699 	 0.00137037
7.54893 	 -0.00130113
7.59087 	 0.00139313
7.63281 	 -0.00139043
7.67474 	 0.00129379
7.71668 	 -0.00147796
7.75862 	 0.00126846
7.80056 	 -0.00150154
7.8425 	 0.00125051
7.88444 	 -0.00150583
7.92637 	 0.00130718
7.96831 	 -0.00139665
8.01025 	 0.00138381
8.05219 	 -0.00133728
8.09413 	 0.0013572
8.13607 	 -0.0013191
8.17801 	 0.00132051
8.21994 	 -0.00125022
8.26188 	 0.00127704
8.30382 	 -0.00116996
8.34576 	 0.00119384
8.3877 	 -0.00102463
8.42964 	 0.00107321
8.47157 	 -0.00082749
8.51351 	 0.000848289
8.55545 	 -0.000591431
8.59739 	 0.00047858
8.63933 	 -0.00021834
8.68127 	 -9.16425e-06
8.72321 	 0.000402815
8.76514 	 -0.000754559
8.80708 	 0.00135658
