0.0 	 0.0
0.01 	 -2.37518e-11
0.02 	 -6.78854e-10
0.03 	 6.57109e-09
0.04 	 -1.97698e-08
0.05 	 4.72075e-09
0.06 	 6.63745e-08
0.07 	 7.74755e-09
0.08 	 -2.37088e-07
0.09 	 -2.12976e-07
0.1 	 4.33112e-07
0.11 	 1.10582e-06
0.12 	 4.53037e-07
0.13 	 -1.74804e-06
0.14 	 -3.4553e-06
0.15 	 -1.99911e-06
0.16 	 2.3135e-06
0.17 	 5.51251e-06
0.18 	 3.91568e-06
0.19 	 -1.2241e-06
0.2 	 -4.5832e-06
0.21 	 -2.59662e-06
0.22 	 2.04738e-06
0.23 	 3.36173e-06
0.24 	 -7.06422e-07
0.25 	 -5.30247e-06
0.26 	 -4.46302e-06
0.27 	 1.63487e-06
0.28 	 6.49443e-06
0.29 	 4.87761e-06
0.3 	 -1.28372e-06
0.31 	 -5.03608e-06
0.32 	 -2.70313e-06
0.33 	 2.09349e-06
0.34 	 3.75196e-06
0.35 	 1.0034e-06
0.36 	 -4.5737e-06
0.37 	 -2.08432e-06
0.38 	 5.9118e-06
0.39 	 -2.86761e-06
0.4 	 -1.45086e-05
0.41 	 2.65302e-05
0.42 	 8.95243e-05
0.43 	 -2.0011e-05
0.44 	 -0.000425589
0.45 	 -0.000734536
0.46 	 6.39317e-05
0.47 	 0.00268566
0.48 	 0.00582125
0.49 	 0.00539421
0.5 	 -0.00318328
0.51 	 -0.0205518
0.52 	 -0.0406563
0.53 	 -0.0531149
0.54 	 -0.0496445
0.55 	 -0.0294981
0.56 	 0.000360058
0.57 	 0.0298663
0.58 	 0.051128
0.59 	 0.0608401
0.6 	 0.059785
0.61 	 0.0514997
0.62 	 0.0411076
0.63 	 0.0337424
0.64 	 0.0325884
0.65 	 0.0382123
0.66 	 0.049825
0.67 	 0.0662195
0.68 	 0.0840239
0.69 	 0.0951682
0.7 	 0.0886598
0.71 	 0.0580137
0.72 	 0.00858797
0.73 	 -0.0429413
0.74 	 -0.0780089
0.75 	 -0.0867641
0.76 	 -0.0713277
0.77 	 -0.0413409
0.78 	 -0.00853737
0.79 	 0.0154463
0.8 	 0.0210643
0.81 	 0.00622707
0.82 	 -0.0192556
0.83 	 -0.0383435
0.84 	 -0.0401296
0.85 	 -0.0292063
0.86 	 -0.0195233
0.87 	 -0.0178296
0.88 	 -0.0154417
0.89 	 0.000221757
0.9 	 0.026022
0.91 	 0.0399061
0.92 	 0.0225703
0.93 	 -0.017426
0.94 	 -0.0450301
0.95 	 -0.0301262
0.96 	 0.0214394
0.97 	 0.0701686
0.98 	 0.0779742
0.99 	 0.041332
1.0 	 -0.00974802
1.01 	 -0.0433378
1.02 	 -0.0536062
1.03 	 -0.0579615
1.04 	 -0.070972
1.05 	 -0.0860415
1.06 	 -0.0838635
1.07 	 -0.0554512
1.08 	 -0.0130686
1.09 	 0.021627
1.1 	 0.0376558
1.11 	 0.0417283
1.12 	 0.0470834
1.13 	 0.0579337
1.14 	 0.0654758
1.15 	 0.0575747
1.16 	 0.0307659
1.17 	 -0.00666824
1.18 	 -0.0409244
1.19 	 -0.0605303
1.2 	 -0.0601232
1.21 	 -0.0405606
1.22 	 -0.00793054
1.23 	 0.0278695
1.24 	 0.0556593
1.25 	 0.0667393
1.26 	 0.0588872
1.27 	 0.0383078
1.28 	 0.0173709
1.29 	 0.00793612
1.3 	 0.0129183
1.31 	 0.0222916
1.32 	 0.0197605
1.33 	 -0.00178849
1.34 	 -0.0294826
1.35 	 -0.0385032
1.36 	 -0.0165491
1.37 	 0.0181301
1.38 	 0.0282048
1.39 	 -0.00676906
1.4 	 -0.0649389
1.41 	 -0.0974824
1.42 	 -0.0739467
1.43 	 -0.0130257
1.44 	 0.0338716
1.45 	 0.0313421
1.46 	 -0.0081158
1.47 	 -0.0409753
1.48 	 -0.0382541
1.49 	 -0.0108659
1.5 	 0.00837784
1.51 	 0.00151555
1.52 	 -0.0190139
1.53 	 -0.0276613
1.54 	 -0.0121479
1.55 	 0.0196016
1.56 	 0.0536616
1.57 	 0.0832161
1.58 	 0.105231
1.59 	 0.110495
1.6 	 0.085957
1.61 	 0.0311825
1.62 	 -0.030171
1.63 	 -0.0620149
1.64 	 -0.044968
1.65 	 0.00426521
1.66 	 0.044693
1.67 	 0.0452551
1.68 	 0.0101335
1.69 	 -0.0274107
1.7 	 -0.0355112
1.71 	 -0.0100855
1.72 	 0.0251036
1.73 	 0.0412096
1.74 	 0.0267939
1.75 	 -0.00867141
1.76 	 -0.0480133
1.77 	 -0.0801346
1.78 	 -0.103277
1.79 	 -0.119392
1.8 	 -0.127496
1.81 	 -0.122713
1.82 	 -0.102251
1.83 	 -0.0719316
1.84 	 -0.0446572
1.85 	 -0.0299684
1.86 	 -0.0241976
1.87 	 -0.0127944
1.88 	 0.013173
1.89 	 0.0410775
1.9 	 0.0429472
1.91 	 0.00460111
1.92 	 -0.0520341
1.93 	 -0.0822179
1.94 	 -0.0589965
1.95 	 -0.00127918
1.96 	 0.0413656
1.97 	 0.0350384
1.98 	 -0.00799334
1.99 	 -0.0466711
2.0 	 -0.0554061
2.01 	 -0.0453008
2.02 	 -0.0427418
2.03 	 -0.0554946
2.04 	 -0.0664452
2.05 	 -0.0590016
2.06 	 -0.0398649
2.07 	 -0.0287196
2.08 	 -0.0275407
2.09 	 -0.011458
2.1 	 0.0419381
2.11 	 0.117248
2.12 	 0.163259
2.13 	 0.136085
2.14 	 0.0428611
2.15 	 -0.0584454
2.16 	 -0.105831
2.17 	 -0.0827636
2.18 	 -0.0242003
2.19 	 0.0219838
2.2 	 0.0364394
2.21 	 0.0335409
2.22 	 0.0322143
2.23 	 0.0299927
2.24 	 0.0113374
2.25 	 -0.0214874
2.26 	 -0.0373413
2.27 	 -0.0060584
2.28 	 0.0609685
2.29 	 0.109102
2.3 	 0.0877034
2.31 	 0.000321933
2.32 	 -0.0963596
2.33 	 -0.146328
2.34 	 -0.144405
2.35 	 -0.129464
2.36 	 -0.131252
2.37 	 -0.133484
2.38 	 -0.0949706
2.39 	 -0.00295194
2.4 	 0.101947
2.41 	 0.156074
2.42 	 0.126335
2.43 	 0.033984
2.44 	 -0.0691058
2.45 	 -0.141345
2.46 	 -0.170751
2.47 	 -0.1661
2.48 	 -0.140761
2.49 	 -0.106166
2.5 	 -0.0736927
2.51 	 -0.0545249
2.52 	 -0.0526953
2.53 	 -0.0579947
2.54 	 -0.0491456
2.55 	 -0.00832007
2.56 	 0.0634565
2.57 	 0.143397
2.58 	 0.203121
2.59 	 0.235055
2.6 	 0.26496
2.61 	 0.332099
2.62 	 0.449287
2.63 	 0.580444
2.64 	 0.662091
2.65 	 0.653201
2.66 	 0.564834
2.67 	 0.436969
2.68 	 0.287873
2.69 	 0.0969257
2.7 	 -0.153841
2.71 	 -0.424878
2.72 	 -0.620125
2.73 	 -0.657642
2.74 	 -0.545007
2.75 	 -0.379493
2.76 	 -0.266729
2.77 	 -0.237943
2.78 	 -0.246284
2.79 	 -0.235091
2.8 	 -0.195163
2.81 	 -0.148651
2.82 	 -0.0882965
2.83 	 0.042613
2.84 	 0.291002
2.85 	 0.616153
2.86 	 0.886924
2.87 	 0.970417
2.88 	 0.830352
2.89 	 0.545081
2.9 	 0.238525
2.91 	 -0.0036554
2.92 	 -0.163302
2.93 	 -0.262795
2.94 	 -0.329683
2.95 	 -0.383426
2.96 	 -0.433189
2.97 	 -0.472253
2.98 	 -0.478951
2.99 	 -0.434697
3.0 	 -0.344566
3.01 	 -0.236411
3.02 	 -0.138799
3.03 	 -0.0665466
3.04 	 -0.0343375
3.05 	 -0.076074
3.06 	 -0.227474
3.07 	 -0.471849
3.08 	 -0.708339
3.09 	 -0.796544
3.1 	 -0.656189
3.11 	 -0.337575
3.12 	 0.00368034
3.13 	 0.212188
3.14 	 0.233098
3.15 	 0.129368
3.16 	 0.0158871
3.17 	 -0.0216147
3.18 	 0.0405017
3.19 	 0.184452
3.2 	 0.383088
3.21 	 0.603676
3.22 	 0.788327
3.23 	 0.854208
3.24 	 0.738432
3.25 	 0.454301
3.26 	 0.103088
3.27 	 -0.172073
3.28 	 -0.253977
3.29 	 -0.101332
3.3 	 0.231628
3.31 	 0.603651
3.32 	 0.830302
3.33 	 0.771781
3.34 	 0.429688
3.35 	 -0.034027
3.36 	 -0.406344
3.37 	 -0.583763
3.38 	 -0.632299
3.39 	 -0.681706
3.4 	 -0.759644
3.41 	 -0.744675
3.42 	 -0.500687
3.43 	 -0.0575267
3.44 	 0.362292
3.45 	 0.517597
3.46 	 0.36056
3.47 	 0.0834978
3.48 	 -0.0421973
3.49 	 0.115132
3.5 	 0.46264
3.51 	 0.785574
3.52 	 0.916999
3.53 	 0.818949
3.54 	 0.540565
3.55 	 0.146553
3.56 	 -0.291437
3.57 	 -0.656893
3.58 	 -0.799601
3.59 	 -0.638741
3.6 	 -0.269691
3.61 	 0.0600935
3.62 	 0.1221
3.63 	 -0.120905
3.64 	 -0.501657
3.65 	 -0.796897
3.66 	 -0.884557
3.67 	 -0.773498
3.68 	 -0.525659
3.69 	 -0.196639
3.7 	 0.140707
3.71 	 0.361582
3.72 	 0.341682
3.73 	 0.0733121
3.74 	 -0.286394
3.75 	 -0.51383
3.76 	 -0.485593
3.77 	 -0.256629
3.78 	 0.0178764
3.79 	 0.227416
3.8 	 0.373613
3.81 	 0.513932
3.82 	 0.663668
3.83 	 0.760532
3.84 	 0.71849
3.85 	 0.517414
3.86 	 0.250696
3.87 	 0.0831106
3.88 	 0.135351
3.89 	 0.374777
3.9 	 0.606845
3.91 	 0.600789
3.92 	 0.26997
3.93 	 -0.247307
3.94 	 -0.695059
3.95 	 -0.906055
3.96 	 -0.909931
3.97 	 -0.841609
3.98 	 -0.759966
3.99 	 -0.586439
4.0 	 -0.242555
4.01 	 0.169733
4.02 	 0.376849
4.03 	 0.169471
4.04 	 -0.360328
4.05 	 -0.838804
4.06 	 -0.895147
4.07 	 -0.450372
4.08 	 0.251692
4.09 	 0.869503
4.1 	 1.20241
4.11 	 1.23618
4.12 	 1.03269
4.13 	 0.652916
4.14 	 0.199657
4.15 	 -0.131934
4.16 	 -0.136935
4.17 	 0.222442
4.18 	 0.741146
4.19 	 1.11443
4.2 	 1.17725
4.21 	 0.997346
4.22 	 0.736256
4.23 	 0.451809
4.24 	 0.0718422
4.25 	 -0.442916
4.26 	 -0.9535
4.27 	 -1.201
4.28 	 -1.02245
4.29 	 -0.504381
4.3 	 0.0736369
4.31 	 0.435036
4.32 	 0.456942
4.33 	 0.178301
4.34 	 -0.279283
4.35 	 -0.778327
4.36 	 -1.19018
4.37 	 -1.41154
4.38 	 -1.39273
4.39 	 -1.1547
4.4 	 -0.775403
4.41 	 -0.36477
4.42 	 -0.0499634
4.43 	 0.0517814
4.44 	 -0.0940871
4.45 	 -0.358563
4.46 	 -0.467844
4.47 	 -0.176538
4.48 	 0.512261
4.49 	 1.28443
4.5 	 1.70609
4.51 	 1.53262
4.52 	 0.878771
4.53 	 0.11699
4.54 	 -0.38669
4.55 	 -0.47508
4.56 	 -0.221135
4.57 	 0.172979
4.58 	 0.479698
4.59 	 0.509988
4.6 	 0.170503
4.61 	 -0.474504
4.62 	 -1.19173
4.63 	 -1.67061
4.64 	 -1.68249
4.65 	 -1.19852
4.66 	 -0.390747
4.67 	 0.459971
4.68 	 1.07245
4.69 	 1.24708
4.7 	 0.928289
4.71 	 0.245787
4.72 	 -0.509837
4.73 	 -1.01369
4.74 	 -1.08725
4.75 	 -0.806687
4.76 	 -0.442312
4.77 	 -0.263876
4.78 	 -0.358933
4.79 	 -0.597997
4.8 	 -0.757032
4.81 	 -0.686921
4.82 	 -0.400146
4.83 	 -0.0284854
4.84 	 0.291681
4.85 	 0.510546
4.86 	 0.672479
4.87 	 0.846572
4.88 	 1.03846
4.89 	 1.15633
4.9 	 1.06899
4.91 	 0.722001
4.92 	 0.220507
4.93 	 -0.20306
4.94 	 -0.334006
4.95 	 -0.129478
4.96 	 0.248258
4.97 	 0.55465
4.98 	 0.63862
4.99 	 0.52434
5.0 	 0.345519
5.01 	 0.212639
5.02 	 0.142299
5.03 	 0.101337
5.04 	 0.0944268
5.05 	 0.183898
5.06 	 0.416414
5.07 	 0.739826
5.08 	 1.00559
5.09 	 1.06625
5.1 	 0.885588
5.11 	 0.564657
5.12 	 0.2636
5.13 	 0.0921232
5.14 	 0.0564577
5.15 	 0.0851812
5.16 	 0.0942746
5.17 	 0.0436541
5.18 	 -0.0413343
5.19 	 -0.0919046
5.2 	 -0.0548878
5.21 	 0.0415202
5.22 	 0.0731744
5.23 	 -0.0961966
5.24 	 -0.468322
5.25 	 -0.83415
5.26 	 -0.882906
5.27 	 -0.446266
5.28 	 0.328928
5.29 	 1.05477
5.3 	 1.38384
5.31 	 1.25842
5.32 	 0.904125
5.33 	 0.584489
5.34 	 0.360303
5.35 	 0.0749058
5.36 	 -0.448212
5.37 	 -1.19798
5.38 	 -1.93713
5.39 	 -2.34649
5.4 	 -2.22901
5.41 	 -1.63721
5.42 	 -0.86407
5.43 	 -0.312145
5.44 	 -0.295643
5.45 	 -0.864705
5.46 	 -1.76245
5.47 	 -2.5657
5.48 	 -2.92513
5.49 	 -2.73483
5.5 	 -2.12129
5.51 	 -1.2963
5.52 	 -0.421304
5.53 	 0.412957
5.54 	 1.12544
5.55 	 1.61534
5.56 	 1.81256
5.57 	 1.74176
5.58 	 1.51475
5.59 	 1.25296
5.6 	 1.01918
5.61 	 0.821744
5.62 	 0.668783
5.63 	 0.595881
5.64 	 0.63281
5.65 	 0.755979
5.66 	 0.886552
5.67 	 0.932479
5.68 	 0.830355
5.69 	 0.564908
5.7 	 0.180015
5.71 	 -0.211375
5.72 	 -0.452698
5.73 	 -0.440235
5.74 	 -0.242074
5.75 	 -0.10611
5.76 	 -0.282207
5.77 	 -0.771566
5.78 	 -1.23597
5.79 	 -1.19695
5.8 	 -0.401619
5.81 	 0.934832
5.82 	 2.21246
5.83 	 2.79474
5.84 	 2.37284
5.85 	 1.12877
5.86 	 -0.35735
5.87 	 -1.38033
5.88 	 -1.44448
5.89 	 -0.531865
5.9 	 0.836126
5.91 	 1.84274
5.92 	 1.85205
5.93 	 0.826607
5.94 	 -0.637073
5.95 	 -1.71715
5.96 	 -1.92116
5.97 	 -1.36253
5.98 	 -0.569987
5.99 	 -0.030505
6.0 	 0.142013
6.01 	 0.184779
6.02 	 0.41253
6.03 	 0.961176
6.04 	 1.71689
6.05 	 2.40455
6.06 	 2.7232
6.07 	 2.46237
6.08 	 1.59544
6.09 	 0.333713
6.1 	 -0.918909
6.11 	 -1.73766
6.12 	 -1.88742
6.13 	 -1.42754
6.14 	 -0.650296
6.15 	 0.0768742
6.16 	 0.455546
6.17 	 0.337282
6.18 	 -0.241986
6.19 	 -1.06167
6.2 	 -1.78681
6.21 	 -2.13743
6.22 	 -2.07917
6.23 	 -1.86998
6.24 	 -1.86992
6.25 	 -2.22195
6.26 	 -2.65662
6.27 	 -2.61838
6.28 	 -1.6715
6.29 	 0.100701
6.3 	 2.02574
6.31 	 3.19929
6.32 	 3.05318
6.33 	 1.74879
6.34 	 0.10949
6.35 	 -0.888108
6.36 	 -0.730991
6.37 	 0.330009
6.38 	 1.50132
6.39 	 2.01753
6.4 	 1.64117
6.41 	 0.73803
6.42 	 -0.0887221
6.43 	 -0.477611
6.44 	 -0.511681
6.45 	 -0.52633
6.46 	 -0.749152
6.47 	 -1.10585
6.48 	 -1.32908
6.49 	 -1.21828
6.5 	 -0.79122
6.51 	 -0.22262
6.52 	 0.30947
6.53 	 0.700158
6.54 	 0.888512
6.55 	 0.823172
6.56 	 0.49835
6.57 	 0.0186197
6.58 	 -0.405316
6.59 	 -0.55895
6.6 	 -0.34709
6.61 	 0.154707
6.62 	 0.733945
6.63 	 1.11735
6.64 	 1.07043
6.65 	 0.527173
6.66 	 -0.295712
6.67 	 -0.920301
6.68 	 -0.848785
6.69 	 0.0725302
6.7 	 1.44043
6.71 	 2.46701
6.72 	 2.48251
6.73 	 1.41185
6.74 	 -0.155766
6.75 	 -1.37634
6.76 	 -1.7279
6.77 	 -1.31172
6.78 	 -0.670748
6.79 	 -0.314961
6.8 	 -0.357516
6.81 	 -0.52503
6.82 	 -0.464823
6.83 	 -0.0466388
6.84 	 0.579796
6.85 	 1.15822
6.86 	 1.52665
6.87 	 1.67113
6.88 	 1.63963
6.89 	 1.45263
6.9 	 1.10846
6.91 	 0.650929
6.92 	 0.195555
6.93 	 -0.13657
6.94 	 -0.319506
6.95 	 -0.452103
6.96 	 -0.673979
6.97 	 -1.0374
6.98 	 -1.45035
6.99 	 -1.7395
7.0 	 -1.77417
7.01 	 -1.54817
7.02 	 -1.16571
7.03 	 -0.764813
7.04 	 -0.449902
7.05 	 -0.265098
7.06 	 -0.186942
7.07 	 -0.123591
7.08 	 0.0470725
7.09 	 0.376692
7.1 	 0.741313
7.11 	 0.852542
7.12 	 0.445533
7.13 	 -0.464453
7.14 	 -1.48454
7.15 	 -2.04525
7.16 	 -1.78523
7.17 	 -0.822138
7.18 	 0.313552
7.19 	 1.03096
7.2 	 1.03867
7.21 	 0.451595
7.22 	 -0.381296
7.23 	 -1.13432
7.24 	 -1.64417
7.25 	 -1.89189
7.26 	 -1.92975
7.27 	 -1.84648
7.28 	 -1.75953
7.29 	 -1.76797
7.3 	 -1.86089
7.31 	 -1.87215
7.32 	 -1.56765
7.33 	 -0.827651
7.34 	 0.225135
7.35 	 1.27151
7.36 	 1.98709
7.37 	 2.22763
7.38 	 2.07385
7.39 	 1.73309
7.4 	 1.40681
7.41 	 1.22368
7.42 	 1.24221
7.43 	 1.46265
7.44 	 1.81375
7.45 	 2.14624
7.46 	 2.28561
7.47 	 2.14036
7.48 	 1.78276
7.49 	 1.41142
7.5 	 1.20219
7.51 	 1.16793
7.52 	 1.15649
7.53 	 0.998982
7.54 	 0.680304
7.55 	 0.372411
7.56 	 0.291218
7.57 	 0.505454
7.58 	 0.872984
7.59 	 1.15666
7.6 	 1.20643
7.61 	 1.04728
7.62 	 0.812305
7.63 	 0.601901
7.64 	 0.40339
7.65 	 0.127511
7.66 	 -0.297064
7.67 	 -0.861418
7.68 	 -1.47639
7.69 	 -2.00567
7.7 	 -2.30111
7.71 	 -2.24282
7.72 	 -1.80042
7.73 	 -1.09704
7.74 	 -0.409955
7.75 	 -0.0599798
7.76 	 -0.234359
7.77 	 -0.863359
7.78 	 -1.64574
7.79 	 -2.21203
7.8 	 -2.31711
7.81 	 -1.94206
7.82 	 -1.26348
7.83 	 -0.541263
7.84 	 -0.00149149
7.85 	 0.241904
7.86 	 0.215066
7.87 	 0.0579625
7.88 	 -0.0520454
7.89 	 0.00155736
7.9 	 0.209172
7.91 	 0.45265
7.92 	 0.602517
7.93 	 0.624928
7.94 	 0.612327
7.95 	 0.709655
7.96 	 0.991201
7.97 	 1.3819
7.98 	 1.68307
7.99 	 1.68572
8.0 	 1.29376
8.01 	 0.577876
8.02 	 -0.265277
8.03 	 -1.01006
8.04 	 -1.49029
8.05 	 -1.63528
8.06 	 -1.45504
8.07 	 -1.00977
8.08 	 -0.394665
8.09 	 0.263676
8.1 	 0.825795
8.11 	 1.18395
8.12 	 1.30621
8.13 	 1.24006
8.14 	 1.06604
8.15 	 0.839287
8.16 	 0.572966
8.17 	 0.278906
8.18 	 0.0193425
8.19 	 -0.0960424
8.2 	 0.0163143
8.21 	 0.328972
8.22 	 0.691141
8.23 	 0.915926
8.24 	 0.903674
8.25 	 0.699734
8.26 	 0.440659
8.27 	 0.241664
8.28 	 0.126222
8.29 	 0.0513686
8.3 	 -0.0116075
8.31 	 -0.029569
8.32 	 0.059521
8.33 	 0.26943
8.34 	 0.522587
8.35 	 0.683243
8.36 	 0.635838
8.37 	 0.34153
8.38 	 -0.161396
8.39 	 -0.790721
8.4 	 -1.44763
8.41 	 -2.02782
8.42 	 -2.43436
8.43 	 -2.60388
8.44 	 -2.53168
8.45 	 -2.27018
8.46 	 -1.89782
8.47 	 -1.48348
8.48 	 -1.07098
8.49 	 -0.684046
8.5 	 -0.337111
8.51 	 -0.0406062
8.52 	 0.201959
8.53 	 0.400035
8.54 	 0.575791
8.55 	 0.751491
8.56 	 0.929493
8.57 	 1.08124
8.58 	 1.16237
8.59 	 1.1512
8.6 	 1.07799
8.61 	 1.00866
8.62 	 0.987674
8.63 	 0.990861
8.64 	 0.937099
8.65 	 0.753652
8.66 	 0.438054
8.67 	 0.0636315
8.68 	 -0.267942
8.69 	 -0.476475
8.7 	 -0.518836
8.71 	 -0.385377
8.72 	 -0.110983
8.73 	 0.202878
8.74 	 0.397868
8.75 	 0.327077
8.76 	 -0.0529692
8.77 	 -0.643529
8.78 	 -1.2622
8.79 	 -1.75672
8.8 	 -2.07883
8.81 	 -2.26125
8.82 	 -2.33252
8.83 	 -2.25901
8.84 	 -1.97212
8.85 	 -1.45175
8.86 	 -0.779148
8.87 	 -0.101689
8.88 	 0.458886
8.89 	 0.868451
8.9 	 1.16046
8.91 	 1.36517
8.92 	 1.46609
8.93 	 1.42686
8.94 	 1.25362
8.95 	 1.01838
8.96 	 0.811962
8.97 	 0.672745
8.98 	 0.564775
8.99 	 0.428831
9.0 	 0.2562
9.01 	 0.110575
9.02 	 0.0718015
9.03 	 0.150386
9.04 	 0.253088
9.05 	 0.236682
9.06 	 0.00892044
9.07 	 -0.404567
9.08 	 -0.876696
9.09 	 -1.25799
9.1 	 -1.45404
9.11 	 -1.45282
9.12 	 -1.30413
9.13 	 -1.08526
9.14 	 -0.874443
9.15 	 -0.72605
9.16 	 -0.64065
9.17 	 -0.549719
9.18 	 -0.344746
9.19 	 0.0493573
9.2 	 0.604645
9.21 	 1.18732
9.22 	 1.63705
9.23 	 1.86954
9.24 	 1.91832
9.25 	 1.88444
9.26 	 1.84222
9.27 	 1.78298
9.28 	 1.64064
9.29 	 1.3675
9.3 	 0.98536
9.31 	 0.567486
9.32 	 0.1779
9.33 	 -0.166215
9.34 	 -0.471402
9.35 	 -0.7135
9.36 	 -0.821156
9.37 	 -0.731536
9.38 	 -0.470688
9.39 	 -0.171458
9.4 	 0.00460255
9.41 	 -0.0207887
9.42 	 -0.198717
9.43 	 -0.41714
9.44 	 -0.606394
9.45 	 -0.780281
9.46 	 -0.979448
9.47 	 -1.18794
9.48 	 -1.31691
9.49 	 -1.27307
9.5 	 -1.03999
9.51 	 -0.691046
9.52 	 -0.329727
9.53 	 -0.0252635
9.54 	 0.199392
9.55 	 0.340791
9.56 	 0.401656
9.57 	 0.410183
9.58 	 0.433719
9.59 	 0.541652
9.6 	 0.733886
9.61 	 0.910942
9.62 	 0.937646
9.63 	 0.759232
9.64 	 0.465721
9.65 	 0.237062
9.66 	 0.207418
9.67 	 0.36315
9.68 	 0.561047
9.69 	 0.646151
9.7 	 0.566849
9.71 	 0.400099
9.72 	 0.282558
9.73 	 0.313344
9.74 	 0.499788
9.75 	 0.76868
9.76 	 1.01448
9.77 	 1.14403
9.78 	 1.09969
9.79 	 0.866582
9.8 	 0.476257
9.81 	 0.00793517
9.82 	 -0.424765
9.83 	 -0.712129
9.84 	 -0.800427
9.85 	 -0.723627
9.86 	 -0.582397
9.87 	 -0.474108
9.88 	 -0.423375
9.89 	 -0.371777
9.9 	 -0.238272
9.91 	 0.000978025
9.92 	 0.282358
9.93 	 0.498604
9.94 	 0.576137
9.95 	 0.521351
9.96 	 0.407148
9.97 	 0.322528
9.98 	 0.324336
9.99 	 0.412399
10.0 	 0.53035
10.01 	 0.590156
10.02 	 0.517587
10.03 	 0.303217
10.04 	 0.0236126
10.05 	 -0.197925
10.06 	 -0.275643
10.07 	 -0.227549
10.08 	 -0.165355
10.09 	 -0.209306
10.1 	 -0.3924
10.11 	 -0.631112
10.12 	 -0.786763
10.13 	 -0.766428
10.14 	 -0.583496
10.15 	 -0.338098
10.16 	 -0.143054
10.17 	 -0.0558932
10.18 	 -0.0610025
10.19 	 -0.100118
10.2 	 -0.115883
10.21 	 -0.0771545
10.22 	 0.0172574
10.23 	 0.141486
10.24 	 0.243881
10.25 	 0.255423
10.26 	 0.117993
10.27 	 -0.172499
10.28 	 -0.538379
10.29 	 -0.843093
10.3 	 -0.967183
10.31 	 -0.890312
10.32 	 -0.713113
10.33 	 -0.590081
10.34 	 -0.614873
10.35 	 -0.745048
10.36 	 -0.830512
10.37 	 -0.729054
10.38 	 -0.420267
10.39 	 -0.031067
10.4 	 0.242107
10.41 	 0.253492
10.42 	 -0.0110135
10.43 	 -0.434105
10.44 	 -0.832886
10.45 	 -1.04524
10.46 	 -0.998085
10.47 	 -0.73479
10.48 	 -0.389562
10.49 	 -0.114443
10.5 	 0.00487826
10.51 	 -0.00917745
10.52 	 -0.0565009
10.53 	 -0.0376185
10.54 	 0.0822484
10.55 	 0.26979
10.56 	 0.470087
10.57 	 0.649831
10.58 	 0.799378
10.59 	 0.907227
10.6 	 0.948235
10.61 	 0.904451
10.62 	 0.794766
10.63 	 0.674379
10.64 	 0.594663
10.65 	 0.559323
10.66 	 0.523472
10.67 	 0.442175
10.68 	 0.32418
10.69 	 0.236424
10.7 	 0.247133
10.71 	 0.353876
10.72 	 0.464266
10.73 	 0.455512
10.74 	 0.268488
10.75 	 -0.0414057
10.76 	 -0.339549
10.77 	 -0.506859
10.78 	 -0.521279
10.79 	 -0.466018
10.8 	 -0.462938
10.81 	 -0.583611
10.82 	 -0.79938
10.83 	 -0.998574
10.84 	 -1.05592
10.85 	 -0.911423
10.86 	 -0.612503
10.87 	 -0.294053
10.88 	 -0.106682
10.89 	 -0.133361
10.9 	 -0.343064
10.91 	 -0.610394
10.92 	 -0.789611
10.93 	 -0.794626
10.94 	 -0.633875
10.95 	 -0.384285
10.96 	 -0.131886
10.97 	 0.0747261
10.98 	 0.229317
10.99 	 0.341583
11.0 	 0.414889
11.01 	 0.449711
11.02 	 0.459409
11.03 	 0.47056
11.04 	 0.499896
11.05 	 0.53047
11.06 	 0.518691
11.07 	 0.436617
11.08 	 0.31259
11.09 	 0.22453
11.1 	 0.240583
11.11 	 0.353504
11.12 	 0.46883
11.13 	 0.468186
11.14 	 0.304644
11.15 	 0.0506997
11.16 	 -0.147874
11.17 	 -0.179953
11.18 	 -0.0523347
11.19 	 0.118571
11.2 	 0.197456
11.21 	 0.127304
11.22 	 -0.0414214
11.23 	 -0.198929
11.24 	 -0.249434
11.25 	 -0.155474
11.26 	 0.05845
11.27 	 0.322411
11.28 	 0.542468
11.29 	 0.631019
11.3 	 0.548412
11.31 	 0.333273
11.32 	 0.0879958
11.33 	 -0.08297
11.34 	 -0.13774
11.35 	 -0.112125
11.36 	 -0.0767761
11.37 	 -0.0787837
11.38 	 -0.117884
11.39 	 -0.167806
11.4 	 -0.209388
11.41 	 -0.239307
11.42 	 -0.254888
11.43 	 -0.244258
11.44 	 -0.199232
11.45 	 -0.13544
11.46 	 -0.0909794
11.47 	 -0.0965344
11.48 	 -0.14423
11.49 	 -0.190604
11.5 	 -0.196523
11.51 	 -0.167283
11.52 	 -0.153477
11.53 	 -0.208451
11.54 	 -0.33658
11.55 	 -0.476579
11.56 	 -0.53693
11.57 	 -0.457564
11.58 	 -0.251027
11.59 	 0.00598198
11.6 	 0.222561
11.61 	 0.348283
11.62 	 0.393276
11.63 	 0.402036
11.64 	 0.407551
11.65 	 0.406291
11.66 	 0.371113
11.67 	 0.283361
11.68 	 0.151602
11.69 	 0.00289126
11.7 	 -0.136759
11.71 	 -0.246392
11.72 	 -0.296424
11.73 	 -0.244151
11.74 	 -0.0595749
11.75 	 0.235728
11.76 	 0.559655
11.77 	 0.812082
11.78 	 0.939583
11.79 	 0.965197
11.8 	 0.954035
11.81 	 0.946105
11.82 	 0.919422
11.83 	 0.815771
11.84 	 0.601804
11.85 	 0.309298
11.86 	 0.0224356
11.87 	 -0.172847
11.88 	 -0.235829
11.89 	 -0.184721
11.9 	 -0.0788748
11.91 	 0.0112377
11.92 	 0.0323246
11.93 	 -0.0295535
11.94 	 -0.137893
11.95 	 -0.21514
11.96 	 -0.177974
11.97 	 0.0121823
11.98 	 0.312977
11.99 	 0.610741
12.0 	 0.78042
12.01 	 0.760286
12.02 	 0.587636
12.03 	 0.366265
12.04 	 0.189087
12.05 	 0.0773376
12.06 	 -0.0156002
12.07 	 -0.145825
12.08 	 -0.324233
12.09 	 -0.513181
12.1 	 -0.666286
12.11 	 -0.76218
12.12 	 -0.798719
12.13 	 -0.766031
12.14 	 -0.64412
12.15 	 -0.438856
12.16 	 -0.214885
12.17 	 -0.0740774
12.18 	 -0.0823057
12.19 	 -0.209305
12.2 	 -0.345769
12.21 	 -0.391735
12.22 	 -0.339179
12.23 	 -0.273001
12.24 	 -0.289678
12.25 	 -0.408615
12.26 	 -0.555242
12.27 	 -0.626688
12.28 	 -0.57795
12.29 	 -0.454772
12.3 	 -0.351911
12.31 	 -0.337849
12.32 	 -0.406933
12.33 	 -0.48929
12.34 	 -0.501593
12.35 	 -0.397809
12.36 	 -0.1901
12.37 	 0.063352
12.38 	 0.287836
12.39 	 0.419858
12.4 	 0.423941
12.41 	 0.301006
12.42 	 0.0916459
12.43 	 -0.130412
12.44 	 -0.280912
12.45 	 -0.2995
12.46 	 -0.178553
12.47 	 0.0338764
12.48 	 0.262367
12.49 	 0.444949
12.5 	 0.558356
12.51 	 0.615683
12.52 	 0.646745
12.53 	 0.678169
12.54 	 0.721851
12.55 	 0.77097
12.56 	 0.802129
12.57 	 0.7869
12.58 	 0.713294
12.59 	 0.603238
12.6 	 0.504738
12.61 	 0.456175
12.62 	 0.451107
12.63 	 0.439437
12.64 	 0.370594
12.65 	 0.242522
12.66 	 0.109372
12.67 	 0.0366324
12.68 	 0.043093
12.69 	 0.0827256
12.7 	 0.0810001
12.71 	 -0.00983
12.72 	 -0.183132
12.73 	 -0.392542
12.74 	 -0.586222
12.75 	 -0.729811
12.76 	 -0.808393
12.77 	 -0.820959
12.78 	 -0.78052
12.79 	 -0.716083
12.8 	 -0.665402
12.81 	 -0.657376
12.82 	 -0.694367
12.83 	 -0.746658
12.84 	 -0.765843
12.85 	 -0.713692
12.86 	 -0.591437
12.87 	 -0.449198
12.88 	 -0.36246
12.89 	 -0.382953
12.9 	 -0.495831
12.91 	 -0.62045
12.92 	 -0.662125
12.93 	 -0.578415
12.94 	 -0.408621
12.95 	 -0.244593
12.96 	 -0.167423
12.97 	 -0.198616
12.98 	 -0.297301
12.99 	 -0.395037
13.0 	 -0.435384
13.01 	 -0.394042
13.02 	 -0.277733
13.03 	 -0.112048
13.04 	 0.0720392
13.05 	 0.248141
13.06 	 0.399576
13.07 	 0.518995
13.08 	 0.603329
13.09 	 0.649002
13.1 	 0.652733
13.11 	 0.616496
13.12 	 0.550041
13.13 	 0.467737
13.14 	 0.383138
13.15 	 0.30671
13.16 	 0.247995
13.17 	 0.217268
13.18 	 0.220844
13.19 	 0.252267
13.2 	 0.290158
13.21 	 0.310441
13.22 	 0.305952
13.23 	 0.295552
13.24 	 0.310669
13.25 	 0.366291
13.26 	 0.439492
13.27 	 0.475899
13.28 	 0.422752
13.29 	 0.264905
13.3 	 0.0378848
13.31 	 -0.189646
13.32 	 -0.351152
13.33 	 -0.413783
13.34 	 -0.389632
13.35 	 -0.323411
13.36 	 -0.265547
13.37 	 -0.244613
13.38 	 -0.252484
13.39 	 -0.250962
13.4 	 -0.196438
13.41 	 -0.0663962
13.42 	 0.128063
13.43 	 0.347997
13.44 	 0.544151
13.45 	 0.675223
13.46 	 0.718981
13.47 	 0.676503
13.48 	 0.572727
13.49 	 0.451389
13.5 	 0.360271
13.51 	 0.329206
13.52 	 0.351718
13.53 	 0.384284
13.54 	 0.370318
13.55 	 0.278277
13.56 	 0.127847
13.57 	 -0.017732
13.58 	 -0.09121
13.59 	 -0.065845
13.6 	 0.0274196
13.61 	 0.122285
13.62 	 0.160605
13.63 	 0.124449
13.64 	 0.0372105
13.65 	 -0.0601029
13.66 	 -0.135573
13.67 	 -0.17822
13.68 	 -0.192568
13.69 	 -0.185895
13.7 	 -0.160041
13.71 	 -0.11329
13.72 	 -0.0492627
13.73 	 0.0153853
13.74 	 0.0522272
13.75 	 0.0337949
13.76 	 -0.0480908
13.77 	 -0.170703
13.78 	 -0.285547
13.79 	 -0.33982
13.8 	 -0.303374
13.81 	 -0.186095
13.82 	 -0.0343696
13.83 	 0.0923817
13.84 	 0.150468
13.85 	 0.128667
13.86 	 0.0465
13.87 	 -0.0592091
13.88 	 -0.148463
13.89 	 -0.188192
13.9 	 -0.161844
13.91 	 -0.0803072
13.92 	 0.0143124
13.93 	 0.0638052
13.94 	 0.0266298
13.95 	 -0.0911739
13.96 	 -0.231241
13.97 	 -0.313028
13.98 	 -0.282266
13.99 	 -0.145844
14.0 	 0.031372
14.01 	 0.1665
14.02 	 0.208587
14.03 	 0.165095
14.04 	 0.0886503
14.05 	 0.0363662
14.06 	 0.0328206
14.07 	 0.0619748
14.08 	 0.088208
14.09 	 0.0848679
14.1 	 0.0481609
14.11 	 -0.00890102
14.12 	 -0.0711649
14.13 	 -0.130174
14.14 	 -0.182441
14.15 	 -0.223267
14.16 	 -0.24392
14.17 	 -0.234462
14.18 	 -0.189967
14.19 	 -0.116195
14.2 	 -0.0302923
14.21 	 0.0458761
14.22 	 0.0963304
14.23 	 0.117708
14.24 	 0.116947
14.25 	 0.102767
14.26 	 0.0796554
14.27 	 0.0503342
14.28 	 0.0229257
14.29 	 0.0122083
14.3 	 0.0294495
14.31 	 0.0682832
14.32 	 0.101561
14.33 	 0.0975055
14.34 	 0.0466082
14.35 	 -0.0226638
14.36 	 -0.0571324
14.37 	 -0.016571
14.38 	 0.0918353
14.39 	 0.211268
14.4 	 0.269779
14.41 	 0.226088
14.42 	 0.0922895
14.43 	 -0.0814285
14.44 	 -0.244224
14.45 	 -0.37318
14.46 	 -0.474251
14.47 	 -0.56286
14.48 	 -0.645974
14.49 	 -0.720132
14.5 	 -0.781846
14.51 	 -0.835352
14.52 	 -0.887051
14.53 	 -0.93152
14.54 	 -0.944644
14.55 	 -0.893532
14.56 	 -0.757412
14.57 	 -0.543674
14.58 	 -0.28662
14.59 	 -0.030705
14.6 	 0.187559
14.61 	 0.347296
14.62 	 0.44196
14.63 	 0.476992
14.64 	 0.46879
14.65 	 0.440951
14.66 	 0.415477
14.67 	 0.403606
14.68 	 0.404687
14.69 	 0.414413
14.7 	 0.432158
14.71 	 0.457504
14.72 	 0.48094
14.73 	 0.483201
14.74 	 0.44917
14.75 	 0.385456
14.76 	 0.323356
14.77 	 0.299338
14.78 	 0.326519
14.79 	 0.38175
14.8 	 0.420368
14.81 	 0.406911
14.82 	 0.338392
14.83 	 0.244311
14.84 	 0.165116
14.85 	 0.126117
14.86 	 0.126295
14.87 	 0.147923
14.88 	 0.17537
14.89 	 0.205598
14.9 	 0.242195
14.91 	 0.280849
14.92 	 0.303814
14.93 	 0.292894
14.94 	 0.248585
14.95 	 0.19277
14.96 	 0.148988
14.97 	 0.119413
14.98 	 0.0826917
14.99 	 0.0163976
15.0 	 -0.0778341
15.01 	 -0.172954
15.02 	 -0.240491
15.03 	 -0.273218
15.04 	 -0.283212
15.05 	 -0.282407
15.06 	 -0.271126
15.07 	 -0.246716
15.08 	 -0.218672
15.09 	 -0.208701
15.1 	 -0.232746
15.11 	 -0.285722
15.12 	 -0.347893
15.13 	 -0.403994
15.14 	 -0.449768
15.15 	 -0.47887
15.16 	 -0.470591
15.17 	 -0.399587
15.18 	 -0.263082
15.19 	 -0.0977708
15.2 	 0.0366899
15.21 	 0.0988837
15.22 	 0.0958209
15.23 	 0.0759565
15.24 	 0.0932555
15.25 	 0.171056
15.26 	 0.288588
15.27 	 0.395556
15.28 	 0.443229
15.29 	 0.411216
15.3 	 0.314487
15.31 	 0.188938
15.32 	 0.0659197
15.33 	 -0.0453906
15.34 	 -0.152672
15.35 	 -0.258962
15.36 	 -0.349774
15.37 	 -0.402809
15.38 	 -0.408333
15.39 	 -0.378316
15.4 	 -0.335433
15.41 	 -0.294238
15.42 	 -0.255499
15.43 	 -0.218112
15.44 	 -0.189436
15.45 	 -0.177644
15.46 	 -0.176328
15.47 	 -0.16396
15.48 	 -0.123005
15.49 	 -0.0591726
15.5 	 0.00152468
15.51 	 0.0370585
15.52 	 0.0487722
15.53 	 0.0539471
15.54 	 0.0626251
15.55 	 0.0692988
15.56 	 0.0692258
15.57 	 0.0757005
15.58 	 0.112442
15.59 	 0.185966
15.6 	 0.269396
15.61 	 0.320491
15.62 	 0.319017
15.63 	 0.283669
15.64 	 0.249372
15.65 	 0.230477
15.66 	 0.209819
15.67 	 0.162213
15.68 	 0.0840994
15.69 	 -0.00205605
15.7 	 -0.071227
15.71 	 -0.120548
15.72 	 -0.169151
15.73 	 -0.235974
15.74 	 -0.320664
15.75 	 -0.403461
15.76 	 -0.458416
15.77 	 -0.467314
15.78 	 -0.427339
15.79 	 -0.351357
15.8 	 -0.262217
15.81 	 -0.182544
15.82 	 -0.122522
15.83 	 -0.0736007
15.84 	 -0.0163828
15.85 	 0.0621922
15.86 	 0.1588
15.87 	 0.259406
15.88 	 0.351918
15.89 	 0.431264
15.9 	 0.492498
15.91 	 0.522891
15.92 	 0.507449
15.93 	 0.446499
15.94 	 0.365774
15.95 	 0.303864
15.96 	 0.285996
15.97 	 0.307832
15.98 	 0.342527
15.99 	 0.361627
16.0 	 0.350035
16.01 	 0.306369
16.02 	 0.237398
16.03 	 0.157194
16.04 	 0.0884702
16.05 	 0.055858
16.06 	 0.0706691
16.07 	 0.120764
16.08 	 0.177587
16.09 	 0.215282
16.1 	 0.224479
16.11 	 0.210525
16.12 	 0.182901
16.13 	 0.149365
16.14 	 0.118295
16.15 	 0.100066
16.16 	 0.100059
16.17 	 0.109445
16.18 	 0.106484
16.19 	 0.0712184
16.2 	 0.00113282
16.21 	 -0.0870117
16.22 	 -0.170304
16.23 	 -0.234532
16.24 	 -0.278026
16.25 	 -0.304842
16.26 	 -0.31765
16.27 	 -0.317983
16.28 	 -0.311132
16.29 	 -0.307771
16.3 	 -0.31917
16.31 	 -0.349965
16.32 	 -0.393631
16.33 	 -0.432518
16.34 	 -0.442655
16.35 	 -0.40348
16.36 	 -0.310361
16.37 	 -0.18278
16.38 	 -0.0589877
16.39 	 0.0242621
16.4 	 0.053825
16.41 	 0.0457218
16.42 	 0.0292905
16.43 	 0.024856
16.44 	 0.0346168
16.45 	 0.0517903
16.46 	 0.0746878
16.47 	 0.109112
16.48 	 0.157823
16.49 	 0.211745
16.5 	 0.254569
16.51 	 0.27562
16.52 	 0.276829
16.53 	 0.267367
16.54 	 0.253358
16.55 	 0.234509
16.56 	 0.210122
16.57 	 0.185133
16.58 	 0.167152
16.59 	 0.156984
16.6 	 0.14271
16.61 	 0.103461
16.62 	 0.0207283
16.63 	 -0.109733
16.64 	 -0.27227
16.65 	 -0.43522
16.66 	 -0.563016
16.67 	 -0.631732
16.68 	 -0.640352
16.69 	 -0.609756
16.7 	 -0.568362
16.71 	 -0.534146
16.72 	 -0.506149
16.73 	 -0.470087
16.74 	 -0.411867
16.75 	 -0.328246
16.76 	 -0.227678
16.77 	 -0.123547
16.78 	 -0.0275298
16.79 	 0.0526794
16.8 	 0.112962
16.81 	 0.152016
16.82 	 0.171126
16.83 	 0.174746
16.84 	 0.170699
16.85 	 0.167857
16.86 	 0.17196
16.87 	 0.182627
16.88 	 0.193726
16.89 	 0.197128
16.9 	 0.186993
16.91 	 0.160742
16.92 	 0.117206
16.93 	 0.0568377
16.94 	 -0.0146075
16.95 	 -0.0839949
16.96 	 -0.135442
16.97 	 -0.159791
16.98 	 -0.160651
16.99 	 -0.150637
17.0 	 -0.141539
17.01 	 -0.138202
17.02 	 -0.13978
17.03 	 -0.142317
17.04 	 -0.136769
17.05 	 -0.106376
17.06 	 -0.0336074
17.07 	 0.0819219
17.08 	 0.21031
17.09 	 0.301387
17.1 	 0.316162
17.11 	 0.255667
17.12 	 0.162443
17.13 	 0.0924312
17.14 	 0.0797968
17.15 	 0.120575
17.16 	 0.18202
17.17 	 0.224561
17.18 	 0.220193
17.19 	 0.160431
17.2 	 0.0558161
17.21 	 -0.0686932
17.22 	 -0.181076
17.23 	 -0.252393
17.24 	 -0.26651
17.25 	 -0.224408
17.26 	 -0.141554
17.27 	 -0.0404759
17.28 	 0.0581231
17.29 	 0.14162
17.3 	 0.206161
17.31 	 0.252616
17.32 	 0.281788
17.33 	 0.294031
17.34 	 0.295196
17.35 	 0.301875
17.36 	 0.335023
17.37 	 0.402289
17.38 	 0.484314
17.39 	 0.540039
17.4 	 0.530438
17.41 	 0.443068
17.42 	 0.297335
17.43 	 0.128417
17.44 	 -0.03219
17.45 	 -0.163602
17.46 	 -0.252863
17.47 	 -0.294929
17.48 	 -0.298587
17.49 	 -0.288187
17.5 	 -0.290419
17.51 	 -0.311831
17.52 	 -0.329208
17.53 	 -0.307318
17.54 	 -0.230843
17.55 	 -0.121332
17.56 	 -0.0236513
17.57 	 0.0255542
17.58 	 0.0206527
17.59 	 -0.0150913
17.6 	 -0.0499669
17.61 	 -0.0634408
17.62 	 -0.052656
17.63 	 -0.0277376
17.64 	 -0.00345837
17.65 	 0.00858299
17.66 	 0.00562373
17.67 	 -0.00541591
17.68 	 -0.0134025
17.69 	 -0.0116808
17.7 	 -0.00367576
17.71 	 -0.00082669
17.72 	 -0.0139553
17.73 	 -0.0442565
17.74 	 -0.0799088
17.75 	 -0.0997408
17.76 	 -0.08261
17.77 	 -0.0203379
17.78 	 0.0721158
17.79 	 0.159359
17.8 	 0.204728
17.81 	 0.194456
17.82 	 0.147227
17.83 	 0.0992917
17.84 	 0.0765314
17.85 	 0.0779065
17.86 	 0.0843237
17.87 	 0.081035
17.88 	 0.0687169
17.89 	 0.0539182
17.9 	 0.0344997
17.91 	 0.000403624
17.92 	 -0.0496536
17.93 	 -0.0960054
17.94 	 -0.109226
17.95 	 -0.0782344
17.96 	 -0.0267659
17.97 	 0.00178131
17.98 	 -0.0209186
17.99 	 -0.0858174
18.0 	 -0.156052
18.01 	 -0.19769
18.02 	 -0.203101
18.03 	 -0.188311
18.04 	 -0.172144
18.05 	 -0.160142
18.06 	 -0.146488
18.07 	 -0.126659
18.08 	 -0.105177
18.09 	 -0.0919588
18.1 	 -0.0939093
18.11 	 -0.111018
18.12 	 -0.138679
18.13 	 -0.170561
18.14 	 -0.197836
18.15 	 -0.208467
18.16 	 -0.19288
18.17 	 -0.153963
18.18 	 -0.110681
18.19 	 -0.0883413
18.2 	 -0.100875
18.21 	 -0.138702
18.22 	 -0.173181
18.23 	 -0.175827
18.24 	 -0.137238
18.25 	 -0.071439
18.26 	 -0.00528898
18.27 	 0.0365847
18.28 	 0.0413056
18.29 	 0.00829229
18.3 	 -0.0550748
18.31 	 -0.135701
18.32 	 -0.213996
18.33 	 -0.2658
18.34 	 -0.270697
18.35 	 -0.223552
18.36 	 -0.1414
18.37 	 -0.057408
18.38 	 -0.00145459
18.39 	 0.0195314
18.4 	 0.0246801
18.41 	 0.0423083
18.42 	 0.0870101
18.43 	 0.150055
18.44 	 0.210731
18.45 	 0.256404
18.46 	 0.291057
18.47 	 0.325731
18.48 	 0.363609
18.49 	 0.395651
18.5 	 0.409257
18.51 	 0.399223
18.52 	 0.370521
18.53 	 0.333714
18.54 	 0.300829
18.55 	 0.284083
18.56 	 0.292098
18.57 	 0.321324
18.58 	 0.350869
18.59 	 0.351404
18.6 	 0.306146
18.61 	 0.226915
18.62 	 0.149414
18.63 	 0.110416
18.64 	 0.126
18.65 	 0.187257
18.66 	 0.27205
18.67 	 0.35787
18.68 	 0.425385
18.69 	 0.457085
18.7 	 0.441255
18.71 	 0.381721
18.72 	 0.301849
18.73 	 0.23309
18.74 	 0.193607
18.75 	 0.175105
18.76 	 0.150419
18.77 	 0.0955863
18.78 	 0.00779215
18.79 	 -0.0938879
18.8 	 -0.182183
18.81 	 -0.236768
18.82 	 -0.251077
18.83 	 -0.23124
18.84 	 -0.192323
18.85 	 -0.153861
18.86 	 -0.133797
18.87 	 -0.142081
18.88 	 -0.177598
18.89 	 -0.230793
18.9 	 -0.290153
18.91 	 -0.346964
18.92 	 -0.394332
18.93 	 -0.423209
18.94 	 -0.422344
18.95 	 -0.385162
18.96 	 -0.319145
18.97 	 -0.249077
18.98 	 -0.207147
18.99 	 -0.212146
19.0 	 -0.252439
19.01 	 -0.288971
19.02 	 -0.279743
19.03 	 -0.208923
19.04 	 -0.0982653
19.05 	 0.00873771
19.06 	 0.0768656
19.07 	 0.0981246
19.08 	 0.086905
19.09 	 0.0617577
19.1 	 0.0327611
19.11 	 0.00253753
19.12 	 -0.0260013
19.13 	 -0.046906
19.14 	 -0.0571939
19.15 	 -0.0633152
19.16 	 -0.077938
19.17 	 -0.108298
19.18 	 -0.147572
19.19 	 -0.177708
19.2 	 -0.181251
19.21 	 -0.15239
19.22 	 -0.0985235
19.23 	 -0.0322449
19.24 	 0.0371036
19.25 	 0.103598
19.26 	 0.158751
19.27 	 0.188686
19.28 	 0.179265
19.29 	 0.12539
19.3 	 0.0365407
19.31 	 -0.0666084
19.32 	 -0.161229
19.33 	 -0.228407
19.34 	 -0.253616
19.35 	 -0.228205
19.36 	 -0.156319
19.37 	 -0.0610584
19.38 	 0.0206803
19.39 	 0.0573734
19.4 	 0.0444456
19.41 	 0.00905181
19.42 	 -0.0103357
19.43 	 0.00544398
19.44 	 0.0417063
19.45 	 0.0636841
19.46 	 0.04571
19.47 	 -0.00936362
19.48 	 -0.0753627
19.49 	 -0.12499
19.5 	 -0.147648
19.51 	 -0.149264
19.52 	 -0.139938
19.53 	 -0.124179
19.54 	 -0.100743
19.55 	 -0.0679529
19.56 	 -0.0275767
19.57 	 0.0156449
19.58 	 0.0568198
19.59 	 0.0926172
19.6 	 0.120962
19.61 	 0.140489
19.62 	 0.150645
19.63 	 0.151982
19.64 	 0.146833
19.65 	 0.139989
19.66 	 0.137117
19.67 	 0.140603
19.68 	 0.147153
19.69 	 0.151484
19.7 	 0.154141
19.71 	 0.165512
19.72 	 0.199618
19.73 	 0.260331
19.74 	 0.331535
19.75 	 0.38126
19.76 	 0.377875
19.77 	 0.306256
19.78 	 0.174158
19.79 	 0.00880404
19.8 	 -0.151278
19.81 	 -0.266472
19.82 	 -0.308698
19.83 	 -0.2745
19.84 	 -0.190635
19.85 	 -0.103375
19.86 	 -0.0531562
19.87 	 -0.0508516
19.88 	 -0.074136
19.89 	 -0.0875728
19.9 	 -0.0712621
19.91 	 -0.0357051
19.92 	 -0.0113996
19.93 	 -0.0225582
19.94 	 -0.0670381
19.95 	 -0.117892
19.96 	 -0.143535
19.97 	 -0.129873
19.98 	 -0.0879987
19.99 	 -0.0434362
20.0 	 -0.0171136
20.01 	 -0.0127023
20.02 	 -0.0177196
20.03 	 -0.0150805
20.04 	 0.00429259
20.05 	 0.035955
20.06 	 0.0654359
20.07 	 0.0767527
20.08 	 0.0604921
20.09 	 0.0180202
20.1 	 -0.0391574
20.11 	 -0.0940271
20.12 	 -0.130724
20.13 	 -0.140748
20.14 	 -0.126406
20.15 	 -0.100189
20.16 	 -0.079971
20.17 	 -0.0810519
20.18 	 -0.107445
20.19 	 -0.146881
20.2 	 -0.174441
20.21 	 -0.165188
20.22 	 -0.108795
20.23 	 -0.0158981
20.24 	 0.0886066
20.25 	 0.179968
20.26 	 0.244745
20.27 	 0.281847
20.28 	 0.296274
20.29 	 0.293267
20.3 	 0.276113
20.31 	 0.245217
20.32 	 0.197577
20.33 	 0.130042
20.34 	 0.0474477
20.35 	 -0.0312192
20.36 	 -0.0788733
20.37 	 -0.0794833
20.38 	 -0.0447744
20.39 	 -0.00915083
20.4 	 -0.00273498
20.41 	 -0.0258661
20.42 	 -0.0491778
20.43 	 -0.0396694
20.44 	 0.0112039
20.45 	 0.0824782
20.46 	 0.143293
20.47 	 0.175656
20.48 	 0.180723
20.49 	 0.169775
20.5 	 0.154305
20.51 	 0.143811
20.52 	 0.146977
20.53 	 0.16835
20.54 	 0.201419
20.55 	 0.227421
20.56 	 0.225101
20.57 	 0.184317
20.58 	 0.112043
20.59 	 0.027297
20.6 	 -0.0491058
20.61 	 -0.102955
20.62 	 -0.130982
20.63 	 -0.141415
20.64 	 -0.149968
20.65 	 -0.171295
20.66 	 -0.210156
20.67 	 -0.2587
20.68 	 -0.302476
20.69 	 -0.330239
20.7 	 -0.338771
20.71 	 -0.330045
20.72 	 -0.307154
20.73 	 -0.274392
20.74 	 -0.238195
20.75 	 -0.203818
20.76 	 -0.169809
20.77 	 -0.127734
20.78 	 -0.0711055
20.79 	 -0.00646236
20.8 	 0.0476115
20.81 	 0.0773917
20.82 	 0.0900906
20.83 	 0.109399
20.84 	 0.152496
20.85 	 0.210949
20.86 	 0.255018
20.87 	 0.259005
20.88 	 0.224426
20.89 	 0.178892
20.9 	 0.153208
20.91 	 0.160055
20.92 	 0.190869
20.93 	 0.226784
20.94 	 0.250317
20.95 	 0.250489
20.96 	 0.223345
20.97 	 0.173178
20.98 	 0.114056
20.99 	 0.0652912
21.0 	 0.0402489
21.01 	 0.0387237
21.02 	 0.0507348
21.03 	 0.0665163
21.04 	 0.0820258
21.05 	 0.0961332
21.06 	 0.104647
21.07 	 0.0994237
21.08 	 0.0750874
21.09 	 0.0359489
21.1 	 -0.00562847
21.11 	 -0.0381002
21.12 	 -0.058025
21.13 	 -0.0705783
21.14 	 -0.0847097
21.15 	 -0.107055
21.16 	 -0.138697
21.17 	 -0.176547
21.18 	 -0.21695
21.19 	 -0.257819
21.2 	 -0.297837
21.21 	 -0.333045
21.22 	 -0.353258
21.23 	 -0.343827
21.24 	 -0.295667
21.25 	 -0.21668
21.26 	 -0.132518
21.27 	 -0.0724228
21.28 	 -0.0495368
21.29 	 -0.0520511
21.3 	 -0.0547276
21.31 	 -0.0422234
21.32 	 -0.0226787
21.33 	 -0.0182389
21.34 	 -0.0418011
21.35 	 -0.0822233
21.36 	 -0.111413
21.37 	 -0.106278
21.38 	 -0.0653467
21.39 	 -0.00614084
21.4 	 0.0511289
21.41 	 0.096385
21.42 	 0.12949
21.43 	 0.152575
21.44 	 0.165205
21.45 	 0.165514
21.46 	 0.152629
21.47 	 0.125877
21.48 	 0.0829353
21.49 	 0.0224828
21.5 	 -0.0491682
21.51 	 -0.115916
21.52 	 -0.159966
21.53 	 -0.174227
21.54 	 -0.166799
21.55 	 -0.152422
21.56 	 -0.138596
21.57 	 -0.119769
21.58 	 -0.0851697
21.59 	 -0.0318833
21.6 	 0.0302829
21.61 	 0.0861649
21.62 	 0.126409
21.63 	 0.151778
21.64 	 0.168033
21.65 	 0.177966
21.66 	 0.179259
21.67 	 0.169905
21.68 	 0.154186
21.69 	 0.14155
21.7 	 0.138312
21.71 	 0.139708
21.72 	 0.130847
21.73 	 0.0982534
21.74 	 0.0432422
21.75 	 -0.015543
21.76 	 -0.0548234
21.77 	 -0.0657254
21.78 	 -0.0632215
21.79 	 -0.0757662
21.8 	 -0.121396
21.81 	 -0.190256
21.82 	 -0.249434
21.83 	 -0.266553
21.84 	 -0.232685
21.85 	 -0.166689
21.86 	 -0.0994215
21.87 	 -0.053007
21.88 	 -0.0318127
21.89 	 -0.0274871
21.9 	 -0.0279103
21.91 	 -0.0217112
21.92 	 0.000724497
21.93 	 0.0448417
21.94 	 0.10701
21.95 	 0.172278
21.96 	 0.22061
21.97 	 0.239017
21.98 	 0.228687
21.99 	 0.200083
22.0 	 0.161447
22.01 	 0.11263
22.02 	 0.0503405
22.03 	 -0.0207535
22.04 	 -0.0838491
22.05 	 -0.119787
22.06 	 -0.122571
22.07 	 -0.104666
22.08 	 -0.0858631
22.09 	 -0.0761622
22.1 	 -0.0688256
22.11 	 -0.0495982
22.12 	 -0.0121752
22.13 	 0.0359107
22.14 	 0.0815801
22.15 	 0.117204
22.16 	 0.141334
22.17 	 0.150577
22.18 	 0.135732
22.19 	 0.0899967
22.2 	 0.0215749
22.21 	 -0.0444408
22.22 	 -0.0804013
22.23 	 -0.0751406
22.24 	 -0.0405629
22.25 	 -0.00107602
22.26 	 0.0226344
22.27 	 0.0219768
22.28 	 -0.000985993
22.29 	 -0.0376591
22.3 	 -0.0748969
22.31 	 -0.0971765
22.32 	 -0.0930668
22.33 	 -0.0637081
22.34 	 -0.0246288
22.35 	 0.00371297
22.36 	 0.00937572
22.37 	 -0.00566528
22.38 	 -0.0312634
22.39 	 -0.0581984
22.4 	 -0.0819035
22.41 	 -0.0995168
22.42 	 -0.105931
22.43 	 -0.0944245
22.44 	 -0.0614023
22.45 	 -0.0103552
22.46 	 0.0477939
22.47 	 0.0976172
22.48 	 0.125361
22.49 	 0.12744
22.5 	 0.115582
22.51 	 0.11148
22.52 	 0.131229
22.53 	 0.171123
22.54 	 0.208976
22.55 	 0.222391
22.56 	 0.207566
22.57 	 0.180028
22.58 	 0.1572
22.59 	 0.141942
22.6 	 0.124182
22.61 	 0.0968347
22.62 	 0.0661924
22.63 	 0.0443877
22.64 	 0.0334798
22.65 	 0.0206569
22.66 	 -0.00950378
22.67 	 -0.0596003
22.68 	 -0.117279
22.69 	 -0.166884
22.7 	 -0.200587
22.71 	 -0.218066
22.72 	 -0.219584
22.73 	 -0.204353
22.74 	 -0.176171
22.75 	 -0.146552
22.76 	 -0.128041
22.77 	 -0.123612
22.78 	 -0.12464
22.79 	 -0.121053
22.8 	 -0.112364
22.81 	 -0.106308
22.82 	 -0.106629
22.83 	 -0.105117
22.84 	 -0.0883736
22.85 	 -0.0527595
22.86 	 -0.011396
22.87 	 0.0149509
22.88 	 0.0147221
22.89 	 -0.00573328
22.9 	 -0.028571
22.91 	 -0.038344
22.92 	 -0.0311899
22.93 	 -0.0144387
22.94 	 -0.0001053
22.95 	 0.00222796
22.96 	 -0.0101599
22.97 	 -0.0323585
22.98 	 -0.0545779
22.99 	 -0.0671808
23.0 	 -0.0651486
23.01 	 -0.0490069
23.02 	 -0.0224302
23.03 	 0.0098677
23.04 	 0.0418314
23.05 	 0.0658023
23.06 	 0.0754842
23.07 	 0.0705949
23.08 	 0.0580719
23.09 	 0.0473295
23.1 	 0.0433826
23.11 	 0.0446135
23.12 	 0.0471753
23.13 	 0.0501771
23.14 	 0.0550134
23.15 	 0.0601921
23.16 	 0.059397
23.17 	 0.0468058
23.18 	 0.0246282
23.19 	 0.00397467
23.2 	 -0.00367435
23.21 	 0.00342482
23.22 	 0.0164671
23.23 	 0.0258933
23.24 	 0.0311281
23.25 	 0.0393398
23.26 	 0.054117
23.27 	 0.0662372
23.28 	 0.0580248
23.29 	 0.0197911
23.3 	 -0.0366818
23.31 	 -0.08198
23.32 	 -0.0885467
23.33 	 -0.0492681
23.34 	 0.0199245
23.35 	 0.0938152
23.36 	 0.154945
23.37 	 0.19991
23.38 	 0.23262
23.39 	 0.254567
23.4 	 0.261971
23.41 	 0.249959
23.42 	 0.217746
23.43 	 0.170284
23.44 	 0.115982
23.45 	 0.063187
23.46 	 0.0183176
23.47 	 -0.014475
23.48 	 -0.0336759
23.49 	 -0.0401297
23.5 	 -0.0350635
23.51 	 -0.0182894
23.52 	 0.0111619
23.53 	 0.0525964
23.54 	 0.101499
23.55 	 0.149372
23.56 	 0.18645
23.57 	 0.205923
23.58 	 0.206498
23.59 	 0.191627
23.6 	 0.166814
23.61 	 0.137141
23.62 	 0.106448
23.63 	 0.0783949
23.64 	 0.0572314
23.65 	 0.0450419
23.66 	 0.0367357
23.67 	 0.0193695
23.68 	 -0.020166
23.69 	 -0.0838098
23.7 	 -0.156804
23.71 	 -0.214157
23.72 	 -0.236527
23.73 	 -0.223648
23.74 	 -0.193538
23.75 	 -0.168615
23.76 	 -0.161192
23.77 	 -0.168521
23.78 	 -0.178073
23.79 	 -0.177244
23.8 	 -0.160009
23.81 	 -0.127149
23.82 	 -0.0837027
23.83 	 -0.0376372
23.84 	 0.00149477
23.85 	 0.0254707
23.86 	 0.0299403
23.87 	 0.0154195
23.88 	 -0.0124977
23.89 	 -0.0444615
23.9 	 -0.0711898
23.91 	 -0.0880028
23.92 	 -0.0974284
23.93 	 -0.107929
23.94 	 -0.127745
23.95 	 -0.157302
23.96 	 -0.187633
23.97 	 -0.207384
23.98 	 -0.211633
23.99 	 -0.204398
24.0 	 -0.193702
24.01 	 -0.184571
24.02 	 -0.176598
24.03 	 -0.167945
24.04 	 -0.160458
24.05 	 -0.159447
24.06 	 -0.168881
24.07 	 -0.188088
24.08 	 -0.212251
24.09 	 -0.234038
24.1 	 -0.244792
24.11 	 -0.236541
24.12 	 -0.205467
24.13 	 -0.155019
24.14 	 -0.0955966
24.15 	 -0.0395061
24.16 	 0.00533825
24.17 	 0.0369271
24.18 	 0.0555213
24.19 	 0.0613443
24.2 	 0.0569309
24.21 	 0.0492739
24.22 	 0.04641
24.23 	 0.0503483
24.24 	 0.053703
24.25 	 0.0454143
24.26 	 0.0219782
24.27 	 -0.00720416
24.28 	 -0.0269299
24.29 	 -0.0283451
24.3 	 -0.013922
24.31 	 0.00754383
24.32 	 0.028934
24.33 	 0.0483976
24.34 	 0.06717
24.35 	 0.08608
24.36 	 0.105184
24.37 	 0.125087
24.38 	 0.145984
24.39 	 0.165438
24.4 	 0.179222
24.41 	 0.185358
24.42 	 0.186657
24.43 	 0.188453
24.44 	 0.193398
24.45 	 0.198781
24.46 	 0.199869
24.47 	 0.196229
24.48 	 0.194074
24.49 	 0.201744
24.5 	 0.222694
24.51 	 0.252487
24.52 	 0.281848
24.53 	 0.302338
24.54 	 0.309783
24.55 	 0.303404
24.56 	 0.282808
24.57 	 0.246964
24.58 	 0.196943
24.59 	 0.139519
24.6 	 0.086988
24.61 	 0.0517144
24.62 	 0.0386706
24.63 	 0.0417309
24.64 	 0.0476212
24.65 	 0.0453423
24.66 	 0.0335478
24.67 	 0.019825
24.68 	 0.0130825
24.69 	 0.0159328
24.7 	 0.0231318
24.71 	 0.0265135
24.72 	 0.021285
24.73 	 0.00809563
24.74 	 -0.00976832
24.75 	 -0.0301166
24.76 	 -0.0527837
24.77 	 -0.0776576
24.78 	 -0.10232
24.79 	 -0.121691
24.8 	 -0.130344
24.81 	 -0.126061
24.82 	 -0.111944
24.83 	 -0.0951441
24.84 	 -0.0827018
24.85 	 -0.0773034
24.86 	 -0.0763179
24.87 	 -0.0752416
24.88 	 -0.0726664
24.89 	 -0.0720339
24.9 	 -0.0785098
24.91 	 -0.0941222
24.92 	 -0.115544
24.93 	 -0.135803
24.94 	 -0.147719
24.95 	 -0.146639
24.96 	 -0.132062
24.97 	 -0.108569
24.98 	 -0.0850325
24.99 	 -0.0705589
25.0 	 -0.0688953
25.01 	 -0.0763677
25.02 	 -0.0864514
25.03 	 -0.0971616
25.04 	 -0.113123
25.05 	 -0.139077
25.06 	 -0.171579
25.07 	 -0.198618
25.08 	 -0.208404
25.09 	 -0.198512
25.1 	 -0.176326
25.11 	 -0.151039
25.12 	 -0.126208
25.13 	 -0.10055
25.14 	 -0.0742799
25.15 	 -0.0518988
25.16 	 -0.0380196
25.17 	 -0.0320492
25.18 	 -0.0283596
25.19 	 -0.021673
25.2 	 -0.0117391
25.21 	 -0.00241956
25.22 	 0.003156
25.23 	 0.00542402
25.24 	 0.00678904
25.25 	 0.00906454
25.26 	 0.0130748
25.27 	 0.0193348
25.28 	 0.0277574
25.29 	 0.0366946
25.3 	 0.043227
25.31 	 0.0454838
25.32 	 0.044878
25.33 	 0.0452323
25.34 	 0.0491998
25.35 	 0.0558559
25.36 	 0.062111
25.37 	 0.0662284
25.38 	 0.0697398
25.39 	 0.0761327
25.4 	 0.0877897
25.41 	 0.103557
25.42 	 0.118223
25.43 	 0.124345
25.44 	 0.116227
25.45 	 0.0943889
25.46 	 0.06745
25.47 	 0.0486693
25.48 	 0.0478324
25.49 	 0.0641331
25.5 	 0.0866254
25.51 	 0.102422
25.52 	 0.105403
25.53 	 0.0983897
25.54 	 0.0885014
25.55 	 0.080935
25.56 	 0.0765238
25.57 	 0.0737763
25.58 	 0.0716113
25.59 	 0.0697032
25.6 	 0.0674698
25.61 	 0.0639633
25.62 	 0.0585966
25.63 	 0.0515564
25.64 	 0.0436584
25.65 	 0.0360489
25.66 	 0.0300082
25.67 	 0.0268965
25.68 	 0.0279811
25.69 	 0.0339784
25.7 	 0.044646
25.71 	 0.0586599
25.72 	 0.0734343
25.73 	 0.0850843
25.74 	 0.0896425
25.75 	 0.0854224
25.76 	 0.0742154
25.77 	 0.0595255
25.78 	 0.0433562
25.79 	 0.0248453
25.8 	 0.0022534
25.81 	 -0.0237285
25.82 	 -0.0491707
25.83 	 -0.0697896
25.84 	 -0.0840152
25.85 	 -0.0923846
25.86 	 -0.0944259
25.87 	 -0.0877189
25.88 	 -0.0713641
25.89 	 -0.0505411
25.9 	 -0.0361447
25.91 	 -0.0373628
25.92 	 -0.0529689
25.93 	 -0.0700568
25.94 	 -0.0725463
25.95 	 -0.0528227
25.96 	 -0.0171059
25.97 	 0.0194696
25.98 	 0.0432143
25.99 	 0.0486711
26.0 	 0.0378209
26.01 	 0.01549
26.02 	 -0.013572
26.03 	 -0.0445956
26.04 	 -0.0721834
26.05 	 -0.0917579
26.06 	 -0.102435
26.07 	 -0.107847
26.08 	 -0.113073
26.09 	 -0.120202
26.1 	 -0.126519
26.11 	 -0.126754
26.12 	 -0.117538
26.13 	 -0.1007
26.14 	 -0.0826503
26.15 	 -0.0700837
26.16 	 -0.0653233
26.17 	 -0.0648409
26.18 	 -0.0617271
26.19 	 -0.0500519
26.2 	 -0.0281008
26.21 	 0.00129288
26.22 	 0.0326559
26.23 	 0.0600174
26.24 	 0.07832
26.25 	 0.0846858
26.26 	 0.0796462
26.27 	 0.0671202
26.28 	 0.0525748
26.29 	 0.040401
26.3 	 0.032065
26.31 	 0.0262161
26.32 	 0.0207716
26.33 	 0.0152773
26.34 	 0.0114745
26.35 	 0.0118608
26.36 	 0.0175269
26.37 	 0.0265893
26.38 	 0.0344662
26.39 	 0.0362867
26.4 	 0.0296041
26.41 	 0.0152035
26.42 	 -0.00401323
26.43 	 -0.0243544
26.44 	 -0.0420536
26.45 	 -0.0540363
26.46 	 -0.0593966
26.47 	 -0.0606617
26.48 	 -0.062515
26.49 	 -0.0671868
26.5 	 -0.0703657
26.51 	 -0.0633029
26.52 	 -0.0412181
26.53 	 -0.0102406
26.54 	 0.0150525
26.55 	 0.02246
26.56 	 0.0116412
26.57 	 -0.00673812
26.58 	 -0.0210874
26.59 	 -0.0277874
26.6 	 -0.0304032
26.61 	 -0.032101
26.62 	 -0.0313914
26.63 	 -0.0258307
26.64 	 -0.0180447
26.65 	 -0.015819
26.66 	 -0.0251834
26.67 	 -0.0439046
26.68 	 -0.0628449
26.69 	 -0.0740811
26.7 	 -0.0773988
26.71 	 -0.0791789
26.72 	 -0.0860017
26.73 	 -0.0991791
26.74 	 -0.113451
26.75 	 -0.119283
26.76 	 -0.107191
26.77 	 -0.0728588
26.78 	 -0.0211747
26.79 	 0.033915
26.8 	 0.0758422
26.81 	 0.0954502
26.82 	 0.0970738
26.83 	 0.0951104
26.84 	 0.103782
26.85 	 0.128428
26.86 	 0.164146
26.87 	 0.200711
26.88 	 0.228517
26.89 	 0.241605
26.9 	 0.238113
26.91 	 0.220514
26.92 	 0.195655
26.93 	 0.17241
26.94 	 0.157002
26.95 	 0.149717
26.96 	 0.146174
26.97 	 0.141964
26.98 	 0.136268
26.99 	 0.131122
27.0 	 0.127473
27.01 	 0.122611
27.02 	 0.111696
27.03 	 0.0911612
27.04 	 0.0604134
27.05 	 0.0213902
27.06 	 -0.0219291
27.07 	 -0.0630894
27.08 	 -0.0933518
27.09 	 -0.104852
27.1 	 -0.0961992
27.11 	 -0.0756623
27.12 	 -0.0574674
27.13 	 -0.0529372
27.14 	 -0.063346
27.15 	 -0.080097
27.16 	 -0.0918706
27.17 	 -0.093014
27.18 	 -0.0868345
27.19 	 -0.0820466
27.2 	 -0.0858785
27.21 	 -0.0987933
27.22 	 -0.113856
27.23 	 -0.1208
27.24 	 -0.112208
27.25 	 -0.088183
27.26 	 -0.0568371
27.27 	 -0.0301188
27.28 	 -0.0171735
27.29 	 -0.0194313
27.3 	 -0.0307421
27.31 	 -0.0420689
27.32 	 -0.0470561
27.33 	 -0.0445309
27.34 	 -0.0368714
27.35 	 -0.0270492
27.36 	 -0.0177494
27.37 	 -0.0121593
27.38 	 -0.0134243
27.39 	 -0.0220858
27.4 	 -0.0342683
27.41 	 -0.0435329
27.42 	 -0.0457735
27.43 	 -0.0424558
27.44 	 -0.0382565
27.45 	 -0.0354796
27.46 	 -0.0316181
27.47 	 -0.0226235
27.48 	 -0.00790406
27.49 	 0.00855776
27.5 	 0.0220943
27.51 	 0.031386
27.52 	 0.0372239
27.53 	 0.037555
27.54 	 0.0262901
27.55 	 -0.000558645
27.56 	 -0.0373413
27.57 	 -0.069074
27.58 	 -0.0816212
27.59 	 -0.0731739
27.6 	 -0.0554999
27.61 	 -0.0427288
27.62 	 -0.0381082
27.63 	 -0.031391
27.64 	 -0.00892376
27.65 	 0.0333515
27.66 	 0.0856708
27.67 	 0.131807
27.68 	 0.16032
27.69 	 0.169923
27.7 	 0.166325
27.71 	 0.155871
27.72 	 0.142241
27.73 	 0.127739
27.74 	 0.115975
27.75 	 0.111796
27.76 	 0.117604
27.77 	 0.129378
27.78 	 0.136757
27.79 	 0.128471
27.8 	 0.100009
27.81 	 0.0575333
27.82 	 0.0141565
27.83 	 -0.0188236
27.84 	 -0.038534
27.85 	 -0.0501758
27.86 	 -0.0611749
27.87 	 -0.0753921
27.88 	 -0.0917534
27.89 	 -0.106866
27.9 	 -0.117932
27.91 	 -0.123678
27.92 	 -0.124166
27.93 	 -0.120713
27.94 	 -0.115497
27.95 	 -0.11008
27.96 	 -0.103467
27.97 	 -0.0919184
27.98 	 -0.0722219
27.99 	 -0.0467061
28.0 	 -0.0248007
28.01 	 -0.0177113
28.02 	 -0.0293784
28.03 	 -0.0514694
28.04 	 -0.0677503
28.05 	 -0.0656199
28.06 	 -0.0457398
28.07 	 -0.021134
28.08 	 -0.0061609
28.09 	 -0.00526786
28.1 	 -0.0113368
28.11 	 -0.0138539
28.12 	 -0.00823779
28.13 	 0.0022612
28.14 	 0.0122112
28.15 	 0.0194621
28.16 	 0.0242359
28.17 	 0.0243211
28.18 	 0.0137276
28.19 	 -0.012255
28.2 	 -0.0505144
28.21 	 -0.089338
28.22 	 -0.115239
28.23 	 -0.121792
28.24 	 -0.11296
28.25 	 -0.09877
28.26 	 -0.0878656
28.27 	 -0.0830411
28.28 	 -0.0819241
28.29 	 -0.0803595
28.3 	 -0.0750749
28.31 	 -0.0645696
28.32 	 -0.0492873
28.33 	 -0.0316161
28.34 	 -0.014898
28.35 	 -0.00112644
28.36 	 0.010934
28.37 	 0.0248789
28.38 	 0.0431355
28.39 	 0.0638439
28.4 	 0.0812471
28.41 	 0.0895559
28.42 	 0.0871527
28.43 	 0.0778398
28.44 	 0.0683697
28.45 	 0.0643054
28.46 	 0.0670164
28.47 	 0.0733164
28.48 	 0.0776353
28.49 	 0.0755898
28.5 	 0.0669803
28.51 	 0.0560934
28.52 	 0.0488091
28.53 	 0.0486162
28.54 	 0.0547494
28.55 	 0.0636731
28.56 	 0.0718406
28.57 	 0.0767733
28.58 	 0.0763575
28.59 	 0.0689841
28.6 	 0.0556686
28.61 	 0.0416165
28.62 	 0.0340254
28.63 	 0.0367383
28.64 	 0.0464801
28.65 	 0.0547383
28.66 	 0.0539005
28.67 	 0.0420694
28.68 	 0.0229312
28.69 	 0.00222894
28.7 	 -0.015324
28.71 	 -0.0268461
28.72 	 -0.0308937
28.73 	 -0.0275552
28.74 	 -0.0188552
28.75 	 -0.00791118
28.76 	 0.00312699
28.77 	 0.0140603
28.78 	 0.0252139
28.79 	 0.0353695
28.8 	 0.0416919
28.81 	 0.0419655
28.82 	 0.0369474
28.83 	 0.0303836
28.84 	 0.026362
28.85 	 0.0263484
28.86 	 0.0285021
28.87 	 0.0293242
28.88 	 0.0258289
28.89 	 0.0170744
28.9 	 0.00480119
28.91 	 -0.00713662
28.92 	 -0.0144659
28.93 	 -0.0143926
28.94 	 -0.00681864
28.95 	 0.00559767
28.96 	 0.0186145
28.97 	 0.0278888
28.98 	 0.029805
28.99 	 0.0223387
29.0 	 0.0067547
29.01 	 -0.0114769
29.02 	 -0.0248394
29.03 	 -0.0283875
29.04 	 -0.023438
29.05 	 -0.0170422
29.06 	 -0.0168307
29.07 	 -0.0251006
29.08 	 -0.037462
29.09 	 -0.0470001
29.1 	 -0.049553
29.11 	 -0.0457504
29.12 	 -0.0393347
29.13 	 -0.0340354
29.14 	 -0.0316035
29.15 	 -0.0320066
29.16 	 -0.0344454
29.17 	 -0.037699
29.18 	 -0.0403151
29.19 	 -0.0414491
29.2 	 -0.0414636
29.21 	 -0.0413228
29.22 	 -0.0414494
29.23 	 -0.0411883
29.24 	 -0.0393235
29.25 	 -0.035293
29.26 	 -0.0299874
29.27 	 -0.0252241
29.28 	 -0.0224612
29.29 	 -0.0219941
29.3 	 -0.022886
29.31 	 -0.0232701
29.32 	 -0.0210465
29.33 	 -0.0148617
29.34 	 -0.00480177
29.35 	 0.00748062
29.36 	 0.0190914
29.37 	 0.0266746
29.38 	 0.0276088
29.39 	 0.0212665
29.4 	 0.00985628
29.41 	 -0.00179271
29.42 	 -0.00820619
29.43 	 -0.0065239
29.44 	 0.00125411
29.45 	 0.0092838
29.46 	 0.011889
29.47 	 0.0076755
29.48 	 0.000514494
29.49 	 -0.00351372
29.5 	 -0.000775119
29.51 	 0.00749783
29.52 	 0.0166887
29.53 	 0.0223701
29.54 	 0.0229258
29.55 	 0.019675
29.56 	 0.0151063
29.57 	 0.0109897
29.58 	 0.00773956
29.59 	 0.0049739
29.6 	 0.00229953
29.61 	 -0.000299996
29.62 	 -0.002453
29.63 	 -0.00359809
29.64 	 -0.00324018
29.65 	 -0.00113308
29.66 	 0.00256218
29.67 	 0.00711253
29.68 	 0.0113064
29.69 	 0.0140004
29.7 	 0.014825
29.71 	 0.0145206
29.72 	 0.0145715
29.73 	 0.0162249
29.74 	 0.019523
29.75 	 0.0231268
29.76 	 0.0250457
29.77 	 0.0236275
29.78 	 0.0182307
29.79 	 0.00952663
29.8 	 -0.000481653
29.81 	 -0.00884969
29.82 	 -0.0127128
29.83 	 -0.0107938
29.84 	 -0.00450976
29.85 	 0.00249251
29.86 	 0.00649851
29.87 	 0.00609707
29.88 	 0.00289728
29.89 	 7.58698e-05
29.9 	 -2.45254e-05
29.91 	 0.00260414
29.92 	 0.00600504
29.93 	 0.00789321
29.94 	 0.00711865
29.95 	 0.00404579
29.96 	 -1.42083e-05
29.97 	 -0.00368294
29.98 	 -0.00616959
29.99 	 -0.00742491
30.0 	 -0.00782357
30.01 	 -0.00768548
30.02 	 -0.00700175
30.03 	 -0.00553342
30.04 	 -0.00316582
30.05 	 -0.000187775
30.06 	 0.0027718
30.07 	 0.00505225
30.08 	 0.0061773
30.09 	 0.00587131
30.1 	 0.00408721
30.11 	 0.00115998
30.12 	 -0.00213253
30.13 	 -0.00486245
30.14 	 -0.00652949
30.15 	 -0.00748895
30.16 	 -0.00878785
30.17 	 -0.0114316
30.18 	 -0.0156324
30.19 	 -0.0205823
30.2 	 -0.0247956
30.21 	 -0.0267072
30.22 	 -0.0252789
30.23 	 -0.0204851
30.24 	 -0.0135118
30.25 	 -0.00644938
30.26 	 -0.00143177
30.27 	 0.000428335
30.28 	 -0.000390079
30.29 	 -0.00223457
30.3 	 -0.0034369
30.31 	 -0.00334237
30.32 	 -0.00251134
30.33 	 -0.00206366
30.34 	 -0.00278847
30.35 	 -0.00461629
30.36 	 -0.0067457
30.37 	 -0.00827307
30.38 	 -0.00873669
30.39 	 -0.00813714
30.4 	 -0.00655503
30.41 	 -0.00399196
30.42 	 -0.000764873
30.43 	 0.00209035
30.44 	 0.00325489
30.45 	 0.00238712
30.46 	 0.000881048
30.47 	 0.000865569
30.48 	 0.00309349
30.49 	 0.0058802
30.5 	 0.00643242
30.51 	 0.00351247
30.52 	 -0.0011998
30.53 	 -0.0045673
30.54 	 -0.00479638
30.55 	 -0.00272032
30.56 	 -0.000562665
30.57 	 0.000255442
30.58 	 0.000121538
30.59 	 0.000374363
30.6 	 0.00187463
30.61 	 0.00464161
30.62 	 0.00845642
30.63 	 0.0131368
30.64 	 0.0181446
30.65 	 0.0223121
30.66 	 0.0242347
30.67 	 0.0231822
30.68 	 0.0197741
30.69 	 0.0155278
30.7 	 0.0117312
30.71 	 0.00889423
30.72 	 0.00693078
30.73 	 0.00551114
30.74 	 0.00435478
30.75 	 0.00336058
30.76 	 0.00249145
30.77 	 0.00180001
30.78 	 0.00165138
30.79 	 0.00252914
30.8 	 0.00443456
30.81 	 0.00667561
30.82 	 0.00825769
30.83 	 0.00845058
30.84 	 0.00724443
30.85 	 0.00541758
30.86 	 0.00400187
30.87 	 0.00353656
30.88 	 0.00367891
30.89 	 0.00330941
30.9 	 0.00118854
30.91 	 -0.0028928
30.92 	 -0.00735487
30.93 	 -0.00958633
30.94 	 -0.00795274
30.95 	 -0.00330186
30.96 	 0.0015112
30.97 	 0.00381421
30.98 	 0.00318144
30.99 	 0.0014888
31.0 	 0.000898244
31.01 	 0.001858
31.02 	 0.00312765
31.03 	 0.00340041
31.04 	 0.00244132
31.05 	 0.000730584
31.06 	 -0.0015244
31.07 	 -0.004726
31.08 	 -0.00918303
31.09 	 -0.0141929
31.1 	 -0.0181991
31.11 	 -0.0200709
31.12 	 -0.0199625
31.13 	 -0.0188052
31.14 	 -0.0173241
31.15 	 -0.0156804
31.16 	 -0.0137334
31.17 	 -0.0114693
31.18 	 -0.00917807
31.19 	 -0.00713812
31.2 	 -0.00530805
31.21 	 -0.00365026
31.22 	 -0.00254954
31.23 	 -0.00249722
31.24 	 -0.00347953
31.25 	 -0.00490422
31.26 	 -0.00599661
31.27 	 -0.00629429
31.28 	 -0.00601229
31.29 	 -0.00584717
31.3 	 -0.00624052
31.31 	 -0.00694358
31.32 	 -0.00725372
31.33 	 -0.00642766
31.34 	 -0.00407754
31.35 	 -0.000604853
31.36 	 0.00281297
31.37 	 0.00493498
31.38 	 0.00521319
31.39 	 0.00401986
31.4 	 0.00236437
31.41 	 0.0012067
31.42 	 0.000762453
31.43 	 0.000521907
31.44 	 -5.92133e-05
31.45 	 -0.00108148
31.46 	 -0.00229492
31.47 	 -0.0033587
31.48 	 -0.00400223
31.49 	 -0.00404854
31.5 	 -0.0032731
31.51 	 -0.00136665
31.52 	 0.00175088
31.53 	 0.00564639
31.54 	 0.00956204
31.55 	 0.0128442
31.56 	 0.0151898
31.57 	 0.0166449
31.58 	 0.0174174
31.59 	 0.0176125
31.6 	 0.0171647
31.61 	 0.0160193
31.62 	 0.0142685
31.63 	 0.0121139
31.64 	 0.00981944
31.65 	 0.00769939
31.66 	 0.00604705
31.67 	 0.00503336
31.68 	 0.00463835
31.69 	 0.00463474
31.7 	 0.00470486
31.71 	 0.00469309
31.72 	 0.00475475
31.73 	 0.00520104
31.74 	 0.0061649
31.75 	 0.00737271
31.76 	 0.00820691
31.77 	 0.00805211
31.78 	 0.00669497
31.79 	 0.00446449
31.8 	 0.00201794
31.81 	 -2.82917e-05
31.82 	 -0.00136697
31.83 	 -0.00204457
31.84 	 -0.002309
31.85 	 -0.00239554
31.86 	 -0.00239647
31.87 	 -0.00225864
31.88 	 -0.001861
31.89 	 -0.00110895
31.9 	 8.63788e-07
31.91 	 0.0013635
31.92 	 0.00277437
31.93 	 0.00394348
31.94 	 0.00453481
31.95 	 0.00425494
31.96 	 0.00296924
31.97 	 0.000779221
31.98 	 -0.00200713
31.99 	 -0.00501396
32.0 	 -0.00794844
32.01 	 -0.0106496
32.02 	 -0.0130214
32.03 	 -0.0149396
32.04 	 -0.0162288
32.05 	 -0.0167313
32.06 	 -0.0164056
32.07 	 -0.0153685
32.08 	 -0.0138559
32.09 	 -0.0121433
32.1 	 -0.0104715
32.11 	 -0.00899012
32.12 	 -0.00773221
32.13 	 -0.00664735
32.14 	 -0.00569293
32.15 	 -0.00492903
32.16 	 -0.00453392
32.17 	 -0.00469631
32.18 	 -0.00544188
32.19 	 -0.00653203
32.2 	 -0.00753364
32.21 	 -0.00802248
32.22 	 -0.00778045
32.23 	 -0.00686329
32.24 	 -0.00551795
32.25 	 -0.00402924
32.26 	 -0.00260159
32.27 	 -0.00132713
32.28 	 -0.000219417
32.29 	 0.000734281
32.3 	 0.00153155
32.31 	 0.00213311
32.32 	 0.00246155
32.33 	 0.00242019
32.34 	 0.0019311
32.35 	 0.000984152
32.36 	 -0.000322751
32.37 	 -0.00177732
32.38 	 -0.00309285
32.39 	 -0.00398332
32.4 	 -0.00424122
32.41 	 -0.0037813
32.42 	 -0.00263196
32.43 	 -0.000889815
32.44 	 0.00132384
32.45 	 0.00387462
32.46 	 0.00659707
32.47 	 0.00927762
32.48 	 0.0116695
32.49 	 0.0135444
32.5 	 0.0147555
32.51 	 0.0152751
32.52 	 0.0151862
32.53 	 0.0146325
32.54 	 0.0137557
32.55 	 0.0126512
32.56 	 0.0113667
32.57 	 0.00994138
32.58 	 0.00846133
32.59 	 0.0070893
32.6 	 0.00603723
32.61 	 0.00548618
32.62 	 0.00549573
32.63 	 0.00595965
32.64 	 0.00663931
32.65 	 0.00725773
32.66 	 0.00760003
32.67 	 0.00756786
32.68 	 0.00717153
32.69 	 0.00648245
32.7 	 0.00558381
32.71 	 0.00454351
32.72 	 0.00341058
32.73 	 0.00222407
32.74 	 0.00102637
32.75 	 -0.000121793
32.76 	 -0.00112925
32.77 	 -0.00187605
32.78 	 -0.00223782
32.79 	 -0.00212817
32.8 	 -0.00153951
32.81 	 -0.000559209
32.82 	 0.000648079
32.83 	 0.00188092
32.84 	 0.00294256
32.85 	 0.00366647
32.86 	 0.00392414
32.87 	 0.00362547
32.88 	 0.0027238
32.89 	 0.00122961
32.9 	 -0.000774402
32.91 	 -0.00313059
32.92 	 -0.00562632
32.93 	 -0.00803528
32.94 	 -0.0101656
32.95 	 -0.011893
32.96 	 -0.0131652
32.97 	 -0.0139775
32.98 	 -0.0143391
32.99 	 -0.0142531
33.0 	 -0.0137229
33.01 	 -0.012782
33.02 	 -0.0115241
33.03 	 -0.0101129
33.04 	 -0.00875549
33.05 	 -0.0076494
33.06 	 -0.00692489
33.07 	 -0.00661065
33.08 	 -0.00663707
33.09 	 -0.00687229
33.1 	 -0.00717035
33.11 	 -0.00740934
33.12 	 -0.00750805
33.13 	 -0.00742314
33.14 	 -0.00713696
33.15 	 -0.0066451
33.16 	 -0.00594901
33.17 	 -0.00505539
33.18 	 -0.00398321
33.19 	 -0.00277574
33.2 	 -0.00151125
33.21 	 -0.000303214
33.22 	 0.000715594
33.23 	 0.00142154
33.24 	 0.00172955
33.25 	 0.00161146
33.26 	 0.00109821
33.27 	 0.000270287
33.28 	 -0.000754942
33.29 	 -0.00183365
33.3 	 -0.00280477
33.31 	 -0.00350334
33.32 	 -0.00378161
33.33 	 -0.00353526
33.34 	 -0.00272631
33.35 	 -0.00139258
33.36 	 0.000361832
33.37 	 0.00239231
33.38 	 0.00454527
33.39 	 0.00668245
33.4 	 0.00868938
33.41 	 0.0104693
33.42 	 0.0119318
33.43 	 0.0129902
33.44 	 0.0135722
33.45 	 0.0136433
33.46 	 0.0132295
33.47 	 0.0124251
33.48 	 0.0113796
33.49 	 0.0102655
33.5 	 0.00924033
33.51 	 0.00841571
33.52 	 0.00784337
33.53 	 0.00751908
33.54 	 0.00739863
33.55 	 0.00741732
33.56 	 0.00750594
33.57 	 0.00759985
33.58 	 0.00764128
33.59 	 0.00757782
33.6 	 0.0073609
33.61 	 0.00694804
33.62 	 0.00631031
33.63 	 0.00544333
33.64 	 0.00437689
33.65 	 0.00317795
33.66 	 0.00194397
33.67 	 0.000788287
33.68 	 -0.000177572
33.69 	 -0.000859531
33.7 	 -0.00119217
33.71 	 -0.00114647
33.72 	 -0.000735837
33.73 	 -2.03858e-05
33.74 	 0.000893742
33.75 	 0.00186372
33.76 	 0.0027294
33.77 	 0.00333909
33.78 	 0.00357466
33.79 	 0.0033679
33.8 	 0.00270403
33.81 	 0.00161352
33.82 	 0.000158043
33.83 	 -0.00158183
33.84 	 -0.00351257
33.85 	 -0.00552751
33.86 	 -0.00750562
33.87 	 -0.00931557
33.88 	 -0.010829
33.89 	 -0.0119408
33.9 	 -0.0125901
33.91 	 -0.0127736
33.92 	 -0.0125452
33.93 	 -0.0120037
33.94 	 -0.0112705
33.95 	 -0.0104668
33.96 	 -0.00969512
33.97 	 -0.00902842
33.98 	 -0.00850819
33.99 	 -0.00814787
34.0 	 -0.0079389
34.01 	 -0.00785616
34.02 	 -0.00786127
34.03 	 -0.00790434
34.04 	 -0.00792593
34.05 	 -0.00786159
34.06 	 -0.00764975
34.07 	 -0.00724198
34.08 	 -0.00661285
34.09 	 -0.00576657
34.1 	 -0.00473869
34.11 	 -0.00359311
34.12 	 -0.00241558
34.13 	 -0.00130503
34.14 	 -0.000362925
34.15 	 0.000319409
34.16 	 0.000675117
34.17 	 0.000675304
34.18 	 0.000337928
34.19 	 -0.000271579
34.2 	 -0.00104931
34.21 	 -0.00186947
34.22 	 -0.00260375
34.23 	 -0.00313804
34.24 	 -0.00338288
34.25 	 -0.00327726
34.26 	 -0.0027883
34.27 	 -0.00191025
34.28 	 -0.000665426
34.29 	 0.000893315
34.3 	 0.0026812
34.31 	 0.00458482
34.32 	 0.00647227
34.33 	 0.00820952
34.34 	 0.00967933
34.35 	 0.010798
34.36 	 0.0115253
34.37 	 0.0118665
34.38 	 0.011865
34.39 	 0.0115914
34.4 	 0.0111297
34.41 	 0.0105649
34.42 	 0.00997445
34.43 	 0.00942233
34.44 	 0.00895618
34.45 	 0.00860548
34.46 	 0.00838026
34.47 	 0.00827026
34.48 	 0.00824545
34.49 	 0.00825888
34.5 	 0.0082523
34.51 	 0.00816388
34.52 	 0.00793695
34.53 	 0.00752822
34.54 	 0.00691474
34.55 	 0.00609893
34.56 	 0.00511138
34.57 	 0.0040105
34.58 	 0.00287812
34.59 	 0.00181017
34.6 	 0.000903371
34.61 	 0.000239845
34.62 	 -0.000126594
34.63 	 -0.000179245
34.64 	 5.965e-05
34.65 	 0.000533764
34.66 	 0.00116198
34.67 	 0.00184907
34.68 	 0.00249519
34.69 	 0.0030034
34.7 	 0.00328573
34.71 	 0.00326915
34.72 	 0.00290245
34.73 	 0.00216348
34.74 	 0.00106505
34.75 	 -0.000342876
34.76 	 -0.00197656
34.77 	 -0.00372772
34.78 	 -0.00547718
34.79 	 -0.00711016
34.8 	 -0.00853005
34.81 	 -0.00966822
34.82 	 -0.0104886
34.83 	 -0.0109871
34.84 	 -0.0111874
34.85 	 -0.0111347
34.86 	 -0.0108881
34.87 	 -0.0105135
34.88 	 -0.0100779
34.89 	 -0.00964218
34.9 	 -0.00925646
34.91 	 -0.00895501
34.92 	 -0.00875312
34.93 	 -0.00864583
34.94 	 -0.00860891
34.95 	 -0.00860203
34.96 	 -0.00857372
34.97 	 -0.00846789
34.98 	 -0.00823153
34.99 	 -0.00782303
35.0 	 -0.00722025
