0.0 	 .0000000E+00
0.01 	 .4918416E-03
0.02 	 .1854497E-02
0.03 	 .3956939E-02
0.04 	 .6709241E-02
0.05 	 .9990577E-02
0.06 	 .1363411E-01
0.07 	 .1751222E-01
0.08 	 .2187730E-01
0.09 	 .2714340E-01
0.1 	 .3328568E-01
0.11 	 .3978119E-01
0.12 	 .4604102E-01
0.13 	 .5186915E-01
0.14 	 .5736016E-01
0.15 	 .6241933E-01
0.16 	 .6678580E-01
0.17 	 .7046306E-01
0.18 	 .7386374E-01
0.19 	 .7756627E-01
0.2 	 .8193547E-01
0.21 	 .8717105E-01
0.22 	 .9335158E-01
0.23 	 .1000437E+00
0.24 	 .1066290E+00
0.25 	 .1129326E+00
0.26 	 .1192965E+00
0.27 	 .1260808E+00
0.28 	 .1330417E+00
0.29 	 .1396156E+00
0.3 	 .1456785E+00
0.31 	 .1516408E+00
0.32 	 .1582160E+00
0.33 	 .1659415E+00
0.34 	 .1746146E+00
0.35 	 .1837614E+00
0.36 	 .1931661E+00
0.37 	 .2028256E+00
0.38 	 .2126647E+00
0.39 	 .2223927E+00
0.4 	 .2318649E+00
0.41 	 .2410042E+00
0.42 	 .2496048E+00
0.43 	 .2572515E+00
0.44 	 .2635259E+00
0.45 	 .2684743E+00
0.46 	 .2722285E+00
0.47 	 .2748281E+00
0.48 	 .2764787E+00
0.49 	 .2773531E+00
0.5 	 .2775632E+00
0.51 	 .2775524E+00
0.52 	 .2780471E+00
0.53 	 .2796008E+00
0.54 	 .2825956E+00
0.55 	 .2869775E+00
0.56 	 .2919721E+00
0.57 	 .2967398E+00
0.58 	 .3008858E+00
0.59 	 .3043150E+00
0.6 	 .3072244E+00
0.61 	 .3098780E+00
0.62 	 .3118785E+00
0.63 	 .3127154E+00
0.64 	 .3131163E+00
0.65 	 .3144782E+00
0.66 	 .3170628E+00
0.67 	 .3198315E+00
0.68 	 .3214507E+00
0.69 	 .3211799E+00
0.7 	 .3195313E+00
0.71 	 .3172111E+00
0.72 	 .3142999E+00
0.73 	 .3109233E+00
0.74 	 .3069709E+00
0.75 	 .3020489E+00
0.76 	 .2960145E+00
0.77 	 .2888196E+00
0.78 	 .2806988E+00
0.79 	 .2723901E+00
0.8 	 .2648513E+00
0.81 	 .2585245E+00
0.82 	 .2526811E+00
0.83 	 .2463755E+00
0.84 	 .2395960E+00
0.85 	 .2331130E+00
0.86 	 .2276949E+00
0.87 	 .2233461E+00
0.88 	 .2197461E+00
0.89 	 .2170948E+00
0.9 	 .2157293E+00
0.91 	 .2153308E+00
0.92 	 .2149513E+00
0.93 	 .2140921E+00
0.94 	 .2132782E+00
0.95 	 .2128971E+00
0.96 	 .2128195E+00
0.97 	 .2135067E+00
0.98 	 .2157987E+00
0.99 	 .2198638E+00
1.0 	 .2250867E+00
1.01 	 .2304640E+00
1.02 	 .2353949E+00
1.03 	 .2398367E+00
1.04 	 .2434404E+00
1.05 	 .2458335E+00
1.06 	 .2473045E+00
1.07 	 .2481330E+00
1.08 	 .2481370E+00
1.09 	 .2473608E+00
1.1 	 .2462766E+00
1.11 	 .2453851E+00
1.12 	 .2454650E+00
1.13 	 .2473243E+00
1.14 	 .2508027E+00
1.15 	 .2548652E+00
1.16 	 .2588209E+00
1.17 	 .2630088E+00
1.18 	 .2676916E+00
1.19 	 .2723568E+00
1.2 	 .2769851E+00
1.21 	 .2823852E+00
1.22 	 .2888337E+00
1.23 	 .2952204E+00
1.24 	 .2999055E+00
1.25 	 .3022764E+00
1.26 	 .3031277E+00
1.27 	 .3036205E+00
1.28 	 .3043390E+00
1.29 	 .3054153E+00
1.3 	 .3069167E+00
1.31 	 .3089199E+00
1.32 	 .3113469E+00
1.33 	 .3137264E+00
1.34 	 .3153925E+00
1.35 	 .3161173E+00
1.36 	 .3162709E+00
1.37 	 .3165511E+00
1.38 	 .3174430E+00
1.39 	 .3187313E+00
1.4 	 .3198067E+00
1.41 	 .3197930E+00
1.42 	 .3179964E+00
1.43 	 .3148332E+00
1.44 	 .3110812E+00
1.45 	 .3063235E+00
1.46 	 .2996019E+00
1.47 	 .2912761E+00
1.48 	 .2828395E+00
1.49 	 .2751822E+00
1.5 	 .2680782E+00
1.51 	 .2611037E+00
1.52 	 .2539098E+00
1.53 	 .2460952E+00
1.54 	 .2375776E+00
1.55 	 .2285244E+00
1.56 	 .2192357E+00
1.57 	 .2103870E+00
1.58 	 .2023547E+00
1.59 	 .1943715E+00
1.6 	 .1849924E+00
1.61 	 .1733535E+00
1.62 	 .1600960E+00
1.63 	 .1471292E+00
1.64 	 .1364618E+00
1.65 	 .1290719E+00
1.66 	 .1245857E+00
1.67 	 .1218602E+00
1.68 	 .1198058E+00
1.69 	 .1176371E+00
1.7 	 .1149425E+00
1.71 	 .1118918E+00
1.72 	 .1089787E+00
1.73 	 .1063223E+00
1.74 	 .1031221E+00
1.75 	 .9831494E-01
1.76 	 .9165342E-01
1.77 	 .8335861E-01
1.78 	 .7375927E-01
1.79 	 .6363694E-01
1.8 	 .5412725E-01
1.81 	 .4650077E-01
1.82 	 .4137641E-01
1.83 	 .3833824E-01
1.84 	 .3703405E-01
1.85 	 .3763420E-01
1.86 	 .4019781E-01
1.87 	 .4424536E-01
1.88 	 .4917112E-01
1.89 	 .5489129E-01
1.9 	 .6146771E-01
1.91 	 .6847306E-01
1.92 	 .7520519E-01
1.93 	 .8102166E-01
1.94 	 .8549435E-01
1.95 	 .8859827E-01
1.96 	 .9073280E-01
1.97 	 .9228050E-01
1.98 	 .9286427E-01
1.99 	 .9179464E-01
2.0 	 .8920286E-01
2.01 	 .8570871E-01
2.02 	 .8153046E-01
2.03 	 .7691124E-01
2.04 	 .7260607E-01
2.05 	 .6869368E-01
2.06 	 .6367463E-01
2.07 	 .5551911E-01
2.08 	 .4292811E-01
2.09 	 .2583014E-01
2.1 	 .5192533E-02
2.11 	 -.1783976E-01
2.12 	 -.4260246E-01
2.13 	 -.6871248E-01
2.14 	 -.9572306E-01
2.15 	 -.1232729E+00
2.16 	 -.1509799E+00
2.17 	 -.1781522E+00
2.18 	 -.2035521E+00
2.19 	 -.2255877E+00
2.2 	 -.2429729E+00
2.21 	 -.2544725E+00
2.22 	 -.2588237E+00
2.23 	 -.2562106E+00
2.24 	 -.2486196E+00
2.25 	 -.2380604E+00
2.26 	 -.2255300E+00
2.27 	 -.2112034E+00
2.28 	 -.1951339E+00
2.29 	 -.1783630E+00
2.3 	 -.1631041E+00
2.31 	 -.1513423E+00
2.32 	 -.1434698E+00
2.33 	 -.1384605E+00
2.34 	 -.1357148E+00
2.35 	 -.1366793E+00
2.36 	 -.1432993E+00
2.37 	 -.1549542E+00
2.38 	 -.1680001E+00
2.39 	 -.1783247E+00
2.4 	 -.1834829E+00
2.41 	 -.1824230E+00
2.42 	 -.1743158E+00
2.43 	 -.1585953E+00
2.44 	 -.1364129E+00
2.45 	 -.1105670E+00
2.46 	 -.8335294E-01
2.47 	 -.5560002E-01
2.48 	 -.2777971E-01
2.49 	 -.4134509E-03
2.5 	 .2648807E-01
2.51 	 .5258353E-01
2.52 	 .7635697E-01
2.53 	 .9585021E-01
2.54 	 .1097668E+00
2.55 	 .1174200E+00
2.56 	 .1188078E+00
2.57 	 .1160959E+00
2.58 	 .1135104E+00
2.59 	 .1149621E+00
2.6 	 .1214050E+00
2.61 	 .1304596E+00
2.62 	 .1393941E+00
2.63 	 .1475290E+00
2.64 	 .1558381E+00
2.65 	 .1648949E+00
2.66 	 .1733715E+00
2.67 	 .1793849E+00
2.68 	 .1824535E+00
2.69 	 .1835402E+00
2.7 	 .1837242E+00
2.71 	 .1822654E+00
2.72 	 .1767792E+00
2.73 	 .1666937E+00
2.74 	 .1553696E+00
2.75 	 .1476894E+00
2.76 	 .1457320E+00
2.77 	 .1471071E+00
2.78 	 .1478812E+00
2.79 	 .1465125E+00
2.8 	 .1438143E+00
2.81 	 .1399652E+00
2.82 	 .1342930E+00
2.83 	 .1274255E+00
2.84 	 .1208154E+00
2.85 	 .1145252E+00
2.86 	 .1065671E+00
2.87 	 .9477675E-01
2.88 	 .7949399E-01
2.89 	 .6385071E-01
2.9 	 .5100835E-01
2.91 	 .4164341E-01
2.92 	 .3472668E-01
2.93 	 .2867879E-01
2.94 	 .2131542E-01
2.95 	 .1158255E-01
2.96 	 .8605534E-03
2.97 	 -.9452711E-02
2.98 	 -.2049306E-01
2.99 	 -.3545244E-01
3.0 	 -.5666739E-01
3.01 	 -.8221170E-01
3.02 	 -.1057809E+00
3.03 	 -.1196905E+00
3.04 	 -.1187040E+00
3.05 	 -.1033752E+00
3.06 	 -.7931975E-01
3.07 	 -.5285273E-01
3.08 	 -.2673917E-01
3.09 	 -.2749881E-03
3.1 	 .2671675E-01
3.11 	 .5263587E-01
3.12 	 .7530254E-01
3.13 	 .9274435E-01
3.14 	 .1041494E+00
3.15 	 .1094869E+00
3.16 	 .1085332E+00
3.17 	 .1012773E+00
3.18 	 .8807619E-01
3.19 	 .6886671E-01
3.2 	 .4346622E-01
3.21 	 .1299193E-01
3.22 	 -.2021808E-01
3.23 	 -.5392406E-01
3.24 	 -.8649463E-01
3.25 	 -.1167093E+00
3.26 	 -.1431117E+00
3.27 	 -.1629513E+00
3.28 	 -.1731205E+00
3.29 	 -.1724991E+00
3.3 	 -.1623966E+00
3.31 	 -.1454616E+00
3.32 	 -.1241842E+00
3.33 	 -.1005146E+00
3.34 	 -.7693570E-01
3.35 	 -.5598766E-01
3.36 	 -.3799189E-01
3.37 	 -.2026490E-01
3.38 	 .1048745E-02
3.39 	 .2780055E-01
3.4 	 .5871679E-01
3.41 	 .9109836E-01
3.42 	 .1229363E+00
3.43 	 .1546974E+00
3.44 	 .1887982E+00
3.45 	 .2279139E+00
3.46 	 .2739248E+00
3.47 	 .3265076E+00
3.48 	 .3835953E+00
3.49 	 .4432575E+00
3.5 	 .5036262E+00
3.51 	 .5618017E+00
3.52 	 .6142616E+00
3.53 	 .6577753E+00
3.54 	 .6904194E+00
3.55 	 .7131625E+00
3.56 	 .7298048E+00
3.57 	 .7441430E+00
3.58 	 .7562265E+00
3.59 	 .7620307E+00
3.6 	 .7563910E+00
3.61 	 .7360435E+00
3.62 	 .7015799E+00
3.63 	 .6567451E+00
3.64 	 .6055643E+00
3.65 	 .5493437E+00
3.66 	 .4870311E+00
3.67 	 .4192131E+00
3.68 	 .3498919E+00
3.69 	 .2834451E+00
3.7 	 .2210118E+00
3.71 	 .1618193E+00
3.72 	 .1072567E+00
3.73 	 .6135910E-01
3.74 	 .2780320E-01
3.75 	 .7874257E-02
3.76 	 .2301458E-02
3.77 	 .1241225E-01
3.78 	 .3754606E-01
3.79 	 .7341281E-01
3.8 	 .1124735E+00
3.81 	 .1453938E+00
3.82 	 .1648121E+00
3.83 	 .1695039E+00
3.84 	 .1636642E+00
3.85 	 .1524454E+00
3.86 	 .1378892E+00
3.87 	 .1172408E+00
3.88 	 .8482370E-01
3.89 	 .3535347E-01
3.9 	 -.3263642E-01
3.91 	 -.1159092E+00
3.92 	 -.2081684E+00
3.93 	 -.3013718E+00
3.94 	 -.3876572E+00
3.95 	 -.4616369E+00
3.96 	 -.5206660E+00
3.97 	 -.5625900E+00
3.98 	 -.5853575E+00
3.99 	 -.5896636E+00
4.0 	 -.5795236E+00
4.01 	 -.5593850E+00
4.02 	 -.5310777E+00
4.03 	 -.4940729E+00
4.04 	 -.4483988E+00
4.05 	 -.3969297E+00
4.06 	 -.3449486E+00
4.07 	 -.2973018E+00
4.08 	 -.2559719E+00
4.09 	 -.2193455E+00
4.1 	 -.1834338E+00
4.11 	 -.1445848E+00
4.12 	 -.1022203E+00
4.13 	 -.5961099E-01
4.14 	 -.2204387E-01
4.15 	 .5516296E-02
4.16 	 .1993017E-01
4.17 	 .2098273E-01
4.18 	 .1284653E-01
4.19 	 .3721368E-02
4.2 	 .2503019E-02
4.21 	 .1344135E-01
4.22 	 .3244021E-01
4.23 	 .4978663E-01
4.24 	 .5698376E-01
4.25 	 .5243395E-01
4.26 	 .4060227E-01
4.27 	 .2579169E-01
4.28 	 .1034397E-01
4.29 	 -.2499132E-02
4.3 	 -.9640184E-02
4.31 	 -.1120060E-01
4.32 	 -.1000700E-01
4.33 	 -.8614652E-02
4.34 	 -.6118171E-02
4.35 	 .1392376E-02
4.36 	 .1540315E-01
4.37 	 .3135234E-01
4.38 	 .4341981E-01
4.39 	 .5179688E-01
4.4 	 .6251880E-01
4.41 	 .8133391E-01
4.42 	 .1093052E+00
4.43 	 .1444430E+00
4.44 	 .1857030E+00
4.45 	 .2330457E+00
4.46 	 .2838857E+00
4.47 	 .3324714E+00
4.48 	 .3738003E+00
4.49 	 .4071478E+00
4.5 	 .4354131E+00
4.51 	 .4603338E+00
4.52 	 .4800377E+00
4.53 	 .4924774E+00
4.54 	 .4987806E+00
4.55 	 .5013457E+00
4.56 	 .4996412E+00
4.57 	 .4899170E+00
4.58 	 .4681323E+00
4.59 	 .4322238E+00
4.6 	 .3831737E+00
4.61 	 .3247011E+00
4.62 	 .2625192E+00
4.63 	 .2036014E+00
4.64 	 .1546114E+00
4.65 	 .1198654E+00
4.66 	 .1000068E+00
4.67 	 .9207512E-01
4.68 	 .9105180E-01
4.69 	 .9219020E-01
4.7 	 .9276825E-01
4.71 	 .9116794E-01
4.72 	 .8430544E-01
4.73 	 .6732981E-01
4.74 	 .3561043E-01
4.75 	 -.1172249E-01
4.76 	 -.7009125E-01
4.77 	 -.1329768E+00
4.78 	 -.1970664E+00
4.79 	 -.2633731E+00
4.8 	 -.3333567E+00
4.81 	 -.4056256E+00
4.82 	 -.4760534E+00
4.83 	 -.5384373E+00
4.84 	 -.5848927E+00
4.85 	 -.6075241E+00
4.86 	 -.6009344E+00
4.87 	 -.5655005E+00
4.88 	 -.5080826E+00
4.89 	 -.4376996E+00
4.9 	 -.3618443E+00
4.91 	 -.2862818E+00
4.92 	 -.2159434E+00
4.93 	 -.1553506E+00
4.94 	 -.1084841E+00
4.95 	 -.7744729E-01
4.96 	 -.6050926E-01
4.97 	 -.5344675E-01
4.98 	 -.5387789E-01
4.99 	 -.6247158E-01
5.0 	 -.8066646E-01
5.01 	 -.1090719E+00
5.02 	 -.1465718E+00
5.03 	 -.1903659E+00
5.04 	 -.2368673E+00
5.05 	 -.2822867E+00
5.06 	 -.3231239E+00
5.07 	 -.3556592E+00
5.08 	 -.3758200E+00
5.09 	 -.3808972E+00
5.1 	 -.3709323E+00
5.11 	 -.3482659E+00
5.12 	 -.3162500E+00
5.13 	 -.2787128E+00
5.14 	 -.2399805E+00
5.15 	 -.2039913E+00
5.16 	 -.1722725E+00
5.17 	 -.1431476E+00
5.18 	 -.1136439E+00
5.19 	 -.8253152E-01
5.2 	 -.5179411E-01
5.21 	 -.2552905E-01
5.22 	 -.7578461E-02
5.23 	 .1824383E-03
5.24 	 -.1489572E-02
5.25 	 -.7993692E-02
5.26 	 -.1206213E-01
5.27 	 -.8932363E-02
5.28 	 .4000879E-03
5.29 	 .1156464E-01
5.3 	 .2292700E-01
5.31 	 .3878535E-01
5.32 	 .6645448E-01
5.33 	 .1100822E+00
5.34 	 .1662805E+00
5.35 	 .2256356E+00
5.36 	 .2766710E+00
5.37 	 .3088331E+00
5.38 	 .3150618E+00
5.39 	 .2939540E+00
5.4 	 .2487422E+00
5.41 	 .1838190E+00
5.42 	 .1053512E+00
5.43 	 .2360552E-01
5.44 	 -.4988925E-01
5.45 	 -.1086374E+00
5.46 	 -.1581581E+00
5.47 	 -.2117297E+00
5.48 	 -.2750300E+00
5.49 	 -.3431832E+00
5.5 	 -.4087033E+00
5.51 	 -.4670321E+00
5.52 	 -.5164012E+00
5.53 	 -.5538463E+00
5.54 	 -.5747195E+00
5.55 	 -.5751942E+00
5.56 	 -.5540180E+00
5.57 	 -.5120793E+00
5.58 	 -.4506875E+00
5.59 	 -.3714654E+00
5.6 	 -.2787497E+00
5.61 	 -.1819643E+00
5.62 	 -.9397078E-01
5.63 	 -.2599065E-01
5.64 	 .1671860E-01
5.65 	 .3628918E-01
5.66 	 .4068337E-01
5.67 	 .4055294E-01
5.68 	 .4582716E-01
5.69 	 .6327358E-01
5.7 	 .9498902E-01
5.71 	 .1362248E+00
5.72 	 .1763311E+00
5.73 	 .2040988E+00
5.74 	 .2127971E+00
5.75 	 .2029973E+00
5.76 	 .1813863E+00
5.77 	 .1562669E+00
5.78 	 .1322277E+00
5.79 	 .1074850E+00
5.8 	 .7700504E-01
5.81 	 .3709686E-01
5.82 	 -.1212117E-01
5.83 	 -.6558910E-01
5.84 	 -.1138710E+00
5.85 	 -.1463849E+00
5.86 	 -.1580326E+00
5.87 	 -.1548549E+00
5.88 	 -.1495303E+00
5.89 	 -.1516180E+00
5.9 	 -.1627556E+00
5.91 	 -.1751801E+00
5.92 	 -.1744142E+00
5.93 	 -.1489396E+00
5.94 	 -.9895113E-01
5.95 	 -.3519273E-01
5.96 	 .2884059E-01
5.97 	 .8310402E-01
5.98 	 .1225278E+00
5.99 	 .1468350E+00
6.0 	 .1603902E+00
6.01 	 .1706334E+00
6.02 	 .1853416E+00
6.03 	 .2080606E+00
6.04 	 .2353620E+00
6.05 	 .2597057E+00
6.06 	 .2733295E+00
6.07 	 .2714967E+00
6.08 	 .2550143E+00
6.09 	 .2294677E+00
6.1 	 .2024678E+00
6.11 	 .1803980E+00
6.12 	 .1654106E+00
6.13 	 .1557383E+00
6.14 	 .1486418E+00
6.15 	 .1424255E+00
6.16 	 .1368620E+00
6.17 	 .1325693E+00
6.18 	 .1308439E+00
6.19 	 .1337206E+00
6.2 	 .1429211E+00
6.21 	 .1584551E+00
6.22 	 .1777491E+00
6.23 	 .1965459E+00
6.24 	 .2108173E+00
6.25 	 .2182652E+00
6.26 	 .2189180E+00
6.27 	 .2141534E+00
6.28 	 .2056821E+00
6.29 	 .1955976E+00
6.3 	 .1866649E+00
6.31 	 .1808145E+00
6.32 	 .1766908E+00
6.33 	 .1701966E+00
6.34 	 .1574563E+00
6.35 	 .1366185E+00
6.36 	 .1074773E+00
6.37 	 .7011171E-01
6.38 	 .2391415E-01
6.39 	 -.3181695E-01
6.4 	 -.9592177E-01
6.41 	 -.1641062E+00
6.42 	 -.2298717E+00
6.43 	 -.2868581E+00
6.44 	 -.3311642E+00
6.45 	 -.3621602E+00
6.46 	 -.3807911E+00
6.47 	 -.3873953E+00
6.48 	 -.3819705E+00
6.49 	 -.3659434E+00
6.5 	 -.3422384E+00
6.51 	 -.3136384E+00
6.52 	 -.2818460E+00
6.53 	 -.2478846E+00
6.54 	 -.2121229E+00
6.55 	 -.1741156E+00
6.56 	 -.1339420E+00
6.57 	 -.9364217E-01
6.58 	 -.5673679E-01
6.59 	 -.2723213E-01
6.6 	 -.8640103E-02
6.61 	 -.9483965E-03
6.62 	 .8295250E-03
6.63 	 .3770933E-02
6.64 	 .1275686E-01
6.65 	 .2770279E-01
6.66 	 .4511563E-01
6.67 	 .6135027E-01
6.68 	 .7412226E-01
6.69 	 .8261921E-01
6.7 	 .8654766E-01
6.71 	 .8597033E-01
6.72 	 .8257900E-01
6.73 	 .7997905E-01
6.74 	 .8142683E-01
6.75 	 .8674822E-01
6.76 	 .9247844E-01
6.77 	 .9551273E-01
6.78 	 .9615793E-01
6.79 	 .9793341E-01
6.8 	 .1054299E+00
6.81 	 .1219621E+00
6.82 	 .1477335E+00
6.83 	 .1794219E+00
6.84 	 .2103743E+00
6.85 	 .2317973E+00
6.86 	 .2354762E+00
6.87 	 .2177954E+00
6.88 	 .1830858E+00
6.89 	 .1422893E+00
6.9 	 .1078501E+00
6.91 	 .8804806E-01
6.92 	 .8418974E-01
6.93 	 .9275386E-01
6.94 	 .1088392E+00
6.95 	 .1278562E+00
6.96 	 .1456931E+00
6.97 	 .1587955E+00
6.98 	 .1653934E+00
6.99 	 .1665722E+00
7.0 	 .1657933E+00
7.01 	 .1671347E+00
7.02 	 .1734496E+00
7.03 	 .1855136E+00
7.04 	 .2023750E+00
7.05 	 .2219830E+00
7.06 	 .2415365E+00
7.07 	 .2581100E+00
7.08 	 .2696099E+00
7.09 	 .2751907E+00
7.1 	 .2749024E+00
7.11 	 .2694418E+00
7.12 	 .2603924E+00
7.13 	 .2503329E+00
7.14 	 .2418875E+00
7.15 	 .2360406E+00
7.16 	 .2313038E+00
7.17 	 .2243472E+00
7.18 	 .2113204E+00
7.19 	 .1894593E+00
7.2 	 .1580313E+00
7.21 	 .1177528E+00
7.22 	 .6980429E-01
7.23 	 .1545894E-01
7.24 	 -.4296046E-01
7.25 	 -.1012157E+00
7.26 	 -.1541164E+00
7.27 	 -.1975727E+00
7.28 	 -.2310151E+00
7.29 	 -.2575251E+00
7.3 	 -.2815762E+00
7.31 	 -.3072942E+00
7.32 	 -.3369214E+00
7.33 	 -.3699754E+00
7.34 	 -.4042812E+00
7.35 	 -.4375559E+00
7.36 	 -.4682223E+00
7.37 	 -.4949973E+00
7.38 	 -.5169835E+00
7.39 	 -.5351044E+00
7.4 	 -.5520510E+00
7.41 	 -.5707666E+00
7.42 	 -.5928577E+00
7.43 	 -.6176630E+00
7.44 	 -.6439119E+00
7.45 	 -.6721744E+00
7.46 	 -.7047757E+00
7.47 	 -.7437868E+00
7.48 	 -.7888226E+00
7.49 	 -.8361159E+00
7.5 	 -.8798575E+00
7.51 	 -.9138730E+00
7.52 	 -.9326476E+00
7.53 	 -.9330376E+00
7.54 	 -.9157943E+00
7.55 	 -.8848101E+00
7.56 	 -.8449248E+00
7.57 	 -.8005076E+00
7.58 	 -.7543763E+00
7.59 	 -.7073698E+00
7.6 	 -.6599654E+00
7.61 	 -.6137422E+00
7.62 	 -.5710901E+00
7.63 	 -.5347056E+00
7.64 	 -.5071201E+00
7.65 	 -.4903685E+00
7.66 	 -.4864530E+00
7.67 	 -.4967758E+00
7.68 	 -.5202210E+00
7.69 	 -.5526214E+00
7.7 	 -.5881544E+00
7.71 	 -.6210254E+00
7.72 	 -.6472183E+00
7.73 	 -.6657710E+00
7.74 	 -.6774559E+00
7.75 	 -.6822095E+00
7.76 	 -.6790063E+00
7.77 	 -.6674690E+00
7.78 	 -.6475916E+00
7.79 	 -.6181822E+00
7.8 	 -.5774535E+00
7.81 	 -.5259455E+00
7.82 	 -.4682328E+00
7.83 	 -.4113885E+00
7.84 	 -.3624173E+00
7.85 	 -.3261734E+00
7.86 	 -.3041457E+00
7.87 	 -.2952009E+00
7.88 	 -.2973987E+00
7.89 	 -.3085313E+00
7.9 	 -.3257330E+00
7.91 	 -.3457694E+00
7.92 	 -.3654746E+00
7.93 	 -.3818869E+00
7.94 	 -.3924279E+00
7.95 	 -.3953521E+00
7.96 	 -.3903363E+00
7.97 	 -.3781657E+00
7.98 	 -.3592508E+00
7.99 	 -.3321883E+00
8.0 	 -.2939818E+00
8.01 	 -.2422128E+00
8.02 	 -.1768310E+00
8.03 	 -.9988762E-01
8.04 	 -.1463361E-01
8.05 	 .7476534E-01
8.06 	 .1634463E+00
8.07 	 .2464011E+00
8.08 	 .3192328E+00
8.09 	 .3791987E+00
8.1 	 .4257459E+00
8.11 	 .4597873E+00
8.12 	 .4830942E+00
8.13 	 .4982636E+00
8.14 	 .5083835E+00
8.15 	 .5160858E+00
8.16 	 .5225662E+00
8.17 	 .5279539E+00
8.18 	 .5325901E+00
8.19 	 .5375737E+00
8.2 	 .5440163E+00
8.21 	 .5520766E+00
8.22 	 .5610756E+00
8.23 	 .5704923E+00
8.24 	 .5803307E+00
8.25 	 .5905018E+00
8.26 	 .6005277E+00
8.27 	 .6092862E+00
8.28 	 .6147791E+00
8.29 	 .6149607E+00
8.3 	 .6088754E+00
8.31 	 .5967151E+00
8.32 	 .5794956E+00
8.33 	 .5592491E+00
8.34 	 .5389500E+00
8.35 	 .5219014E+00
8.36 	 .5108913E+00
8.37 	 .5068391E+00
8.38 	 .5080248E+00
8.39 	 .5113501E+00
8.4 	 .5139358E+00
8.41 	 .5137500E+00
8.42 	 .5099986E+00
8.43 	 .5030993E+00
8.44 	 .4938879E+00
8.45 	 .4830432E+00
8.46 	 .4711140E+00
8.47 	 .4584317E+00
8.48 	 .4446628E+00
8.49 	 .4286246E+00
8.5 	 .4095657E+00
8.51 	 .3884469E+00
8.52 	 .3668821E+00
8.53 	 .3455376E+00
8.54 	 .3241029E+00
8.55 	 .3021053E+00
8.56 	 .2791906E+00
8.57 	 .2545314E+00
8.58 	 .2269996E+00
8.59 	 .1964492E+00
8.6 	 .1643760E+00
8.61 	 .1335248E+00
8.62 	 .1070268E+00
8.63 	 .8714661E-01
8.64 	 .7430278E-01
8.65 	 .6736226E-01
8.66 	 .6501770E-01
8.67 	 .6696506E-01
8.68 	 .7317324E-01
8.69 	 .8260501E-01
8.7 	 .9375700E-01
8.71 	 .1062414E+00
8.72 	 .1217500E+00
8.73 	 .1432812E+00
8.74 	 .1729793E+00
8.75 	 .2107636E+00
8.76 	 .2552405E+00
8.77 	 .3051870E+00
8.78 	 .3594900E+00
8.79 	 .4163135E+00
8.8 	 .4728369E+00
8.81 	 .5258551E+00
8.82 	 .5725659E+00
8.83 	 .6110888E+00
8.84 	 .6407091E+00
8.85 	 .6617146E+00
8.86 	 .6753027E+00
8.87 	 .6835155E+00
8.88 	 .6887516E+00
8.89 	 .6929642E+00
8.9 	 .6964592E+00
8.91 	 .6970043E+00
8.92 	 .6906515E+00
8.93 	 .6733620E+00
8.94 	 .6422329E+00
8.95 	 .5962778E+00
8.96 	 .5364360E+00
8.97 	 .4650672E+00
8.98 	 .3854963E+00
8.99 	 .3018769E+00
9.0 	 .2189218E+00
9.01 	 .1414169E+00
9.02 	 .7356377E-01
9.03 	 .1802559E-01
9.04 	 -.2470544E-01
9.05 	 -.5617099E-01
9.06 	 -.7907797E-01
9.07 	 -.9608347E-01
9.08 	 -.1092392E+00
9.09 	 -.1202400E+00
9.1 	 -.1303694E+00
9.11 	 -.1401849E+00
9.12 	 -.1499224E+00
9.13 	 -.1605344E+00
9.14 	 -.1739893E+00
9.15 	 -.1926268E+00
9.16 	 -.2178560E+00
9.17 	 -.2486493E+00
9.18 	 -.2816144E+00
9.19 	 -.3128277E+00
9.2 	 -.3395719E+00
9.21 	 -.3603820E+00
9.22 	 -.3743548E+00
9.23 	 -.3811890E+00
9.24 	 -.3818167E+00
9.25 	 -.3785089E+00
9.26 	 -.3738522E+00
9.27 	 -.3699787E+00
9.28 	 -.3682698E+00
9.29 	 -.3693998E+00
9.3 	 -.3739825E+00
9.31 	 -.3827837E+00
9.32 	 -.3965925E+00
9.33 	 -.4159979E+00
9.34 	 -.4405020E+00
9.35 	 -.4681173E+00
9.36 	 -.4961878E+00
9.37 	 -.5226271E+00
9.38 	 -.5469914E+00
9.39 	 -.5705049E+00
9.4 	 -.5947696E+00
9.41 	 -.6203318E+00
9.42 	 -.6459408E+00
9.43 	 -.6687786E+00
9.44 	 -.6856601E+00
9.45 	 -.6945763E+00
9.46 	 -.6957780E+00
9.47 	 -.6915719E+00
9.48 	 -.6853214E+00
9.49 	 -.6801409E+00
9.5 	 -.6775449E+00
9.51 	 -.6771708E+00
9.52 	 -.6772346E+00
9.53 	 -.6752020E+00
9.54 	 -.6692122E+00
9.55 	 -.6592474E+00
9.56 	 -.6466227E+00
9.57 	 -.6327230E+00
9.58 	 -.6183912E+00
9.59 	 -.6043481E+00
9.6 	 -.5917645E+00
9.61 	 -.5815795E+00
9.62 	 -.5731679E+00
9.63 	 -.5643635E+00
9.64 	 -.5529013E+00
9.65 	 -.5373773E+00
9.66 	 -.5172327E+00
9.67 	 -.4923820E+00
9.68 	 -.4625778E+00
9.69 	 -.4272485E+00
9.7 	 -.3864149E+00
9.71 	 -.3415476E+00
9.72 	 -.2952617E+00
9.73 	 -.2501948E+00
9.74 	 -.2081984E+00
9.75 	 -.1706742E+00
9.76 	 -.1392402E+00
9.77 	 -.1154183E+00
9.78 	 -.9961839E-01
9.79 	 -.9088028E-01
9.8 	 -.8739547E-01
9.81 	 -.8715845E-01
9.82 	 -.8864474E-01
9.83 	 -.9084324E-01
9.84 	 -.9311128E-01
9.85 	 -.9527133E-01
9.86 	 -.9726141E-01
9.87 	 -.9836062E-01
9.88 	 -.9682567E-01
9.89 	 -.9040873E-01
9.9 	 -.7735540E-01
9.91 	 -.5733485E-01
9.92 	 -.3143848E-01
9.93 	 -.1232891E-02
9.94 	 .3164095E-01
9.95 	 .6508101E-01
9.96 	 .9640388E-01
9.97 	 .1231276E+00
9.98 	 .1439831E+00
9.99 	 .1589831E+00
10.0 	 .1692494E+00
10.01 	 .1767639E+00
10.02 	 .1833291E+00
10.03 	 .1896407E+00
10.04 	 .1956194E+00
10.05 	 .2014014E+00
10.06 	 .2076361E+00
10.07 	 .2150317E+00
10.08 	 .2239926E+00
10.09 	 .2347485E+00
10.1 	 .2476667E+00
10.11 	 .2632504E+00
10.12 	 .2820525E+00
10.13 	 .3049716E+00
10.14 	 .3329402E+00
10.15 	 .3659090E+00
10.16 	 .4024296E+00
10.17 	 .4401195E+00
10.18 	 .4765198E+00
10.19 	 .5097496E+00
10.2 	 .5389752E+00
10.21 	 .5644384E+00
10.22 	 .5870950E+00
10.23 	 .6082492E+00
10.24 	 .6286171E+00
10.25 	 .6475470E+00
10.26 	 .6634309E+00
10.27 	 .6748354E+00
10.28 	 .6814071E+00
10.29 	 .6839262E+00
10.3 	 .6836576E+00
10.31 	 .6813611E+00
10.32 	 .6765881E+00
10.33 	 .6681587E+00
10.34 	 .6553733E+00
10.35 	 .6385003E+00
10.36 	 .6183747E+00
10.37 	 .5957809E+00
10.38 	 .5710559E+00
10.39 	 .5440425E+00
10.4 	 .5142270E+00
10.41 	 .4815413E+00
10.42 	 .4471540E+00
10.43 	 .4127058E+00
10.44 	 .3789967E+00
10.45 	 .3456919E+00
10.46 	 .3121215E+00
10.47 	 .2778323E+00
10.48 	 .2423022E+00
10.49 	 .2045652E+00
10.5 	 .1632451E+00
10.51 	 .1171451E+00
10.52 	 .6578255E-01
10.53 	 .9744194E-02
10.54 	 -.4932060E-01
10.55 	 -.1090782E+00
10.56 	 -.1668200E+00
10.57 	 -.2199196E+00
10.58 	 -.2666897E+00
10.59 	 -.3068110E+00
10.6 	 -.3407296E+00
10.61 	 -.3689306E+00
10.62 	 -.3916657E+00
10.63 	 -.4091873E+00
10.64 	 -.4219919E+00
10.65 	 -.4305500E+00
10.66 	 -.4347693E+00
10.67 	 -.4340626E+00
10.68 	 -.4283339E+00
10.69 	 -.4185625E+00
10.7 	 -.4061867E+00
10.71 	 -.3922145E+00
10.72 	 -.3770289E+00
10.73 	 -.3608730E+00
10.74 	 -.3444487E+00
10.75 	 -.3292512E+00
10.76 	 -.3173695E+00
10.77 	 -.3106302E+00
10.78 	 -.3097987E+00
10.79 	 -.3144218E+00
10.8 	 -.3235869E+00
10.81 	 -.3366910E+00
10.82 	 -.3532570E+00
10.83 	 -.3726240E+00
10.84 	 -.3938382E+00
10.85 	 -.4155932E+00
10.86 	 -.4364558E+00
10.87 	 -.4554498E+00
10.88 	 -.4722971E+00
10.89 	 -.4869758E+00
10.9 	 -.4994546E+00
10.91 	 -.5098194E+00
10.92 	 -.5181273E+00
10.93 	 -.5242610E+00
10.94 	 -.5280159E+00
10.95 	 -.5289781E+00
10.96 	 -.5267764E+00
10.97 	 -.5217692E+00
10.98 	 -.5149897E+00
10.99 	 -.5075498E+00
11.0 	 -.5001081E+00
11.01 	 -.4924663E+00
11.02 	 -.4840053E+00
11.03 	 -.4741053E+00
11.04 	 -.4622032E+00
11.05 	 -.4484736E+00
11.06 	 -.4339208E+00
11.07 	 -.4193820E+00
11.08 	 -.4048781E+00
11.09 	 -.3899428E+00
11.1 	 -.3741633E+00
11.11 	 -.3573711E+00
11.12 	 -.3395574E+00
11.13 	 -.3206131E+00
11.14 	 -.3002445E+00
11.15 	 -.2781997E+00
11.16 	 -.2545886E+00
11.17 	 -.2299085E+00
11.18 	 -.2047683E+00
11.19 	 -.1795216E+00
11.2 	 -.1540185E+00
11.21 	 -.1275396E+00
11.22 	 -.9874834E-01
11.23 	 -.6606978E-01
11.24 	 -.2843711E-01
11.25 	 .1427100E-01
11.26 	 .6138066E-01
11.27 	 .1116997E+00
11.28 	 .1641729E+00
11.29 	 .2185412E+00
11.3 	 .2745005E+00
11.31 	 .3309492E+00
11.32 	 .3865113E+00
11.33 	 .4402910E+00
11.34 	 .4921531E+00
11.35 	 .5420134E+00
11.36 	 .5891211E+00
11.37 	 .6323246E+00
11.38 	 .6710194E+00
11.39 	 .7057456E+00
11.4 	 .7376052E+00
11.41 	 .7673973E+00
11.42 	 .7954263E+00
11.43 	 .8215302E+00
11.44 	 .8453107E+00
11.45 	 .8667740E+00
11.46 	 .8865395E+00
11.47 	 .9057941E+00
11.48 	 .9261769E+00
11.49 	 .9489596E+00
11.5 	 .9740788E+00
11.51 	 .9999746E+00
11.52 	 .1024613E+01
11.53 	 .1046998E+01
11.54 	 .1067417E+01
11.55 	 .1086045E+01
11.56 	 .1101972E+01
11.57 	 .1113633E+01
11.58 	 .1120044E+01
11.59 	 .1121632E+01
11.6 	 .1119784E+01
11.61 	 .1116039E+01
11.62 	 .1111702E+01
11.63 	 .1107954E+01
11.64 	 .1106021E+01
11.65 	 .1106934E+01
11.66 	 .1110756E+01
11.67 	 .1116205E+01
11.68 	 .1121362E+01
11.69 	 .1124451E+01
11.7 	 .1124376E+01
11.71 	 .1120766E+01
11.72 	 .1113354E+01
11.73 	 .1101570E+01
11.74 	 .1084417E+01
11.75 	 .1060748E+01
11.76 	 .1029829E+01
11.77 	 .9913663E+00
11.78 	 .9453276E+00
11.79 	 .8921033E+00
11.8 	 .8325518E+00
11.81 	 .7677034E+00
11.82 	 .6986037E+00
11.83 	 .6263330E+00
11.84 	 .5519552E+00
11.85 	 .4762385E+00
11.86 	 .3993025E+00
11.87 	 .3206439E+00
11.88 	 .2395766E+00
11.89 	 .1557876E+00
11.9 	 .6935973E-01
11.91 	 -.1947183E-01
11.92 	 -.1100582E+00
11.93 	 -.2011860E+00
11.94 	 -.2913767E+00
11.95 	 -.3794190E+00
11.96 	 -.4647657E+00
11.97 	 -.5473453E+00
11.98 	 -.6274022E+00
11.99 	 -.7054315E+00
12.0 	 -.7819519E+00
12.01 	 -.8571951E+00
12.02 	 -.9307092E+00
12.03 	 -.1001383E+01
12.04 	 -.1067979E+01
12.05 	 -.1129375E+01
12.06 	 -.1184387E+01
12.07 	 -.1231820E+01
12.08 	 -.1270830E+01
12.09 	 -.1301063E+01
12.1 	 -.1322322E+01
12.11 	 -.1334345E+01
12.12 	 -.1336911E+01
12.13 	 -.1330110E+01
12.14 	 -.1314131E+01
12.15 	 -.1288842E+01
12.16 	 -.1254166E+01
12.17 	 -.1210429E+01
12.18 	 -.1158205E+01
12.19 	 -.1098636E+01
12.2 	 -.1033643E+01
12.21 	 -.9650321E+00
12.22 	 -.8941584E+00
12.23 	 -.8221606E+00
12.24 	 -.7498027E+00
12.25 	 -.6774162E+00
12.26 	 -.6052034E+00
12.27 	 -.5338845E+00
12.28 	 -.4646603E+00
12.29 	 -.3987039E+00
12.3 	 -.3368347E+00
12.31 	 -.2794409E+00
12.32 	 -.2265755E+00
12.33 	 -.1779794E+00
12.34 	 -.1334005E+00
12.35 	 -.9260555E-01
12.36 	 -.5515300E-01
12.37 	 -.2045954E-01
12.38 	 .1201658E-01
12.39 	 .4262100E-01
12.4 	 .7153874E-01
12.41 	 .9875489E-01
12.42 	 .1240679E+00
12.43 	 .1473242E+00
12.44 	 .1685862E+00
12.45 	 .1882957E+00
12.46 	 .2070728E+00
12.47 	 .2253482E+00
12.48 	 .2435136E+00
12.49 	 .2620170E+00
12.5 	 .2813314E+00
12.51 	 .3019366E+00
12.52 	 .3240935E+00
12.53 	 .3475906E+00
12.54 	 .3716595E+00
12.55 	 .3951053E+00
12.56 	 .4165974E+00
12.57 	 .4348618E+00
12.58 	 .4487062E+00
12.59 	 .4573006E+00
12.6 	 .4602950E+00
12.61 	 .4577431E+00
12.62 	 .4502445E+00
12.63 	 .4389024E+00
12.64 	 .4247854E+00
12.65 	 .4084435E+00
12.66 	 .3902348E+00
12.67 	 .3707891E+00
12.68 	 .3509344E+00
12.69 	 .3312265E+00
12.7 	 .3117485E+00
12.71 	 .2922555E+00
12.72 	 .2722406E+00
12.73 	 .2512946E+00
12.74 	 .2295669E+00
12.75 	 .2077191E+00
12.76 	 .1862884E+00
12.77 	 .1651986E+00
12.78 	 .1439465E+00
12.79 	 .1220703E+00
12.8 	 .9930231E-01
12.81 	 .7534550E-01
12.82 	 .4991525E-01
12.83 	 .2291725E-01
12.84 	 -.5354156E-02
12.85 	 -.3393907E-01
12.86 	 -.6158195E-01
12.87 	 -.8730819E-01
12.88 	 -.1105849E+00
12.89 	 -.1312405E+00
12.9 	 -.1492337E+00
12.91 	 -.1649324E+00
12.92 	 -.1792846E+00
12.93 	 -.1930695E+00
12.94 	 -.2063424E+00
12.95 	 -.2186511E+00
12.96 	 -.2295829E+00
12.97 	 -.2391517E+00
12.98 	 -.2476933E+00
12.99 	 -.2555089E+00
13.0 	 -.2627900E+00
13.01 	 -.2698091E+00
13.02 	 -.2770420E+00
13.03 	 -.2851315E+00
13.04 	 -.2946899E+00
13.05 	 -.3059505E+00
13.06 	 -.3188189E+00
13.07 	 -.3333548E+00
13.08 	 -.3497732E+00
13.09 	 -.3680491E+00
13.1 	 -.3876541E+00
13.11 	 -.4077606E+00
13.12 	 -.4274895E+00
13.13 	 -.4458638E+00
13.14 	 -.4621154E+00
13.15 	 -.4759995E+00
13.16 	 -.4876279E+00
13.17 	 -.4971835E+00
13.18 	 -.5047986E+00
13.19 	 -.5107267E+00
13.2 	 -.5152144E+00
13.21 	 -.5180648E+00
13.22 	 -.5186947E+00
13.23 	 -.5164184E+00
13.24 	 -.5106605E+00
13.25 	 -.5012593E+00
13.26 	 -.4885677E+00
13.27 	 -.4731448E+00
13.28 	 -.4556873E+00
13.29 	 -.4371349E+00
13.3 	 -.4182285E+00
13.31 	 -.3988014E+00
13.32 	 -.3777586E+00
13.33 	 -.3538436E+00
13.34 	 -.3260995E+00
13.35 	 -.2939878E+00
13.36 	 -.2575527E+00
13.37 	 -.2172218E+00
13.38 	 -.1736511E+00
13.39 	 -.1279484E+00
13.4 	 -.8163268E-01
13.41 	 -.3614582E-01
13.42 	 .7624016E-02
13.43 	 .4949490E-01
13.44 	 .9015850E-01
13.45 	 .1309713E+00
13.46 	 .1726814E+00
13.47 	 .2147114E+00
13.48 	 .2556658E+00
13.49 	 .2939479E+00
13.5 	 .3286837E+00
13.51 	 .3600610E+00
13.52 	 .3886187E+00
13.53 	 .4146630E+00
13.54 	 .4382190E+00
13.55 	 .4595777E+00
13.56 	 .4793426E+00
13.57 	 .4977152E+00
13.58 	 .5144144E+00
13.59 	 .5289591E+00
13.6 	 .5407807E+00
13.61 	 .5497127E+00
13.62 	 .5562672E+00
13.63 	 .5611428E+00
13.64 	 .5646825E+00
13.65 	 .5667692E+00
13.66 	 .5669361E+00
13.67 	 .5647531E+00
13.68 	 .5604843E+00
13.69 	 .5551967E+00
13.7 	 .5503887E+00
13.71 	 .5475671E+00
13.72 	 .5477901E+00
13.73 	 .5513656E+00
13.74 	 .5578527E+00
13.75 	 .5664238E+00
13.76 	 .5763143E+00
13.77 	 .5869787E+00
13.78 	 .5980492E+00
13.79 	 .6092691E+00
13.8 	 .6201830E+00
13.81 	 .6301383E+00
13.82 	 .6387547E+00
13.83 	 .6461655E+00
13.84 	 .6524962E+00
13.85 	 .6573325E+00
13.86 	 .6603009E+00
13.87 	 .6615439E+00
13.88 	 .6613456E+00
13.89 	 .6597379E+00
13.9 	 .6565316E+00
13.91 	 .6516354E+00
13.92 	 .6451389E+00
13.93 	 .6370712E+00
13.94 	 .6272023E+00
13.95 	 .6151168E+00
13.96 	 .6006053E+00
13.97 	 .5840139E+00
13.98 	 .5661223E+00
13.99 	 .5476909E+00
14.0 	 .5289546E+00
14.01 	 .5096672E+00
14.02 	 .4896940E+00
14.03 	 .4689981E+00
14.04 	 .4473228E+00
14.05 	 .4241004E+00
14.06 	 .3985823E+00
14.07 	 .3701896E+00
14.08 	 .3385160E+00
14.09 	 .3032553E+00
14.1 	 .2642979E+00
14.11 	 .2218367E+00
14.12 	 .1766948E+00
14.13 	 .1303068E+00
14.14 	 .8409114E-01
14.15 	 .3922657E-01
14.16 	 -.3298352E-02
14.17 	 -.4281355E-01
14.18 	 -.7900520E-01
14.19 	 -.1119311E+00
14.2 	 -.1419679E+00
14.21 	 -.1699468E+00
14.22 	 -.1971050E+00
14.23 	 -.2246737E+00
14.24 	 -.2536291E+00
14.25 	 -.2844746E+00
14.26 	 -.3172500E+00
14.27 	 -.3516968E+00
14.28 	 -.3873338E+00
14.29 	 -.4235422E+00
14.3 	 -.4596768E+00
14.31 	 -.4952402E+00
14.32 	 -.5301334E+00
14.33 	 -.5645885E+00
14.34 	 -.5986193E+00
14.35 	 -.6318397E+00
14.36 	 -.6637253E+00
14.37 	 -.6936483E+00
14.38 	 -.7209013E+00
14.39 	 -.7447341E+00
14.4 	 -.7645394E+00
14.41 	 -.7803842E+00
14.42 	 -.7929794E+00
14.43 	 -.8031322E+00
14.44 	 -.8112853E+00
14.45 	 -.8173818E+00
14.46 	 -.8209972E+00
14.47 	 -.8215265E+00
14.48 	 -.8187791E+00
14.49 	 -.8132127E+00
14.5 	 -.8050823E+00
14.51 	 -.7940012E+00
14.52 	 -.7796068E+00
14.53 	 -.7619016E+00
14.54 	 -.7411592E+00
14.55 	 -.7179748E+00
14.56 	 -.6929202E+00
14.57 	 -.6663291E+00
14.58 	 -.6387191E+00
14.59 	 -.6107908E+00
14.6 	 -.5829814E+00
14.61 	 -.5553387E+00
14.62 	 -.5275328E+00
14.63 	 -.4989505E+00
14.64 	 -.4691950E+00
14.65 	 -.4385023E+00
14.66 	 -.4074214E+00
14.67 	 -.3764134E+00
14.68 	 -.3456649E+00
14.69 	 -.3151466E+00
14.7 	 -.2848820E+00
14.71 	 -.2549104E+00
14.72 	 -.2252206E+00
14.73 	 -.1957450E+00
14.74 	 -.1664949E+00
14.75 	 -.1375190E+00
14.76 	 -.1085329E+00
14.77 	 -.7894208E-01
14.78 	 -.4841558E-01
14.79 	 -.1705298E-01
14.8 	 .1490559E-01
14.81 	 .4719851E-01
14.82 	 .7971215E-01
14.83 	 .1123713E+00
14.84 	 .1449980E+00
14.85 	 .1775042E+00
14.86 	 .2098892E+00
14.87 	 .2419920E+00
14.88 	 .2736044E+00
14.89 	 .3046428E+00
14.9 	 .3348266E+00
14.91 	 .3633576E+00
14.92 	 .3892218E+00
14.93 	 .4118457E+00
14.94 	 .4312204E+00
14.95 	 .4476665E+00
14.96 	 .4615140E+00
14.97 	 .4726917E+00
14.98 	 .4808715E+00
14.99 	 .4860264E+00
15.0 	 .4885583E+00
15.01 	 .4890722E+00
15.02 	 .4884433E+00
15.03 	 .4877453E+00
15.04 	 .4877651E+00
15.05 	 .4887154E+00
15.06 	 .4903623E+00
15.07 	 .4924621E+00
15.08 	 .4949027E+00
15.09 	 .4976469E+00
15.1 	 .5007257E+00
15.11 	 .5041804E+00
15.12 	 .5080622E+00
15.13 	 .5123307E+00
15.14 	 .5167830E+00
15.15 	 .5209100E+00
15.16 	 .5241342E+00
15.17 	 .5261933E+00
15.18 	 .5268401E+00
15.19 	 .5257148E+00
15.2 	 .5224325E+00
15.21 	 .5166404E+00
15.22 	 .5081734E+00
15.23 	 .4969986E+00
15.24 	 .4831580E+00
15.25 	 .4670807E+00
15.26 	 .4496941E+00
15.27 	 .4317780E+00
15.28 	 .4135690E+00
15.29 	 .3950589E+00
15.3 	 .3763782E+00
15.31 	 .3575775E+00
15.32 	 .3382465E+00
15.33 	 .3179561E+00
15.34 	 .2965780E+00
15.35 	 .2741086E+00
15.36 	 .2506568E+00
15.37 	 .2264075E+00
15.38 	 .2014831E+00
15.39 	 .1758719E+00
15.4 	 .1496333E+00
15.41 	 .1228973E+00
15.42 	 .9567612E-01
15.43 	 .6800652E-01
15.44 	 .3997419E-01
15.45 	 .1157733E-01
15.46 	 -.1723307E-01
15.47 	 -.4633168E-01
15.48 	 -.7539058E-01
15.49 	 -.1040916E+00
15.5 	 -.1321272E+00
15.51 	 -.1591330E+00
15.52 	 -.1847872E+00
15.53 	 -.2088839E+00
15.54 	 -.2314570E+00
15.55 	 -.2529397E+00
15.56 	 -.2740344E+00
15.57 	 -.2952339E+00
15.58 	 -.3163431E+00
15.59 	 -.3367100E+00
15.6 	 -.3559660E+00
15.61 	 -.3740614E+00
15.62 	 -.3909647E+00
15.63 	 -.4067772E+00
15.64 	 -.4216972E+00
15.65 	 -.4358092E+00
15.66 	 -.4491138E+00
15.67 	 -.4615174E+00
15.68 	 -.4728325E+00
15.69 	 -.4829449E+00
15.7 	 -.4917865E+00
15.71 	 -.4994386E+00
15.72 	 -.5061141E+00
15.73 	 -.5118481E+00
15.74 	 -.5165367E+00
15.75 	 -.5200090E+00
15.76 	 -.5219438E+00
15.77 	 -.5218618E+00
15.78 	 -.5192567E+00
15.79 	 -.5140060E+00
15.8 	 -.5065202E+00
15.81 	 -.4973198E+00
15.82 	 -.4869801E+00
15.83 	 -.4759607E+00
15.84 	 -.4641411E+00
15.85 	 -.4512499E+00
15.86 	 -.4372706E+00
15.87 	 -.4222719E+00
15.88 	 -.4062486E+00
15.89 	 -.3892173E+00
15.9 	 -.3715660E+00
15.91 	 -.3539371E+00
15.92 	 -.3368318E+00
15.93 	 -.3205160E+00
15.94 	 -.3051573E+00
15.95 	 -.2908390E+00
15.96 	 -.2775438E+00
15.97 	 -.2652361E+00
15.98 	 -.2535442E+00
15.99 	 -.2416708E+00
16.0 	 -.2289867E+00
16.01 	 -.2152400E+00
16.02 	 -.2000884E+00
16.03 	 -.1832110E+00
16.04 	 -.1646433E+00
16.05 	 -.1443903E+00
16.06 	 -.1222784E+00
16.07 	 -.9835738E-01
16.08 	 -.7306467E-01
16.09 	 -.4695416E-01
16.1 	 -.2053521E-01
16.11 	 .5855751E-02
16.12 	 .3201539E-01
16.13 	 .5756388E-01
16.14 	 .8205095E-01
16.15 	 .1051276E+00
16.16 	 .1265000E+00
16.17 	 .1461486E+00
16.18 	 .1642574E+00
16.19 	 .1809586E+00
16.2 	 .1965282E+00
16.21 	 .2114184E+00
16.22 	 .2260752E+00
16.23 	 .2407874E+00
16.24 	 .2555868E+00
16.25 	 .2702270E+00
16.26 	 .2843530E+00
16.27 	 .2976923E+00
16.28 	 .3100995E+00
16.29 	 .3214620E+00
16.3 	 .3315422E+00
16.31 	 .3400209E+00
16.32 	 .3467027E+00
16.33 	 .3516046E+00
16.34 	 .3546444E+00
16.35 	 .3556953E+00
16.36 	 .3548188E+00
16.37 	 .3519619E+00
16.38 	 .3467188E+00
16.39 	 .3386938E+00
16.4 	 .3279040E+00
16.41 	 .3146158E+00
16.42 	 .2991100E+00
16.43 	 .2815508E+00
16.44 	 .2619708E+00
16.45 	 .2404484E+00
16.46 	 .2171661E+00
16.47 	 .1923815E+00
16.48 	 .1663423E+00
16.49 	 .1392371E+00
16.5 	 .1112073E+00
16.51 	 .8228503E-01
16.52 	 .5269943E-01
16.53 	 .2295591E-01
16.54 	 -.6459260E-02
16.55 	 -.3503254E-01
16.56 	 -.6222175E-01
16.57 	 -.8771948E-01
16.58 	 -.1116032E+00
16.59 	 -.1341375E+00
16.6 	 -.1555411E+00
16.61 	 -.1760107E+00
16.62 	 -.1956093E+00
16.63 	 -.2141242E+00
16.64 	 -.2315498E+00
16.65 	 -.2482422E+00
16.66 	 -.2644661E+00
16.67 	 -.2804128E+00
16.68 	 -.2960948E+00
16.69 	 -.3110473E+00
16.7 	 -.3247087E+00
16.71 	 -.3367112E+00
16.72 	 -.3467834E+00
16.73 	 -.3547899E+00
16.74 	 -.3607793E+00
16.75 	 -.3647270E+00
16.76 	 -.3660193E+00
16.77 	 -.3635541E+00
16.78 	 -.3563492E+00
16.79 	 -.3438551E+00
16.8 	 -.3260409E+00
16.81 	 -.3033553E+00
16.82 	 -.2765083E+00
16.83 	 -.2462439E+00
16.84 	 -.2131737E+00
16.85 	 -.1777135E+00
16.86 	 -.1403236E+00
16.87 	 -.1016262E+00
16.88 	 -.6226694E-01
16.89 	 -.2303141E-01
16.9 	 .1529352E-01
16.91 	 .5230801E-01
16.92 	 .8790054E-01
16.93 	 .1218945E+00
16.94 	 .1537421E+00
16.95 	 .1827941E+00
16.96 	 .2088710E+00
16.97 	 .2322410E+00
16.98 	 .2531649E+00
16.99 	 .2716577E+00
17.0 	 .2875984E+00
17.01 	 .3009024E+00
17.02 	 .3117321E+00
17.03 	 .3203450E+00
17.04 	 .3269073E+00
17.05 	 .3317825E+00
17.06 	 .3355159E+00
17.07 	 .3384342E+00
17.08 	 .3405429E+00
17.09 	 .3416941E+00
17.1 	 .3416916E+00
17.11 	 .3404608E+00
17.12 	 .3379441E+00
17.13 	 .3338569E+00
17.14 	 .3279215E+00
17.15 	 .3200483E+00
17.16 	 .3106881E+00
17.17 	 .3007929E+00
17.18 	 .2911397E+00
17.19 	 .2824800E+00
17.2 	 .2756440E+00
17.21 	 .2711328E+00
17.22 	 .2691482E+00
17.23 	 .2696552E+00
17.24 	 .2723581E+00
17.25 	 .2769436E+00
17.26 	 .2831120E+00
17.27 	 .2903913E+00
17.28 	 .2983182E+00
17.29 	 .3066186E+00
17.3 	 .3151358E+00
17.31 	 .3237380E+00
17.32 	 .3323535E+00
17.33 	 .3410355E+00
17.34 	 .3498283E+00
17.35 	 .3586861E+00
17.36 	 .3674002E+00
17.37 	 .3756104E+00
17.38 	 .3831753E+00
17.39 	 .3902425E+00
17.4 	 .3968123E+00
17.41 	 .4026723E+00
17.42 	 .4076325E+00
17.43 	 .4115545E+00
17.44 	 .4143888E+00
17.45 	 .4161607E+00
17.46 	 .4169303E+00
17.47 	 .4168844E+00
17.48 	 .4161877E+00
17.49 	 .4148058E+00
17.5 	 .4126456E+00
17.51 	 .4095052E+00
17.52 	 .4049973E+00
17.53 	 .3986444E+00
17.54 	 .3899174E+00
17.55 	 .3783340E+00
17.56 	 .3634784E+00
17.57 	 .3451553E+00
17.58 	 .3235132E+00
17.59 	 .2988266E+00
17.6 	 .2713590E+00
17.61 	 .2413137E+00
17.62 	 .2088641E+00
17.63 	 .1741363E+00
17.64 	 .1371627E+00
17.65 	 .9807200E-01
17.66 	 .5709488E-01
17.67 	 .1448719E-01
17.68 	 -.2924551E-01
17.69 	 -.7317982E-01
17.7 	 -.1161895E+00
17.71 	 -.1573239E+00
17.72 	 -.1958358E+00
17.73 	 -.2312032E+00
17.74 	 -.2632919E+00
17.75 	 -.2921790E+00
17.76 	 -.3178651E+00
17.77 	 -.3404411E+00
17.78 	 -.3604532E+00
17.79 	 -.3787048E+00
17.8 	 -.3957595E+00
17.81 	 -.4117748E+00
17.82 	 -.4267162E+00
17.83 	 -.4404620E+00
17.84 	 -.4528284E+00
17.85 	 -.4637390E+00
17.86 	 -.4731358E+00
17.87 	 -.4809121E+00
17.88 	 -.4871407E+00
17.89 	 -.4919345E+00
17.9 	 -.4951655E+00
17.91 	 -.4965667E+00
17.92 	 -.4960252E+00
17.93 	 -.4935998E+00
17.94 	 -.4893749E+00
17.95 	 -.4836659E+00
17.96 	 -.4768791E+00
17.97 	 -.4691421E+00
17.98 	 -.4605547E+00
17.99 	 -.4514658E+00
18.0 	 -.4421817E+00
18.01 	 -.4328002E+00
18.02 	 -.4234063E+00
18.03 	 -.4140422E+00
18.04 	 -.4045891E+00
18.05 	 -.3949813E+00
18.06 	 -.3854565E+00
18.07 	 -.3763665E+00
18.08 	 -.3680001E+00
18.09 	 -.3606324E+00
18.1 	 -.3543234E+00
18.11 	 -.3488808E+00
18.12 	 -.3440564E+00
18.13 	 -.3396536E+00
18.14 	 -.3356684E+00
18.15 	 -.3322124E+00
18.16 	 -.3294322E+00
18.17 	 -.3273309E+00
18.18 	 -.3256122E+00
18.19 	 -.3239683E+00
18.2 	 -.3221069E+00
18.21 	 -.3197489E+00
18.22 	 -.3166700E+00
18.23 	 -.3125991E+00
18.24 	 -.3072042E+00
18.25 	 -.2998835E+00
18.26 	 -.2899994E+00
18.27 	 -.2772566E+00
18.28 	 -.2617344E+00
18.29 	 -.2438863E+00
18.3 	 -.2244005E+00
18.31 	 -.2040460E+00
18.32 	 -.1835631E+00
18.33 	 -.1637679E+00
18.34 	 -.1455320E+00
18.35 	 -.1296412E+00
18.36 	 -.1168434E+00
18.37 	 -.1076972E+00
18.38 	 -.1023819E+00
18.39 	 -.1007670E+00
18.4 	 -.1024115E+00
18.41 	 -.1066302E+00
18.42 	 -.1128213E+00
18.43 	 -.1205659E+00
18.44 	 -.1296352E+00
18.45 	 -.1397159E+00
18.46 	 -.1501037E+00
18.47 	 -.1599845E+00
18.48 	 -.1686023E+00
18.49 	 -.1752954E+00
18.5 	 -.1796211E+00
18.51 	 -.1814671E+00
18.52 	 -.1811697E+00
18.53 	 -.1793550E+00
18.54 	 -.1764789E+00
18.55 	 -.1726389E+00
18.56 	 -.1677976E+00
18.57 	 -.1619209E+00
18.58 	 -.1548814E+00
18.59 	 -.1464797E+00
18.6 	 -.1366160E+00
18.61 	 -.1252216E+00
18.62 	 -.1122653E+00
18.63 	 -.9791095E-01
18.64 	 -.8255437E-01
18.65 	 -.6668087E-01
18.66 	 -.5064059E-01
18.67 	 -.3458635E-01
18.68 	 -.1855075E-01
18.69 	 -.2503191E-02
18.7 	 .1364964E-01
18.71 	 .2995026E-01
18.72 	 .4640025E-01
18.73 	 .6297413E-01
18.74 	 .7938835E-01
18.75 	 .9527908E-01
18.76 	 .1103764E+00
18.77 	 .1243367E+00
18.78 	 .1368746E+00
18.79 	 .1477329E+00
18.8 	 .1566084E+00
18.81 	 .1633817E+00
18.82 	 .1680757E+00
18.83 	 .1707762E+00
18.84 	 .1716048E+00
18.85 	 .1706092E+00
18.86 	 .1678921E+00
18.87 	 .1637534E+00
18.88 	 .1588390E+00
18.89 	 .1539380E+00
18.9 	 .1494279E+00
18.91 	 .1453781E+00
18.92 	 .1419772E+00
18.93 	 .1394328E+00
18.94 	 .1376937E+00
18.95 	 .1366807E+00
18.96 	 .1365528E+00
18.97 	 .1376693E+00
18.98 	 .1403127E+00
18.99 	 .1443722E+00
19.0 	 .1494353E+00
19.01 	 .1549011E+00
19.02 	 .1601869E+00
19.03 	 .1650369E+00
19.04 	 .1694104E+00
19.05 	 .1732736E+00
19.06 	 .1765989E+00
19.07 	 .1793590E+00
19.08 	 .1815764E+00
19.09 	 .1834292E+00
19.1 	 .1852073E+00
19.11 	 .1870661E+00
19.12 	 .1888177E+00
19.13 	 .1902397E+00
19.14 	 .1911519E+00
19.15 	 .1912187E+00
19.16 	 .1901279E+00
19.17 	 .1877709E+00
19.18 	 .1843890E+00
19.19 	 .1802544E+00
19.2 	 .1753720E+00
19.21 	 .1696688E+00
19.22 	 .1631384E+00
19.23 	 .1560136E+00
19.24 	 .1487125E+00
19.25 	 .1415474E+00
19.26 	 .1345871E+00
19.27 	 .1278048E+00
19.28 	 .1212026E+00
19.29 	 .1147811E+00
19.3 	 .1086343E+00
19.31 	 .1029263E+00
19.32 	 .9775197E-01
19.33 	 .9310245E-01
19.34 	 .8883462E-01
19.35 	 .8485825E-01
19.36 	 .8131566E-01
19.37 	 .7828168E-01
19.38 	 .7573778E-01
19.39 	 .7373329E-01
19.4 	 .7214029E-01
19.41 	 .7054313E-01
19.42 	 .6853298E-01
19.43 	 .6602041E-01
19.44 	 .6303065E-01
19.45 	 .5955968E-01
19.46 	 .5579113E-01
19.47 	 .5198814E-01
19.48 	 .4816929E-01
19.49 	 .4409188E-01
19.5 	 .3947326E-01
19.51 	 .3399941E-01
19.52 	 .2741840E-01
19.53 	 .1979144E-01
19.54 	 .1144246E-01
19.55 	 .2747417E-02
19.56 	 -.6073875E-02
19.57 	 -.1493640E-01
19.58 	 -.2349422E-01
19.59 	 -.3103296E-01
19.6 	 -.3706476E-01
19.61 	 -.4167852E-01
19.62 	 -.4521779E-01
19.63 	 -.4796099E-01
19.64 	 -.4999863E-01
19.65 	 -.5124290E-01
19.66 	 -.5163500E-01
19.67 	 -.5117681E-01
19.68 	 -.4965481E-01
19.69 	 -.4672068E-01
19.7 	 -.4224948E-01
19.71 	 -.3641644E-01
19.72 	 -.2955629E-01
19.73 	 -.2198716E-01
19.74 	 -.1381747E-01
19.75 	 -.5024414E-02
19.76 	 .4364712E-02
19.77 	 .1439681E-01
19.78 	 .2512700E-01
19.79 	 .3649306E-01
19.8 	 .4844269E-01
19.81 	 .6084729E-01
19.82 	 .7353543E-01
19.83 	 .8647391E-01
19.84 	 .9954443E-01
19.85 	 .1125078E+00
19.86 	 .1251951E+00
19.87 	 .1372996E+00
19.88 	 .1482028E+00
19.89 	 .1571849E+00
19.9 	 .1635861E+00
19.91 	 .1668060E+00
19.92 	 .1665649E+00
19.93 	 .1629093E+00
19.94 	 .1559375E+00
19.95 	 .1459441E+00
19.96 	 .1334453E+00
19.97 	 .1190237E+00
19.98 	 .1031475E+00
19.99 	 .8615843E-01
20.0 	 .6843349E-01
20.01 	 .5018784E-01
20.02 	 .3152789E-01
20.03 	 .1272069E-01
20.04 	 -.5952946E-02
20.05 	 -.2442680E-01
20.06 	 -.4275398E-01
20.07 	 -.6089097E-01
20.08 	 -.7863456E-01
20.09 	 -.9565420E-01
20.1 	 -.1117673E+00
20.11 	 -.1271656E+00
20.12 	 -.1421827E+00
20.13 	 -.1568798E+00
20.14 	 -.1709191E+00
20.15 	 -.1837458E+00
20.16 	 -.1948182E+00
20.17 	 -.2036434E+00
20.18 	 -.2098536E+00
20.19 	 -.2133659E+00
20.2 	 -.2142924E+00
20.21 	 -.2129079E+00
20.22 	 -.2095535E+00
20.23 	 -.2044894E+00
20.24 	 -.1979629E+00
20.25 	 -.1903287E+00
20.26 	 -.1819955E+00
20.27 	 -.1732367E+00
20.28 	 -.1642297E+00
20.29 	 -.1551109E+00
20.3 	 -.1459752E+00
20.31 	 -.1369859E+00
20.32 	 -.1283302E+00
20.33 	 -.1201671E+00
20.34 	 -.1128095E+00
20.35 	 -.1066494E+00
20.36 	 -.1020364E+00
20.37 	 -.9935005E-01
20.38 	 -.9880409E-01
20.39 	 -.1003923E+00
20.4 	 -.1039227E+00
20.41 	 -.1090163E+00
20.42 	 -.1152253E+00
20.43 	 -.1219170E+00
20.44 	 -.1283091E+00
20.45 	 -.1337255E+00
20.46 	 -.1377293E+00
20.47 	 -.1401137E+00
20.48 	 -.1407636E+00
20.49 	 -.1395827E+00
20.5 	 -.1364063E+00
20.51 	 -.1310694E+00
20.52 	 -.1236339E+00
20.53 	 -.1142308E+00
20.54 	 -.1029210E+00
20.55 	 -.8977864E-01
20.56 	 -.7497766E-01
20.57 	 -.5881616E-01
20.58 	 -.4159846E-01
20.59 	 -.2357340E-01
20.6 	 -.4850273E-02
20.61 	 .1451661E-01
20.62 	 .3423622E-01
20.63 	 .5388041E-01
20.64 	 .7321916E-01
20.65 	 .9219607E-01
20.66 	 .1106046E+00
20.67 	 .1280511E+00
20.68 	 .1442743E+00
20.69 	 .1590885E+00
20.7 	 .1720931E+00
20.71 	 .1828144E+00
20.72 	 .1910847E+00
20.73 	 .1969979E+00
20.74 	 .2006171E+00
20.75 	 .2020821E+00
20.76 	 .2017106E+00
20.77 	 .1997969E+00
20.78 	 .1964396E+00
20.79 	 .1915113E+00
20.8 	 .1847195E+00
20.81 	 .1758717E+00
20.82 	 .1651848E+00
20.83 	 .1529885E+00
20.84 	 .1394940E+00
20.85 	 .1250989E+00
20.86 	 .1102124E+00
20.87 	 .9502563E-01
20.88 	 .7963838E-01
20.89 	 .6408967E-01
20.9 	 .4839840E-01
20.91 	 .3255658E-01
20.92 	 .1662832E-01
20.93 	 .9312574E-03
20.94 	 -.1419147E-01
20.95 	 -.2868166E-01
20.96 	 -.4270712E-01
20.97 	 -.5652047E-01
20.98 	 -.7026423E-01
20.99 	 -.8392530E-01
21.0 	 -.9752838E-01
21.01 	 -.1111406E+00
21.02 	 -.1248024E+00
21.03 	 -.1385368E+00
21.04 	 -.1524757E+00
21.05 	 -.1669728E+00
21.06 	 -.1823818E+00
21.07 	 -.1988372E+00
21.08 	 -.2163354E+00
21.09 	 -.2347266E+00
21.1 	 -.2536772E+00
21.11 	 -.2727596E+00
21.12 	 -.2914234E+00
21.13 	 -.3091405E+00
21.14 	 -.3256027E+00
21.15 	 -.3406059E+00
21.16 	 -.3539997E+00
21.17 	 -.3657172E+00
21.18 	 -.3757543E+00
21.19 	 -.3842937E+00
21.2 	 -.3915746E+00
21.21 	 -.3974103E+00
21.22 	 -.4013012E+00
21.23 	 -.4029737E+00
21.24 	 -.4024174E+00
21.25 	 -.3996638E+00
21.26 	 -.3948846E+00
21.27 	 -.3884854E+00
21.28 	 -.3808311E+00
21.29 	 -.3720572E+00
21.3 	 -.3621574E+00
21.31 	 -.3510774E+00
21.32 	 -.3387386E+00
21.33 	 -.3250465E+00
21.34 	 -.3100062E+00
21.35 	 -.2937552E+00
21.36 	 -.2765629E+00
21.37 	 -.2590649E+00
21.38 	 -.2419585E+00
21.39 	 -.2255289E+00
21.4 	 -.2098709E+00
21.41 	 -.1950602E+00
21.42 	 -.1809878E+00
21.43 	 -.1673361E+00
21.44 	 -.1538234E+00
21.45 	 -.1401826E+00
21.46 	 -.1259308E+00
21.47 	 -.1106317E+00
21.48 	 -.9432783E-01
21.49 	 -.7740260E-01
21.5 	 -.6011899E-01
21.51 	 -.4258923E-01
21.52 	 -.2511534E-01
21.53 	 -.8169570E-02
21.54 	 .7789733E-02
21.55 	 .2223311E-01
21.56 	 .3468082E-01
21.57 	 .4481972E-01
21.58 	 .5233629E-01
21.59 	 .5700590E-01
21.6 	 .5891806E-01
21.61 	 .5844543E-01
21.62 	 .5617506E-01
21.63 	 .5269602E-01
21.64 	 .4839876E-01
21.65 	 .4368493E-01
21.66 	 .3893057E-01
21.67 	 .3430950E-01
21.68 	 .2990304E-01
21.69 	 .2570258E-01
21.7 	 .2158242E-01
21.71 	 .1727653E-01
21.72 	 .1243887E-01
21.73 	 .6759210E-02
21.74 	 -.3797076E-04
21.75 	 -.8011480E-02
21.76 	 -.1696429E-01
21.77 	 -.2655947E-01
21.78 	 -.3632506E-01
21.79 	 -.4593162E-01
21.8 	 -.5532843E-01
21.81 	 -.6453111E-01
21.82 	 -.7353475E-01
21.83 	 -.8226794E-01
21.84 	 -.9053174E-01
21.85 	 -.9808354E-01
21.86 	 -.1047994E+00
21.87 	 -.1106801E+00
21.88 	 -.1157362E+00
21.89 	 -.1200947E+00
21.9 	 -.1240081E+00
21.91 	 -.1275940E+00
21.92 	 -.1308214E+00
21.93 	 -.1335544E+00
21.94 	 -.1354522E+00
21.95 	 -.1360107E+00
21.96 	 -.1346848E+00
21.97 	 -.1310314E+00
21.98 	 -.1248909E+00
21.99 	 -.1164794E+00
22.0 	 -.1062020E+00
22.01 	 -.9453341E-01
22.02 	 -.8207479E-01
22.03 	 -.6937596E-01
22.04 	 -.5687287E-01
22.05 	 -.4496017E-01
22.06 	 -.3395057E-01
22.07 	 -.2398750E-01
22.08 	 -.1503255E-01
22.09 	 -.6945003E-02
22.1 	 .4366668E-03
22.11 	 .7184568E-02
22.12 	 .1339221E-01
22.13 	 .1929553E-01
22.14 	 .2525586E-01
22.15 	 .3174576E-01
22.16 	 .3919798E-01
22.17 	 .4792296E-01
22.18 	 .5810441E-01
22.19 	 .6979265E-01
22.2 	 .8286107E-01
22.21 	 .9708084E-01
22.22 	 .1124611E+00
22.23 	 .1290442E+00
22.24 	 .1465877E+00
22.25 	 .1648541E+00
22.26 	 .1837294E+00
22.27 	 .2031764E+00
22.28 	 .2230295E+00
22.29 	 .2430505E+00
22.3 	 .2632357E+00
22.31 	 .2835349E+00
22.32 	 .3037456E+00
22.33 	 .3236619E+00
22.34 	 .3429895E+00
22.35 	 .3613537E+00
22.36 	 .3785124E+00
22.37 	 .3944559E+00
22.38 	 .4092322E+00
22.39 	 .4228440E+00
22.4 	 .4352648E+00
22.41 	 .4463420E+00
22.42 	 .4558386E+00
22.43 	 .4636082E+00
22.44 	 .4695853E+00
22.45 	 .4737400E+00
22.46 	 .4760254E+00
22.47 	 .4763712E+00
22.48 	 .4747707E+00
22.49 	 .4712536E+00
22.5 	 .4660583E+00
22.51 	 .4596467E+00
22.52 	 .4523719E+00
22.53 	 .4445530E+00
22.54 	 .4365256E+00
22.55 	 .4285329E+00
22.56 	 .4206600E+00
22.57 	 .4127127E+00
22.58 	 .4044228E+00
22.59 	 .3957501E+00
22.6 	 .3868200E+00
22.61 	 .3777304E+00
22.62 	 .3686600E+00
22.63 	 .3597502E+00
22.64 	 .3507313E+00
22.65 	 .3412941E+00
22.66 	 .3313552E+00
22.67 	 .3207612E+00
22.68 	 .3094147E+00
22.69 	 .2973084E+00
22.7 	 .2845058E+00
22.71 	 .2712994E+00
22.72 	 .2580858E+00
22.73 	 .2452495E+00
22.74 	 .2329533E+00
22.75 	 .2210955E+00
22.76 	 .2096722E+00
22.77 	 .1987604E+00
22.78 	 .1883524E+00
22.79 	 .1785586E+00
22.8 	 .1695127E+00
22.81 	 .1610948E+00
22.82 	 .1530975E+00
22.83 	 .1455829E+00
22.84 	 .1389207E+00
22.85 	 .1334135E+00
22.86 	 .1289730E+00
22.87 	 .1253322E+00
22.88 	 .1223227E+00
22.89 	 .1197761E+00
22.9 	 .1175309E+00
22.91 	 .1153210E+00
22.92 	 .1127538E+00
22.93 	 .1095344E+00
22.94 	 .1053533E+00
22.95 	 .9971789E-01
22.96 	 .9220414E-01
22.97 	 .8277316E-01
22.98 	 .7146026E-01
22.99 	 .5813462E-01
23.0 	 .4275323E-01
23.01 	 .2556373E-01
23.02 	 .6932965E-02
23.03 	 -.1279804E-01
23.04 	 -.3317443E-01
23.05 	 -.5371254E-01
23.06 	 -.7392463E-01
23.07 	 -.9335024E-01
23.08 	 -.1116631E+00
23.09 	 -.1286299E+00
23.1 	 -.1440657E+00
23.11 	 -.1577814E+00
23.12 	 -.1697328E+00
23.13 	 -.1801117E+00
23.14 	 -.1891856E+00
23.15 	 -.1972008E+00
23.16 	 -.2043768E+00
23.17 	 -.2108645E+00
23.18 	 -.2166355E+00
23.19 	 -.2216272E+00
23.2 	 -.2258948E+00
23.21 	 -.2295701E+00
23.22 	 -.2328175E+00
23.23 	 -.2357425E+00
23.24 	 -.2383584E+00
23.25 	 -.2404878E+00
23.26 	 -.2418430E+00
23.27 	 -.2421971E+00
23.28 	 -.2413573E+00
23.29 	 -.2390652E+00
23.3 	 -.2350578E+00
23.31 	 -.2293592E+00
23.32 	 -.2221927E+00
23.33 	 -.2137235E+00
23.34 	 -.2040790E+00
23.35 	 -.1932986E+00
23.36 	 -.1813925E+00
23.37 	 -.1686857E+00
23.38 	 -.1557398E+00
23.39 	 -.1430787E+00
23.4 	 -.1313042E+00
23.41 	 -.1210720E+00
23.42 	 -.1127261E+00
23.43 	 -.1062628E+00
23.44 	 -.1017014E+00
23.45 	 -.9909036E-01
23.46 	 -.9839594E-01
23.47 	 -.9939631E-01
23.48 	 -.1017667E+00
23.49 	 -.1054206E+00
23.5 	 -.1103541E+00
23.51 	 -.1165220E+00
23.52 	 -.1238842E+00
23.53 	 -.1323742E+00
23.54 	 -.1419181E+00
23.55 	 -.1523516E+00
23.56 	 -.1634981E+00
23.57 	 -.1752718E+00
23.58 	 -.1877491E+00
23.59 	 -.2011861E+00
23.6 	 -.2156797E+00
23.61 	 -.2311199E+00
23.62 	 -.2473333E+00
23.63 	 -.2640390E+00
23.64 	 -.2807821E+00
23.65 	 -.2970208E+00
23.66 	 -.3123391E+00
23.67 	 -.3263273E+00
23.68 	 -.3386700E+00
23.69 	 -.3493689E+00
23.7 	 -.3585338E+00
23.71 	 -.3662246E+00
23.72 	 -.3724071E+00
23.73 	 -.3769840E+00
23.74 	 -.3799651E+00
23.75 	 -.3814703E+00
23.76 	 -.3815795E+00
23.77 	 -.3804280E+00
23.78 	 -.3781627E+00
23.79 	 -.3746639E+00
23.8 	 -.3698757E+00
23.81 	 -.3641644E+00
23.82 	 -.3581103E+00
23.83 	 -.3523164E+00
23.84 	 -.3472220E+00
23.85 	 -.3429619E+00
23.86 	 -.3395605E+00
23.87 	 -.3370314E+00
23.88 	 -.3352895E+00
23.89 	 -.3341769E+00
23.9 	 -.3334857E+00
23.91 	 -.3329841E+00
23.92 	 -.3324273E+00
23.93 	 -.3314976E+00
23.94 	 -.3299391E+00
23.95 	 -.3277339E+00
23.96 	 -.3249956E+00
23.97 	 -.3217751E+00
23.98 	 -.3179319E+00
23.99 	 -.3132304E+00
24.0 	 -.3075849E+00
24.01 	 -.3010120E+00
24.02 	 -.2935669E+00
24.03 	 -.2853132E+00
24.04 	 -.2760714E+00
24.05 	 -.2655572E+00
24.06 	 -.2536080E+00
24.07 	 -.2401541E+00
24.08 	 -.2252683E+00
24.09 	 -.2091568E+00
24.1 	 -.1920820E+00
24.11 	 -.1742354E+00
24.12 	 -.1557278E+00
24.13 	 -.1366281E+00
24.14 	 -.1169348E+00
24.15 	 -.9660708E-01
24.16 	 -.7565210E-01
24.17 	 -.5423371E-01
24.18 	 -.3253873E-01
24.19 	 -.1065819E-01
24.2 	 .1119870E-01
24.21 	 .3281691E-01
24.22 	 .5427663E-01
24.23 	 .7572209E-01
24.24 	 .9718727E-01
24.25 	 .1186947E+00
24.26 	 .1401464E+00
24.27 	 .1614674E+00
24.28 	 .1827167E+00
24.29 	 .2037328E+00
24.3 	 .2241418E+00
24.31 	 .2436606E+00
24.32 	 .2620367E+00
24.33 	 .2789096E+00
24.34 	 .2939393E+00
24.35 	 .3068709E+00
24.36 	 .3175395E+00
24.37 	 .3258870E+00
24.38 	 .3318977E+00
24.39 	 .3356069E+00
24.4 	 .3371733E+00
24.41 	 .3368762E+00
24.42 	 .3350432E+00
24.43 	 .3320095E+00
24.44 	 .3280073E+00
24.45 	 .3233103E+00
24.46 	 .3183970E+00
24.47 	 .3137629E+00
24.48 	 .3097761E+00
24.49 	 .3065715E+00
24.5 	 .3041590E+00
24.51 	 .3025759E+00
24.52 	 .3018571E+00
24.53 	 .3020464E+00
24.54 	 .3030912E+00
24.55 	 .3047816E+00
24.56 	 .3069252E+00
24.57 	 .3094265E+00
24.58 	 .3123197E+00
24.59 	 .3158199E+00
24.6 	 .3200075E+00
24.61 	 .3246574E+00
24.62 	 .3295440E+00
24.63 	 .3345032E+00
24.64 	 .3393127E+00
24.65 	 .3436544E+00
24.66 	 .3470901E+00
24.67 	 .3492715E+00
24.68 	 .3499940E+00
24.69 	 .3490558E+00
24.7 	 .3464912E+00
24.71 	 .3424879E+00
24.72 	 .3373377E+00
24.73 	 .3315259E+00
24.74 	 .3253159E+00
24.75 	 .3188382E+00
24.76 	 .3123237E+00
24.77 	 .3060702E+00
24.78 	 .3004500E+00
24.79 	 .2957629E+00
24.8 	 .2921949E+00
24.81 	 .2898339E+00
24.82 	 .2886742E+00
24.83 	 .2886789E+00
24.84 	 .2896485E+00
24.85 	 .2911946E+00
24.86 	 .2929471E+00
24.87 	 .2946297E+00
24.88 	 .2960149E+00
24.89 	 .2968926E+00
24.9 	 .2970274E+00
24.91 	 .2961296E+00
24.92 	 .2940257E+00
24.93 	 .2906989E+00
24.94 	 .2861587E+00
24.95 	 .2805041E+00
24.96 	 .2739976E+00
24.97 	 .2669472E+00
24.98 	 .2595806E+00
24.99 	 .2519944E+00
25.0 	 .2442683E+00
25.01 	 .2365898E+00
25.02 	 .2291944E+00
25.03 	 .2222539E+00
25.04 	 .2157676E+00
25.05 	 .2096161E+00
25.06 	 .2037237E+00
25.07 	 .1980509E+00
25.08 	 .1924884E+00
25.09 	 .1869348E+00
25.1 	 .1812888E+00
25.11 	 .1754090E+00
25.12 	 .1690929E+00
25.13 	 .1621286E+00
25.14 	 .1544832E+00
25.15 	 .1461132E+00
25.16 	 .1368461E+00
25.17 	 .1266120E+00
25.18 	 .1156146E+00
25.19 	 .1040137E+00
25.2 	 .9168475E-01
25.21 	 .7862461E-01
25.22 	 .6506287E-01
25.23 	 .5112605E-01
25.24 	 .3673801E-01
25.25 	 .2187314E-01
25.26 	 .6547032E-02
25.27 	 -.9334649E-02
25.28 	 -.2580082E-01
25.29 	 -.4279608E-01
25.3 	 -.6029905E-01
25.31 	 -.7823843E-01
25.32 	 -.9643172E-01
25.33 	 -.1147149E+00
25.34 	 -.1330445E+00
25.35 	 -.1513944E+00
25.36 	 -.1696531E+00
25.37 	 -.1875216E+00
25.38 	 -.2046214E+00
25.39 	 -.2206332E+00
25.4 	 -.2351405E+00
25.41 	 -.2478425E+00
25.42 	 -.2586715E+00
25.43 	 -.2674653E+00
25.44 	 -.2740772E+00
25.45 	 -.2785988E+00
25.46 	 -.2810824E+00
25.47 	 -.2815010E+00
25.48 	 -.2800330E+00
25.49 	 -.2770016E+00
25.5 	 -.2727148E+00
25.51 	 -.2674323E+00
25.52 	 -.2613084E+00
25.53 	 -.2543923E+00
25.54 	 -.2466699E+00
25.55 	 -.2380707E+00
25.56 	 -.2286199E+00
25.57 	 -.2183652E+00
25.58 	 -.2072287E+00
25.59 	 -.1950538E+00
25.6 	 -.1815397E+00
25.61 	 -.1664208E+00
25.62 	 -.1496950E+00
25.63 	 -.1315962E+00
25.64 	 -.1124683E+00
25.65 	 -.9253669E-01
25.66 	 -.7191935E-01
25.67 	 -.5076465E-01
25.68 	 -.2931683E-01
25.69 	 -.8003171E-02
25.7 	 .1270887E-01
25.71 	 .3239891E-01
25.72 	 .5073681E-01
25.73 	 .6756422E-01
25.74 	 .8270890E-01
25.75 	 .9599822E-01
25.76 	 .1074380E+00
25.77 	 .1170831E+00
25.78 	 .1248713E+00
25.79 	 .1306972E+00
25.8 	 .1345774E+00
25.81 	 .1367235E+00
25.82 	 .1373671E+00
25.83 	 .1367165E+00
25.84 	 .1351766E+00
25.85 	 .1332288E+00
25.86 	 .1311636E+00
25.87 	 .1290612E+00
25.88 	 .1269203E+00
25.89 	 .1247201E+00
25.9 	 .1224198E+00
25.91 	 .1199936E+00
25.92 	 .1174736E+00
25.93 	 .1149404E+00
25.94 	 .1123300E+00
25.95 	 .1095434E+00
25.96 	 .1066081E+00
25.97 	 .1035395E+00
25.98 	 .1003781E+00
25.99 	 .9709813E-01
26.0 	 .9359350E-01
26.01 	 .8987008E-01
26.02 	 .8596813E-01
26.03 	 .8194634E-01
26.04 	 .7797340E-01
26.05 	 .7430862E-01
26.06 	 .7105777E-01
26.07 	 .6818703E-01
26.08 	 .6578259E-01
26.09 	 .6360237E-01
26.1 	 .6115932E-01
26.11 	 .5829137E-01
26.12 	 .5487549E-01
26.13 	 .5076014E-01
26.14 	 .4588917E-01
26.15 	 .4029007E-01
26.16 	 .3417523E-01
26.17 	 .2775804E-01
26.18 	 .2126650E-01
26.19 	 .1514754E-01
26.2 	 .9831057E-02
26.21 	 .5493855E-02
26.22 	 .2192008E-02
26.23 	 -.3140941E-04
26.24 	 -.1218132E-02
26.25 	 -.1455000E-02
26.26 	 -.7696470E-03
26.27 	 .8361967E-03
26.28 	 .3389203E-02
26.29 	 .6925844E-02
26.3 	 .1143859E-01
26.31 	 .1693001E-01
26.32 	 .2340386E-01
26.33 	 .3083683E-01
26.34 	 .3898064E-01
26.35 	 .4737351E-01
26.36 	 .5562857E-01
26.37 	 .6329694E-01
26.38 	 .6995534E-01
26.39 	 .7539060E-01
26.4 	 .7944639E-01
26.41 	 .8180473E-01
26.42 	 .8211354E-01
26.43 	 .8034190E-01
26.44 	 .7655527E-01
26.45 	 .7088053E-01
26.46 	 .6360039E-01
26.47 	 .5494382E-01
26.48 	 .4509492E-01
26.49 	 .3426237E-01
26.5 	 .2278478E-01
26.51 	 .1106785E-01
26.52 	 -.6547317E-03
26.53 	 -.1234239E-01
26.54 	 -.2396106E-01
26.55 	 -.3542176E-01
26.56 	 -.4665394E-01
26.57 	 -.5749310E-01
26.58 	 -.6763925E-01
26.59 	 -.7690731E-01
26.6 	 -.8535342E-01
26.61 	 -.9301903E-01
26.62 	 -.9985946E-01
26.63 	 -.1060317E+00
26.64 	 -.1118727E+00
26.65 	 -.1176252E+00
26.66 	 -.1234037E+00
26.67 	 -.1291956E+00
26.68 	 -.1348148E+00
26.69 	 -.1400689E+00
26.7 	 -.1448377E+00
26.71 	 -.1489865E+00
26.72 	 -.1523149E+00
26.73 	 -.1545828E+00
26.74 	 -.1556554E+00
26.75 	 -.1554978E+00
26.76 	 -.1540640E+00
26.77 	 -.1514216E+00
26.78 	 -.1478058E+00
26.79 	 -.1435216E+00
26.8 	 -.1389806E+00
26.81 	 -.1345465E+00
26.82 	 -.1303491E+00
26.83 	 -.1263763E+00
26.84 	 -.1225894E+00
26.85 	 -.1190115E+00
26.86 	 -.1156695E+00
26.87 	 -.1125042E+00
26.88 	 -.1094659E+00
26.89 	 -.1065776E+00
26.9 	 -.1038967E+00
26.91 	 -.1014814E+00
26.92 	 -.9932180E-01
26.93 	 -.9726588E-01
26.94 	 -.9515004E-01
26.95 	 -.9287170E-01
26.96 	 -.9020949E-01
26.97 	 -.8681541E-01
26.98 	 -.8258150E-01
26.99 	 -.7783705E-01
27.0 	 -.7292873E-01
27.01 	 -.6797662E-01
27.02 	 -.6303337E-01
27.03 	 -.5812574E-01
27.04 	 -.5338903E-01
27.05 	 -.4900816E-01
27.06 	 -.4492615E-01
27.07 	 -.4091458E-01
27.08 	 -.3671764E-01
27.09 	 -.3215164E-01
27.1 	 -.2714121E-01
27.11 	 -.2155031E-01
27.12 	 -.1521736E-01
27.13 	 -.8106726E-02
27.14 	 -.2324675E-03
27.15 	 .8426939E-02
27.16 	 .1781974E-01
27.17 	 .2790010E-01
27.18 	 .3878351E-01
27.19 	 .5055223E-01
27.2 	 .6312732E-01
27.21 	 .7644407E-01
27.22 	 .9051787E-01
27.23 	 .1053710E+00
27.24 	 .1209238E+00
27.25 	 .1369741E+00
27.26 	 .1532886E+00
27.27 	 .1696046E+00
27.28 	 .1857836E+00
27.29 	 .2017948E+00
27.3 	 .2175975E+00
27.31 	 .2332330E+00
27.32 	 .2487751E+00
27.33 	 .2642069E+00
27.34 	 .2794061E+00
27.35 	 .2942445E+00
27.36 	 .3085608E+00
27.37 	 .3222764E+00
27.38 	 .3355201E+00
27.39 	 .3482487E+00
27.4 	 .3602799E+00
27.41 	 .3715295E+00
27.42 	 .3819547E+00
27.43 	 .3916044E+00
27.44 	 .4004198E+00
27.45 	 .4081958E+00
27.46 	 .4147360E+00
27.47 	 .4199592E+00
27.48 	 .4239747E+00
27.49 	 .4268616E+00
27.5 	 .4285901E+00
27.51 	 .4291608E+00
27.52 	 .4285329E+00
27.53 	 .4265916E+00
27.54 	 .4232963E+00
27.55 	 .4186437E+00
27.56 	 .4126699E+00
27.57 	 .4054394E+00
27.58 	 .3970085E+00
27.59 	 .3874459E+00
27.6 	 .3766848E+00
27.61 	 .3645663E+00
27.62 	 .3510034E+00
27.63 	 .3360582E+00
27.64 	 .3199362E+00
27.65 	 .3028599E+00
27.66 	 .2849753E+00
27.67 	 .2664168E+00
27.68 	 .2473323E+00
27.69 	 .2278052E+00
27.7 	 .2079840E+00
27.71 	 .1880986E+00
27.72 	 .1683026E+00
27.73 	 .1486586E+00
27.74 	 .1292972E+00
27.75 	 .1104645E+00
27.76 	 .9233097E-01
27.77 	 .7501220E-01
27.78 	 .5861559E-01
27.79 	 .4315677E-01
27.8 	 .2860892E-01
27.81 	 .1496988E-01
27.82 	 .2272870E-02
27.83 	 -.9469738E-02
27.84 	 -.2029545E-01
27.85 	 -.3023937E-01
27.86 	 -.3930057E-01
27.87 	 -.4745442E-01
27.88 	 -.5481783E-01
27.89 	 -.6167429E-01
27.9 	 -.6824781E-01
27.91 	 -.7466353E-01
27.92 	 -.8096762E-01
27.93 	 -.8716344E-01
27.94 	 -.9326373E-01
27.95 	 -.9924294E-01
27.96 	 -.1050728E+00
27.97 	 -.1106233E+00
27.98 	 -.1157035E+00
27.99 	 -.1203155E+00
28.0 	 -.1245388E+00
28.01 	 -.1283816E+00
28.02 	 -.1318600E+00
28.03 	 -.1350251E+00
28.04 	 -.1378985E+00
28.05 	 -.1405123E+00
28.06 	 -.1429274E+00
28.07 	 -.1451534E+00
28.08 	 -.1471974E+00
28.09 	 -.1491029E+00
28.1 	 -.1509137E+00
28.11 	 -.1526240E+00
28.12 	 -.1541746E+00
28.13 	 -.1555058E+00
28.14 	 -.1565606E+00
28.15 	 -.1572742E+00
28.16 	 -.1576053E+00
28.17 	 -.1575427E+00
28.18 	 -.1570682E+00
28.19 	 -.1561503E+00
28.2 	 -.1547660E+00
28.21 	 -.1529101E+00
28.22 	 -.1505324E+00
28.23 	 -.1475455E+00
28.24 	 -.1439743E+00
28.25 	 -.1398951E+00
28.26 	 -.1353180E+00
28.27 	 -.1302865E+00
28.28 	 -.1248897E+00
28.29 	 -.1192197E+00
28.3 	 -.1133576E+00
28.31 	 -.1073301E+00
28.32 	 -.1011692E+00
28.33 	 -.9495019E-01
28.34 	 -.8875871E-01
28.35 	 -.8265864E-01
28.36 	 -.7666340E-01
28.37 	 -.7073316E-01
28.38 	 -.6483588E-01
28.39 	 -.5903118E-01
28.4 	 -.5342121E-01
28.41 	 -.4809038E-01
28.42 	 -.4305157E-01
28.43 	 -.3824089E-01
28.44 	 -.3363217E-01
28.45 	 -.2923473E-01
28.46 	 -.2502894E-01
28.47 	 -.2096300E-01
28.48 	 -.1698734E-01
28.49 	 -.1312381E-01
28.5 	 -.9451281E-02
28.51 	 -.6032758E-02
28.52 	 -.2935973E-02
28.53 	 -.2262023E-03
28.54 	 .2088075E-02
28.55 	 .4033418E-02
28.56 	 .5633516E-02
28.57 	 .6901654E-02
28.58 	 .7853792E-02
28.59 	 .8507340E-02
28.6 	 .8886755E-02
28.61 	 .9020194E-02
28.62 	 .8916006E-02
28.63 	 .8581331E-02
28.64 	 .8020284E-02
28.65 	 .7224767E-02
28.66 	 .6189984E-02
28.67 	 .4940014E-02
28.68 	 .3541452E-02
28.69 	 .2055797E-02
28.7 	 .5227883E-03
28.71 	 -.1029191E-02
28.72 	 -.2575743E-02
28.73 	 -.4091298E-02
28.74 	 -.5581841E-02
28.75 	 -.7081052E-02
28.76 	 -.8619177E-02
28.77 	 -.1019847E-01
28.78 	 -.1179418E-01
28.79 	 -.1337851E-01
28.8 	 -.1493477E-01
28.81 	 -.1645968E-01
28.82 	 -.1794416E-01
28.83 	 -.1938368E-01
28.84 	 -.2078342E-01
28.85 	 -.2213538E-01
28.86 	 -.2343430E-01
28.87 	 -.2468835E-01
28.88 	 -.2589837E-01
28.89 	 -.2705074E-01
28.9 	 -.2812544E-01
28.91 	 -.2910630E-01
28.92 	 -.2998264E-01
28.93 	 -.3073999E-01
28.94 	 -.3136307E-01
28.95 	 -.3184920E-01
28.96 	 -.3219938E-01
28.97 	 -.3240549E-01
28.98 	 -.3246391E-01
28.99 	 -.3238584E-01
29.0 	 -.3219102E-01
29.01 	 -.3189328E-01
29.02 	 -.3150346E-01
29.03 	 -.3103860E-01
29.04 	 -.3051153E-01
29.05 	 -.2993346E-01
29.06 	 -.2931762E-01
29.07 	 -.2868292E-01
29.08 	 -.2805412E-01
29.09 	 -.2744730E-01
29.1 	 -.2687153E-01
29.11 	 -.2633221E-01
29.12 	 -.2582861E-01
29.13 	 -.2535513E-01
29.14 	 -.2490364E-01
29.15 	 -.2446802E-01
29.16 	 -.2404516E-01
29.17 	 -.2363197E-01
29.18 	 -.2322527E-01
29.19 	 -.2282329E-01
29.2 	 -.2242479E-01
29.21 	 -.2202740E-01
29.22 	 -.2162747E-01
29.23 	 -.2122272E-01
29.24 	 -.2081592E-01
29.25 	 -.2040875E-01
29.26 	 -.1999563E-01
29.27 	 -.1957422E-01
29.28 	 -.1914884E-01
29.29 	 -.1872262E-01
29.3 	 -.1829704E-01
29.31 	 -.1787151E-01
29.32 	 -.1744460E-01
29.33 	 -.1701783E-01
29.34 	 -.1659347E-01
29.35 	 -.1617214E-01
29.36 	 -.1575447E-01
29.37 	 -.1534264E-01
29.38 	 -.1493906E-01
29.39 	 -.1454450E-01
29.4 	 -.1415888E-01
29.41 	 -.1378305E-01
29.42 	 -.1341791E-01
29.43 	 -.1306176E-01
29.44 	 -.1271244E-01
29.45 	 -.1236892E-01
29.46 	 -.1202991E-01
29.47 	 -.1169448E-01
29.48 	 -.1136278E-01
29.49 	 -.1103564E-01
29.5 	 -.1071381E-01
29.51 	 -.1039715E-01
29.52 	 -.1008482E-01
29.53 	 -.9775319E-02
29.54 	 -.9467337E-02
29.55 	 -.9160645E-02
29.56 	 -.8855455E-02
29.57 	 -.8551978E-02
29.58 	 -.8250446E-02
29.59 	 -.7951068E-02
29.6 	 -.7654043E-02
29.61 	 -.7359556E-02
29.62 	 -.7067758E-02
29.63 	 -.6778857E-02
29.64 	 -.6493114E-02
29.65 	 -.6210812E-02
29.66 	 -.5932358E-02
29.67 	 -.5658120E-02
29.68 	 -.5388311E-02
29.69 	 -.5123135E-02
29.7 	 -.4862899E-02
29.71 	 -.4607988E-02
29.72 	 -.4358697E-02
29.73 	 -.4115246E-02
29.74 	 -.3877938E-02
29.75 	 -.3647092E-02
29.76 	 -.3422962E-02
29.77 	 -.3205747E-02
29.78 	 -.2995596E-02
29.79 	 -.2792675E-02
29.8 	 -.2597190E-02
29.81 	 -.2409360E-02
29.82 	 -.2229419E-02
29.83 	 -.2057611E-02
29.84 	 -.1894184E-02
29.85 	 -.1739394E-02
29.86 	 -.1593501E-02
29.87 	 -.1456763E-02
29.88 	 -.1329447E-02
29.89 	 -.1211821E-02
29.9 	 -.1104162E-02
29.91 	 -.1006752E-02
29.92 	 -.9198789E-03
29.93 	 -.8438375E-03
29.94 	 -.7789308E-03
29.95 	 -.7254704E-03
29.96 	 -.6837768E-03
29.97 	 -.6541794E-03
29.98 	 -.6370170E-03
29.99 	 -.6326380E-03
