0.0 	 .0000000E+00
0.01 	 -.8713554E-03
0.02 	 .9641117E-03
0.03 	 -.1759617E-01
0.04 	 -.5021154E-01
0.05 	 -.7861002E-01
0.06 	 -.1044918E+00
0.07 	 -.1115252E+00
0.08 	 -.8395852E-01
0.09 	 -.4603437E-01
0.1 	 -.2337564E-01
0.11 	 .1309083E-01
0.12 	 .6651535E-01
0.13 	 .8575226E-01
0.14 	 .7859239E-01
0.15 	 .9759149E-01
0.16 	 .1255676E+00
0.17 	 .1443788E+00
0.18 	 .1703967E+00
0.19 	 .2102121E+00
0.2 	 .2600345E+00
0.21 	 .3077026E+00
0.22 	 .3418051E+00
0.23 	 .3665624E+00
0.24 	 .3473806E+00
0.25 	 .2756688E+00
0.26 	 .2123037E+00
0.27 	 .1806178E+00
0.28 	 .1621489E+00
0.29 	 .1341347E+00
0.3 	 .1385997E+00
0.31 	 .1790041E+00
0.32 	 .2111332E+00
0.33 	 .2015833E+00
0.34 	 .1656659E+00
0.35 	 .1442056E+00
0.36 	 .1059589E+00
0.37 	 .9073003E-01
0.38 	 .1212516E+00
0.39 	 .1192349E+00
0.4 	 .7525892E-01
0.41 	 .6896234E-01
0.42 	 .1202473E+00
0.43 	 .1698773E+00
0.44 	 .1814584E+00
0.45 	 .1563105E+00
0.46 	 .1123357E+00
0.47 	 .7279644E-01
0.48 	 .8680817E-01
0.49 	 .1462999E+00
0.5 	 .2019362E+00
0.51 	 .2129927E+00
0.52 	 .1734785E+00
0.53 	 .1564416E+00
0.54 	 .1594719E+00
0.55 	 .1077110E+00
0.56 	 .4634394E-01
0.57 	 .6934055E-02
0.58 	 -.4422234E-01
0.59 	 -.8093241E-01
0.6 	 -.6503197E-01
0.61 	 -.1124268E-01
0.62 	 .2249908E-01
0.63 	 .4891466E-01
0.64 	 .9919748E-01
0.65 	 .1528352E+00
0.66 	 .1819049E+00
0.67 	 .1910568E+00
0.68 	 .1664895E+00
0.69 	 .9483158E-01
0.7 	 .2882868E-01
0.71 	 -.7666548E-02
0.72 	 -.1318399E-01
0.73 	 .2213742E-01
0.74 	 .6792431E-01
0.75 	 .1003040E+00
0.76 	 .1416290E+00
0.77 	 .1892290E+00
0.78 	 .1933484E+00
0.79 	 .1606779E+00
0.8 	 .1622754E+00
0.81 	 .1806789E+00
0.82 	 .1691733E+00
0.83 	 .1600720E+00
0.84 	 .2002601E+00
0.85 	 .2428626E+00
0.86 	 .2239924E+00
0.87 	 .1813036E+00
0.88 	 .1549405E+00
0.89 	 .1275312E+00
0.9 	 .1079568E+00
0.91 	 .1306708E+00
0.92 	 .1322165E+00
0.93 	 .8153019E-01
0.94 	 .5834076E-01
0.95 	 .9333152E-01
0.96 	 .1301362E+00
0.97 	 .1059280E+00
0.98 	 .5150018E-01
0.99 	 .1259775E-01
1.0 	 -.1873017E-01
1.01 	 -.3156240E-01
1.02 	 -.1894821E-01
1.03 	 .8071160E-02
1.04 	 .3386398E-01
1.05 	 .5007930E-01
1.06 	 .6036750E-01
1.07 	 .7977021E-01
1.08 	 .1115578E+00
1.09 	 .1534199E+00
1.1 	 .2166378E+00
1.11 	 .2668977E+00
1.12 	 .2668254E+00
1.13 	 .2342130E+00
1.14 	 .1928729E+00
1.15 	 .1684380E+00
1.16 	 .1627585E+00
1.17 	 .1902058E+00
1.18 	 .2706323E+00
1.19 	 .3224989E+00
1.2 	 .2951399E+00
1.21 	 .2289799E+00
1.22 	 .1836053E+00
1.23 	 .1779582E+00
1.24 	 .1966269E+00
1.25 	 .2268400E+00
1.26 	 .2662872E+00
1.27 	 .2707835E+00
1.28 	 .2145463E+00
1.29 	 .1354895E+00
1.3 	 .2865267E-01
1.31 	 -.6671993E-01
1.32 	 -.1125541E+00
1.33 	 -.1373731E+00
1.34 	 -.1526282E+00
1.35 	 -.1657501E+00
1.36 	 -.1873101E+00
1.37 	 -.2084372E+00
1.38 	 -.2136097E+00
1.39 	 -.2027877E+00
1.4 	 -.2059144E+00
1.41 	 -.1890762E+00
1.42 	 -.1446222E+00
1.43 	 -.1603421E+00
1.44 	 -.2259348E+00
1.45 	 -.2587313E+00
1.46 	 -.2319385E+00
1.47 	 -.1770500E+00
1.48 	 -.1399408E+00
1.49 	 -.1773672E+00
1.5 	 -.2649766E+00
1.51 	 -.3099188E+00
1.52 	 -.2999624E+00
1.53 	 -.2994645E+00
1.54 	 -.3091652E+00
1.55 	 -.3217138E+00
1.56 	 -.3926163E+00
1.57 	 -.4713572E+00
1.58 	 -.4791880E+00
1.59 	 -.4455818E+00
1.6 	 -.4330055E+00
1.61 	 -.4203969E+00
1.62 	 -.3543800E+00
1.63 	 -.2656984E+00
1.64 	 -.2134384E+00
1.65 	 -.2176224E+00
1.66 	 -.2541976E+00
1.67 	 -.2899706E+00
1.68 	 -.3122698E+00
1.69 	 -.3166548E+00
1.7 	 -.3052460E+00
1.71 	 -.2864341E+00
1.72 	 -.2831218E+00
1.73 	 -.3082304E+00
1.74 	 -.3337671E+00
1.75 	 -.3087560E+00
1.76 	 -.2268766E+00
1.77 	 -.2011514E+00
1.78 	 -.2770452E+00
1.79 	 -.3224837E+00
1.8 	 -.2631986E+00
1.81 	 -.1547762E+00
1.82 	 -.7842530E-01
1.83 	 -.1190353E+00
1.84 	 -.2694054E+00
1.85 	 -.3644076E+00
1.86 	 -.3721782E+00
1.87 	 -.4376933E+00
1.88 	 -.5750644E+00
1.89 	 -.6664886E+00
1.9 	 -.6607103E+00
1.91 	 -.5817821E+00
1.92 	 -.4653080E+00
1.93 	 -.3887865E+00
1.94 	 -.4002929E+00
1.95 	 -.4310197E+00
1.96 	 -.4480132E+00
1.97 	 -.5462039E+00
1.98 	 -.6980588E+00
1.99 	 -.8025969E+00
2.0 	 -.8717093E+00
2.01 	 -.9103868E+00
2.02 	 -.8927164E+00
2.03 	 -.8852455E+00
2.04 	 -.9093365E+00
2.05 	 -.9027025E+00
2.06 	 -.8911764E+00
2.07 	 -.8615467E+00
2.08 	 -.7726290E+00
2.09 	 -.6414250E+00
2.1 	 -.5292917E+00
2.11 	 -.3910140E+00
2.12 	 -.2193912E+00
2.13 	 -.6389867E-01
2.14 	 .1969669E+00
2.15 	 .5988895E+00
2.16 	 .1017395E+01
2.17 	 .1325710E+01
2.18 	 .1522335E+01
2.19 	 .1625880E+01
2.2 	 .1639647E+01
2.21 	 .1560845E+01
2.22 	 .1329497E+01
2.23 	 .9487349E+00
2.24 	 .5345800E+00
2.25 	 .2191573E+00
2.26 	 .5589251E-01
2.27 	 -.3841339E-01
2.28 	 -.1920345E+00
2.29 	 -.3722774E+00
2.3 	 -.4639793E+00
2.31 	 -.4976036E+00
2.32 	 -.5687608E+00
2.33 	 -.6049231E+00
2.34 	 -.5442235E+00
2.35 	 -.3784012E+00
2.36 	 -.3011770E-01
2.37 	 .4917459E+00
2.38 	 .1072577E+01
2.39 	 .1537237E+01
2.4 	 .1790484E+01
2.41 	 .1824169E+01
2.42 	 .1711608E+01
2.43 	 .1591608E+01
2.44 	 .1414772E+01
2.45 	 .1170960E+01
2.46 	 .1008618E+01
2.47 	 .8925424E+00
2.48 	 .6571142E+00
2.49 	 .3116250E+00
2.5 	 .2137286E-01
2.51 	 -.1363738E+00
2.52 	 -.1699359E+00
2.53 	 -.1919158E+00
2.54 	 -.3153659E+00
2.55 	 -.4224134E+00
2.56 	 -.4252685E+00
2.57 	 -.4040902E+00
2.58 	 -.4863923E+00
2.59 	 -.7743363E+00
2.6 	 -.1255671E+01
2.61 	 -.1695220E+01
2.62 	 -.1922044E+01
2.63 	 -.2002072E+01
2.64 	 -.1918121E+01
2.65 	 -.1692304E+01
2.66 	 -.1537294E+01
2.67 	 -.1609288E+01
2.68 	 -.1805684E+01
2.69 	 -.1836662E+01
2.7 	 -.1599670E+01
2.71 	 -.1258106E+01
2.72 	 -.9030492E+00
2.73 	 -.5455117E+00
2.74 	 -.9786362E-01
2.75 	 .4516663E+00
2.76 	 .8203670E+00
2.77 	 .7996556E+00
2.78 	 .5083949E+00
2.79 	 .2738811E+00
2.8 	 .2961262E+00
2.81 	 .5451368E+00
2.82 	 .8490140E+00
2.83 	 .1187956E+01
2.84 	 .1649941E+01
2.85 	 .1998865E+01
2.86 	 .1935344E+01
2.87 	 .1460598E+01
2.88 	 .8935531E+00
2.89 	 .5497829E+00
2.9 	 .3603501E+00
2.91 	 .5580502E-01
2.92 	 -.4298294E+00
2.93 	 -.8505962E+00
2.94 	 -.9590483E+00
2.95 	 -.6856479E+00
2.96 	 -.1785815E+00
2.97 	 .2492467E+00
2.98 	 .4457999E+00
2.99 	 .4823159E+00
3.0 	 .4985800E+00
3.01 	 .5935431E+00
3.02 	 .8601755E+00
3.03 	 .1189275E+01
3.04 	 .1379080E+01
3.05 	 .1521950E+01
3.06 	 .1727747E+01
3.07 	 .1892420E+01
3.08 	 .1848050E+01
3.09 	 .1496736E+01
3.1 	 .8640625E+00
3.11 	 .3235291E+00
3.12 	 .3150045E+00
3.13 	 .6549284E+00
3.14 	 .8692987E+00
3.15 	 .7010072E+00
3.16 	 .2541153E+00
3.17 	 -.1660535E+00
3.18 	 -.4889114E+00
3.19 	 -.7541327E+00
3.2 	 -.1026695E+01
3.21 	 -.1305367E+01
3.22 	 -.1397099E+01
3.23 	 -.1207089E+01
3.24 	 -.9319902E+00
3.25 	 -.8313902E+00
3.26 	 -.9543147E+00
3.27 	 -.1188411E+01
3.28 	 -.1359051E+01
3.29 	 -.1420408E+01
3.3 	 -.1425529E+01
3.31 	 -.1310647E+01
3.32 	 -.1062049E+01
3.33 	 -.6850480E+00
3.34 	 -.2021449E+00
3.35 	 .2045099E+00
3.36 	 .4188736E+00
3.37 	 .5512984E+00
3.38 	 .7900148E+00
3.39 	 .1143564E+01
3.4 	 .1401312E+01
3.41 	 .1540378E+01
3.42 	 .1700146E+01
3.43 	 .1724619E+01
3.44 	 .1409195E+01
3.45 	 .8332817E+00
3.46 	 .2987032E+00
3.47 	 .2584349E-01
3.48 	 -.3459289E-01
3.49 	 -.1277229E+00
3.5 	 -.4048632E+00
3.51 	 -.7978563E+00
3.52 	 -.1149935E+01
3.53 	 -.1290480E+01
3.54 	 -.1187929E+01
3.55 	 -.1002079E+01
3.56 	 -.9880776E+00
3.57 	 -.1265438E+01
3.58 	 -.1639970E+01
3.59 	 -.1803489E+01
3.6 	 -.1661214E+01
3.61 	 -.1221086E+01
3.62 	 -.6362226E+00
3.63 	 -.7729207E-01
3.64 	 .5040007E+00
3.65 	 .9893227E+00
3.66 	 .1190763E+01
3.67 	 .1186591E+01
3.68 	 .1229004E+01
3.69 	 .1488331E+01
3.7 	 .1939628E+01
3.71 	 .2381244E+01
3.72 	 .2704737E+01
3.73 	 .3078306E+01
3.74 	 .3460375E+01
3.75 	 .3637271E+01
3.76 	 .3555908E+01
3.77 	 .3213517E+01
3.78 	 .2616378E+01
3.79 	 .1920647E+01
3.8 	 .1407716E+01
3.81 	 .1214160E+01
3.82 	 .1329498E+01
3.83 	 .1633026E+01
3.84 	 .1898360E+01
3.85 	 .1902425E+01
3.86 	 .1532118E+01
3.87 	 .7797295E+00
3.88 	 -.1679512E+00
3.89 	 -.1000110E+01
3.9 	 -.1580340E+01
3.91 	 -.1925916E+01
3.92 	 -.2180582E+01
3.93 	 -.2360279E+01
3.94 	 -.2385071E+01
3.95 	 -.2295729E+01
3.96 	 -.2091726E+01
3.97 	 -.1818615E+01
3.98 	 -.1648727E+01
3.99 	 -.1605912E+01
4.0 	 -.1421232E+01
4.01 	 -.9215880E+00
4.02 	 -.1872684E+00
4.03 	 .5160674E+00
4.04 	 .9670450E+00
4.05 	 .1201298E+01
4.06 	 .1270183E+01
4.07 	 .1136075E+01
4.08 	 .9391703E+00
4.09 	 .8972017E+00
4.1 	 .9044982E+00
4.11 	 .7301443E+00
4.12 	 .3538078E+00
4.13 	 -.1928879E+00
4.14 	 -.9362557E+00
4.15 	 -.1732480E+01
4.16 	 -.2331462E+01
4.17 	 -.2537402E+01
4.18 	 -.2265120E+01
4.19 	 -.1566431E+01
4.2 	 -.8310793E+00
4.21 	 -.5267550E+00
4.22 	 -.7565499E+00
4.23 	 -.1341914E+01
4.24 	 -.2001027E+01
4.25 	 -.2489942E+01
4.26 	 -.2632049E+01
4.27 	 -.2465373E+01
4.28 	 -.2272824E+01
4.29 	 -.2348665E+01
4.3 	 -.2766125E+01
4.31 	 -.3455674E+01
4.32 	 -.4174578E+01
4.33 	 -.4596519E+01
4.34 	 -.4584063E+01
4.35 	 -.4162833E+01
4.36 	 -.3473864E+01
4.37 	 -.2694655E+01
4.38 	 -.1939680E+01
4.39 	 -.1315259E+01
4.4 	 -.9240050E+00
4.41 	 -.7563258E+00
4.42 	 -.7605860E+00
4.43 	 -.8240233E+00
4.44 	 -.7796993E+00
4.45 	 -.5779985E+00
4.46 	 -.2685864E+00
4.47 	 .1124175E-01
4.48 	 .9525786E-01
4.49 	 -.1149757E-01
4.5 	 -.2468377E+00
4.51 	 -.5040508E+00
4.52 	 -.5615026E+00
4.53 	 -.3107011E+00
4.54 	 .1652047E+00
4.55 	 .6110666E+00
4.56 	 .8070104E+00
4.57 	 .7956307E+00
4.58 	 .7738194E+00
4.59 	 .9593401E+00
4.6 	 .1439523E+01
4.61 	 .2183074E+01
4.62 	 .3013814E+01
4.63 	 .3632610E+01
4.64 	 .3887335E+01
4.65 	 .3791491E+01
4.66 	 .3495415E+01
4.67 	 .3205368E+01
4.68 	 .3090230E+01
4.69 	 .3205937E+01
4.7 	 .3437236E+01
4.71 	 .3587026E+01
4.72 	 .3521411E+01
4.73 	 .3246922E+01
4.74 	 .2873022E+01
4.75 	 .2557358E+01
4.76 	 .2252724E+01
4.77 	 .1843978E+01
4.78 	 .1632143E+01
4.79 	 .1955016E+01
4.8 	 .2794945E+01
4.81 	 .3751617E+01
4.82 	 .4385652E+01
4.83 	 .4615652E+01
4.84 	 .4600725E+01
4.85 	 .4553583E+01
4.86 	 .4510742E+01
4.87 	 .4330974E+01
4.88 	 .3810959E+01
4.89 	 .2839283E+01
4.9 	 .1440259E+01
4.91 	 -.6889696E-01
4.92 	 -.1314475E+01
4.93 	 -.2054488E+01
4.94 	 -.2117398E+01
4.95 	 -.1614336E+01
4.96 	 -.1067039E+01
4.97 	 -.1392280E+01
4.98 	 -.2768716E+01
4.99 	 -.4623777E+01
5.0 	 -.6523502E+01
5.01 	 -.8160940E+01
5.02 	 -.8990129E+01
5.03 	 -.8671773E+01
5.04 	 -.7710367E+01
5.05 	 -.6555400E+01
5.06 	 -.5479963E+01
5.07 	 -.4702549E+01
5.08 	 -.4249682E+01
5.09 	 -.4003858E+01
5.1 	 -.3700999E+01
5.11 	 -.3217991E+01
5.12 	 -.2664555E+01
5.13 	 -.2227683E+01
5.14 	 -.1914896E+01
5.15 	 -.1625252E+01
5.16 	 -.1299984E+01
5.17 	 -.8609150E+00
5.18 	 -.3238359E+00
5.19 	 .1084710E+00
5.2 	 .3146023E+00
5.21 	 .3541446E+00
5.22 	 .2850141E+00
5.23 	 .1965308E+00
5.24 	 .9457528E-01
5.25 	 -.1267942E+00
5.26 	 -.3857186E+00
5.27 	 -.5942881E+00
5.28 	 -.7958676E+00
5.29 	 -.1106920E+01
5.3 	 -.1549157E+01
5.31 	 -.1885064E+01
5.32 	 -.1853831E+01
5.33 	 -.1312433E+01
5.34 	 -.2572684E+00
5.35 	 .1131592E+01
5.36 	 .2494988E+01
5.37 	 .3393553E+01
5.38 	 .3516071E+01
5.39 	 .2892067E+01
5.4 	 .1911813E+01
5.41 	 .1136490E+01
5.42 	 .9376902E+00
5.43 	 .1348486E+01
5.44 	 .2097439E+01
5.45 	 .2479901E+01
5.46 	 .2020909E+01
5.47 	 .1136530E+01
5.48 	 .4324701E+00
5.49 	 .1195922E+00
5.5 	 .8755444E-01
5.51 	 .1217132E+00
5.52 	 .2111072E+00
5.53 	 .5241951E+00
5.54 	 .1172669E+01
5.55 	 .2176991E+01
5.56 	 .3480376E+01
5.57 	 .4897672E+01
5.58 	 .6206395E+01
5.59 	 .7186392E+01
5.6 	 .7548960E+01
5.61 	 .7130041E+01
5.62 	 .6063080E+01
5.63 	 .4739550E+01
5.64 	 .3627552E+01
5.65 	 .2989506E+01
5.66 	 .2830952E+01
5.67 	 .3027666E+01
5.68 	 .3404899E+01
5.69 	 .3722745E+01
5.7 	 .3619204E+01
5.71 	 .2750357E+01
5.72 	 .1185994E+01
5.73 	 -.7126671E+00
5.74 	 -.2512428E+01
5.75 	 -.3806464E+01
5.76 	 -.4388673E+01
5.77 	 -.4382408E+01
5.78 	 -.4258820E+01
5.79 	 -.4363389E+01
5.8 	 -.4652628E+01
5.81 	 -.4767829E+01
5.82 	 -.4433952E+01
5.83 	 -.3672539E+01
5.84 	 -.2747828E+01
5.85 	 -.1981535E+01
5.86 	 -.1476252E+01
5.87 	 -.1138689E+01
5.88 	 -.7666619E+00
5.89 	 -.2310179E+00
5.9 	 .4292589E+00
5.91 	 .1015977E+01
5.92 	 .1346506E+01
5.93 	 .1367420E+01
5.94 	 .1095591E+01
5.95 	 .6262501E+00
5.96 	 .1272548E+00
5.97 	 -.3210158E+00
5.98 	 -.8001706E+00
5.99 	 -.1301419E+01
6.0 	 -.1649711E+01
6.01 	 -.1728504E+01
6.02 	 -.1585463E+01
6.03 	 -.1425762E+01
6.04 	 -.1465993E+01
6.05 	 -.1735800E+01
6.06 	 -.2046103E+01
6.07 	 -.2232012E+01
6.08 	 -.2245774E+01
6.09 	 -.2052743E+01
6.1 	 -.1638009E+01
6.11 	 -.1057828E+01
6.12 	 -.5160413E+00
6.13 	 -.1836987E+00
6.14 	 -.1274672E+00
6.15 	 -.2251334E+00
6.16 	 -.2931572E+00
6.17 	 -.2836932E+00
6.18 	 -.1439256E+00
6.19 	 .7371967E-01
6.2 	 .2722821E+00
6.21 	 .4781645E+00
6.22 	 .8297722E+00
6.23 	 .1416385E+01
6.24 	 .2113339E+01
6.25 	 .2667857E+01
6.26 	 .2912330E+01
6.27 	 .2817764E+01
6.28 	 .2379010E+01
6.29 	 .1717401E+01
6.3 	 .1028718E+01
6.31 	 .3305935E+00
6.32 	 -.2488889E+00
6.33 	 -.4906251E+00
6.34 	 -.3315579E+00
6.35 	 .1803273E+00
6.36 	 .8160253E+00
6.37 	 .1449352E+01
6.38 	 .2155777E+01
6.39 	 .3020357E+01
6.4 	 .3933903E+01
6.41 	 .4627113E+01
6.42 	 .4951503E+01
6.43 	 .4871247E+01
6.44 	 .4453843E+01
6.45 	 .3940738E+01
6.46 	 .3524632E+01
6.47 	 .3143360E+01
6.48 	 .2704241E+01
6.49 	 .2206474E+01
6.5 	 .1670283E+01
6.51 	 .1173024E+01
6.52 	 .8023796E+00
6.53 	 .4715283E+00
6.54 	 .6331507E-02
6.55 	 -.6072924E+00
6.56 	 -.1135728E+01
6.57 	 -.1370221E+01
6.58 	 -.1275029E+01
6.59 	 -.9538135E+00
6.6 	 -.6890946E+00
6.61 	 -.5298880E+00
6.62 	 -.3974852E+00
6.63 	 -.4276709E+00
6.64 	 -.7440088E+00
6.65 	 -.1290223E+01
6.66 	 -.1848869E+01
6.67 	 -.2241517E+01
6.68 	 -.2401281E+01
6.69 	 -.2331910E+01
6.7 	 -.2185712E+01
6.71 	 -.2190411E+01
6.72 	 -.2449098E+01
6.73 	 -.2954204E+01
6.74 	 -.3683924E+01
6.75 	 -.4578604E+01
6.76 	 -.5527161E+01
6.77 	 -.6445374E+01
6.78 	 -.7275459E+01
6.79 	 -.7936886E+01
6.8 	 -.8445517E+01
6.81 	 -.8954799E+01
6.82 	 -.9607247E+01
6.83 	 -.1029561E+02
6.84 	 -.1075351E+02
6.85 	 -.1081058E+02
6.86 	 -.1036438E+02
6.87 	 -.9454333E+01
6.88 	 -.8194085E+01
6.89 	 -.6796253E+01
6.9 	 -.5535806E+01
6.91 	 -.4534689E+01
6.92 	 -.3831595E+01
6.93 	 -.3383640E+01
6.94 	 -.3034807E+01
6.95 	 -.2556760E+01
6.96 	 -.1827146E+01
6.97 	 -.8599972E+00
6.98 	 .2146931E+00
6.99 	 .1199073E+01
7.0 	 .1996251E+01
7.01 	 .2633441E+01
7.02 	 .3183711E+01
7.03 	 .3760604E+01
7.04 	 .4448537E+01
7.05 	 .5118018E+01
7.06 	 .5590957E+01
7.07 	 .5836319E+01
7.08 	 .5955728E+01
7.09 	 .6014519E+01
7.1 	 .6059868E+01
7.11 	 .6240351E+01
7.12 	 .6645138E+01
7.13 	 .7196730E+01
7.14 	 .7764784E+01
7.15 	 .8258568E+01
7.16 	 .8534979E+01
7.17 	 .8480732E+01
7.18 	 .8062414E+01
7.19 	 .7287127E+01
7.2 	 .6239499E+01
7.21 	 .5061525E+01
7.22 	 .3940408E+01
7.23 	 .3004430E+01
7.24 	 .2287086E+01
7.25 	 .1778504E+01
7.26 	 .1408666E+01
7.27 	 .1056100E+01
7.28 	 .5874900E+00
7.29 	 -.5500962E-01
7.3 	 -.8250938E+00
7.31 	 -.1625102E+01
7.32 	 -.2329920E+01
7.33 	 -.2866931E+01
7.34 	 -.3298840E+01
7.35 	 -.3645211E+01
7.36 	 -.3834555E+01
7.37 	 -.3910888E+01
7.38 	 -.3922954E+01
7.39 	 -.3787644E+01
7.4 	 -.3417920E+01
7.41 	 -.2831112E+01
7.42 	 -.2205950E+01
7.43 	 -.1728546E+01
7.44 	 -.1388477E+01
7.45 	 -.1110475E+01
7.46 	 -.8065614E+00
7.47 	 -.3638130E+00
7.48 	 .2652752E+00
7.49 	 .9778219E+00
7.5 	 .1559194E+01
7.51 	 .1888117E+01
7.52 	 .1947230E+01
7.53 	 .1766866E+01
7.54 	 .1387350E+01
7.55 	 .8642670E+00
7.56 	 .2768365E+00
7.57 	 -.2807214E+00
7.58 	 -.6837227E+00
7.59 	 -.8661204E+00
7.6 	 -.7973610E+00
7.61 	 -.4731642E+00
7.62 	 .9669485E-02
7.63 	 .4880021E+00
7.64 	 .8164675E+00
7.65 	 .9560717E+00
7.66 	 .1034378E+01
7.67 	 .1242309E+01
7.68 	 .1633679E+01
7.69 	 .2094136E+01
7.7 	 .2544012E+01
7.71 	 .2969854E+01
7.72 	 .3312086E+01
7.73 	 .3539465E+01
7.74 	 .3706487E+01
7.75 	 .3869688E+01
7.76 	 .3999205E+01
7.77 	 .4058363E+01
7.78 	 .4110120E+01
7.79 	 .4281340E+01
7.8 	 .4593695E+01
7.81 	 .4920920E+01
7.82 	 .5129002E+01
7.83 	 .5231152E+01
7.84 	 .5351723E+01
7.85 	 .5542802E+01
7.86 	 .5733940E+01
7.87 	 .5792702E+01
7.88 	 .5639831E+01
7.89 	 .5243773E+01
7.9 	 .4590526E+01
7.91 	 .3759019E+01
7.92 	 .2814079E+01
7.93 	 .1732063E+01
7.94 	 .5431747E+00
7.95 	 -.6134204E+00
7.96 	 -.1615919E+01
7.97 	 -.2491624E+01
7.98 	 -.3292392E+01
7.99 	 -.4007291E+01
8.0 	 -.4580704E+01
8.01 	 -.4943265E+01
8.02 	 -.5065010E+01
8.03 	 -.4925177E+01
8.04 	 -.4523835E+01
8.05 	 -.3897520E+01
8.06 	 -.3200597E+01
8.07 	 -.2580703E+01
8.08 	 -.1924825E+01
8.09 	 -.1092419E+01
8.1 	 -.1413698E+00
8.11 	 .7464716E+00
8.12 	 .1405447E+01
8.13 	 .1789393E+01
8.14 	 .1932261E+01
8.15 	 .1975497E+01
8.16 	 .2018984E+01
8.17 	 .2021675E+01
8.18 	 .1979761E+01
8.19 	 .1902272E+01
8.2 	 .1771938E+01
8.21 	 .1619270E+01
8.22 	 .1500575E+01
8.23 	 .1461189E+01
8.24 	 .1525954E+01
8.25 	 .1638804E+01
8.26 	 .1649011E+01
8.27 	 .1426403E+01
8.28 	 .9299944E+00
8.29 	 .1962390E+00
8.3 	 -.7221471E+00
8.31 	 -.1773118E+01
8.32 	 -.2843862E+01
8.33 	 -.3852519E+01
8.34 	 -.4828874E+01
8.35 	 -.5758843E+01
8.36 	 -.6520895E+01
8.37 	 -.6994795E+01
8.38 	 -.7111017E+01
8.39 	 -.6865579E+01
8.4 	 -.6326939E+01
8.41 	 -.5656225E+01
8.42 	 -.4958379E+01
8.43 	 -.4155452E+01
8.44 	 -.3206918E+01
8.45 	 -.2228222E+01
8.46 	 -.1382112E+01
8.47 	 -.7637560E+00
8.48 	 -.3362219E+00
8.49 	 -.6457540E-01
8.5 	 .4836328E-01
8.51 	 .4416867E-01
8.52 	 -.4078522E-01
8.53 	 -.1858961E+00
8.54 	 -.3865436E+00
8.55 	 -.6221352E+00
8.56 	 -.8728990E+00
8.57 	 -.1166208E+01
8.58 	 -.1491371E+01
8.59 	 -.1853058E+01
8.6 	 -.2306165E+01
8.61 	 -.2852573E+01
8.62 	 -.3466169E+01
8.63 	 -.4141983E+01
8.64 	 -.4824397E+01
8.65 	 -.5385288E+01
8.66 	 -.5728976E+01
8.67 	 -.5896695E+01
8.68 	 -.5982345E+01
8.69 	 -.5963844E+01
8.7 	 -.5789417E+01
8.71 	 -.5415157E+01
8.72 	 -.4785900E+01
8.73 	 -.3899215E+01
8.74 	 -.2832561E+01
8.75 	 -.1743085E+01
8.76 	 -.7992745E+00
8.77 	 -.6038739E-01
8.78 	 .5753380E+00
8.79 	 .1208303E+01
8.8 	 .1847278E+01
8.81 	 .2440438E+01
8.82 	 .2905423E+01
8.83 	 .3180707E+01
8.84 	 .3254479E+01
8.85 	 .3149390E+01
8.86 	 .2875513E+01
8.87 	 .2468031E+01
8.88 	 .2006712E+01
8.89 	 .1553724E+01
8.9 	 .1178135E+01
8.91 	 .9246579E+00
8.92 	 .6869427E+00
8.93 	 .3544767E+00
8.94 	 -.7974076E-01
8.95 	 -.5850964E+00
8.96 	 -.1105774E+01
8.97 	 -.1621431E+01
8.98 	 -.2116367E+01
8.99 	 -.2556256E+01
9.0 	 -.2890535E+01
9.01 	 -.3063435E+01
9.02 	 -.3085240E+01
9.03 	 -.3042748E+01
9.04 	 -.3036780E+01
9.05 	 -.3060375E+01
9.06 	 -.3007503E+01
9.07 	 -.2844159E+01
9.08 	 -.2593715E+01
9.09 	 -.2235530E+01
9.1 	 -.1815208E+01
9.11 	 -.1427910E+01
9.12 	 -.1074477E+01
9.13 	 -.6944802E+00
9.14 	 -.2971721E+00
9.15 	 .2333728E-01
9.16 	 .2050811E+00
9.17 	 .3064859E+00
9.18 	 .4418942E+00
9.19 	 .6636116E+00
9.2 	 .9461156E+00
9.21 	 .1222669E+01
9.22 	 .1497551E+01
9.23 	 .1805717E+01
9.24 	 .2096011E+01
9.25 	 .2371793E+01
9.26 	 .2691789E+01
9.27 	 .3038549E+01
9.28 	 .3389698E+01
9.29 	 .3694782E+01
9.3 	 .3852180E+01
9.31 	 .3806495E+01
9.32 	 .3600322E+01
9.33 	 .3339983E+01
9.34 	 .3064292E+01
9.35 	 .2794311E+01
9.36 	 .2611210E+01
9.37 	 .2552402E+01
9.38 	 .2602236E+01
9.39 	 .2687524E+01
9.4 	 .2737268E+01
9.41 	 .2764128E+01
9.42 	 .2797920E+01
9.43 	 .2884807E+01
9.44 	 .3049302E+01
9.45 	 .3255352E+01
9.46 	 .3425277E+01
9.47 	 .3488501E+01
9.48 	 .3492668E+01
9.49 	 .3531658E+01
9.5 	 .3658908E+01
9.51 	 .3912272E+01
9.52 	 .4259905E+01
9.53 	 .4589747E+01
9.54 	 .4785314E+01
9.55 	 .4809562E+01
9.56 	 .4698414E+01
9.57 	 .4512308E+01
9.58 	 .4318772E+01
9.59 	 .4119984E+01
9.6 	 .3873761E+01
9.61 	 .3586984E+01
9.62 	 .3291455E+01
9.63 	 .2993286E+01
9.64 	 .2684525E+01
9.65 	 .2388336E+01
9.66 	 .2148442E+01
9.67 	 .1982567E+01
9.68 	 .1874628E+01
9.69 	 .1800512E+01
9.7 	 .1745219E+01
9.71 	 .1751202E+01
9.72 	 .1868427E+01
9.73 	 .2082912E+01
9.74 	 .2345063E+01
9.75 	 .2610514E+01
9.76 	 .2853222E+01
9.77 	 .3012681E+01
9.78 	 .3014983E+01
9.79 	 .2799220E+01
9.8 	 .2347142E+01
9.81 	 .1704862E+01
9.82 	 .9889839E+00
9.83 	 .3343325E+00
9.84 	 -.2098270E+00
9.85 	 -.6786683E+00
9.86 	 -.1120827E+01
9.87 	 -.1561225E+01
9.88 	 -.1945897E+01
9.89 	 -.2172373E+01
9.9 	 -.2199306E+01
9.91 	 -.2056771E+01
9.92 	 -.1823395E+01
9.93 	 -.1610773E+01
9.94 	 -.1559938E+01
9.95 	 -.1745999E+01
9.96 	 -.2174477E+01
9.97 	 -.2771834E+01
9.98 	 -.3345278E+01
9.99 	 -.3744213E+01
10.0 	 -.3911633E+01
10.01 	 -.3863349E+01
10.02 	 -.3708854E+01
10.03 	 -.3559439E+01
10.04 	 -.3460410E+01
10.05 	 -.3371012E+01
10.06 	 -.3236959E+01
10.07 	 -.3053571E+01
10.08 	 -.2795205E+01
10.09 	 -.2409404E+01
10.1 	 -.1886609E+01
10.11 	 -.1256912E+01
10.12 	 -.5988221E+00
10.13 	 -.4745393E-01
10.14 	 .3430565E+00
10.15 	 .5978519E+00
10.16 	 .7762688E+00
10.17 	 .9522754E+00
10.18 	 .1148924E+01
10.19 	 .1317360E+01
10.2 	 .1375133E+01
10.21 	 .1326135E+01
10.22 	 .1222180E+01
10.23 	 .1111345E+01
10.24 	 .1060586E+01
10.25 	 .1066983E+01
10.26 	 .1067290E+01
10.27 	 .1043734E+01
10.28 	 .1015547E+01
10.29 	 .9570676E+00
10.3 	 .8064175E+00
10.31 	 .5704680E+00
10.32 	 .3298380E+00
10.33 	 .1241017E+00
10.34 	 -.9391591E-01
10.35 	 -.3689698E+00
10.36 	 -.6964295E+00
10.37 	 -.1061213E+01
10.38 	 -.1440229E+01
10.39 	 -.1838837E+01
10.4 	 -.2268748E+01
10.41 	 -.2680137E+01
10.42 	 -.3037200E+01
10.43 	 -.3320686E+01
10.44 	 -.3507480E+01
10.45 	 -.3619256E+01
10.46 	 -.3687448E+01
10.47 	 -.3729707E+01
10.48 	 -.3755564E+01
10.49 	 -.3743316E+01
10.5 	 -.3645650E+01
10.51 	 -.3417389E+01
10.52 	 -.3074405E+01
10.53 	 -.2687126E+01
10.54 	 -.2329401E+01
10.55 	 -.2035883E+01
10.56 	 -.1811662E+01
10.57 	 -.1687023E+01
10.58 	 -.1652633E+01
10.59 	 -.1660238E+01
10.6 	 -.1649711E+01
10.61 	 -.1583098E+01
10.62 	 -.1460919E+01
10.63 	 -.1283753E+01
10.64 	 -.1072594E+01
10.65 	 -.8518740E+00
10.66 	 -.6605571E+00
10.67 	 -.5244362E+00
10.68 	 -.3951960E+00
10.69 	 -.2192907E+00
10.7 	 -.7861502E-02
10.71 	 .1742845E+00
10.72 	 .2421280E+00
10.73 	 .1587049E+00
10.74 	 -.3507031E-01
10.75 	 -.2561385E+00
10.76 	 -.4461933E+00
10.77 	 -.6082349E+00
10.78 	 -.7245215E+00
10.79 	 -.7490880E+00
10.8 	 -.6539912E+00
10.81 	 -.4403414E+00
10.82 	 -.1902276E+00
10.83 	 .7890608E-02
10.84 	 .1513528E+00
10.85 	 .2535606E+00
10.86 	 .3227347E+00
10.87 	 .3701265E+00
10.88 	 .3708032E+00
10.89 	 .2831602E+00
10.9 	 .1137383E+00
10.91 	 -.8064635E-01
10.92 	 -.2397570E+00
10.93 	 -.3250995E+00
10.94 	 -.3711877E+00
10.95 	 -.3966035E+00
10.96 	 -.3921860E+00
10.97 	 -.4194419E+00
10.98 	 -.5130550E+00
10.99 	 -.6580237E+00
11.0 	 -.8318355E+00
11.01 	 -.1021199E+01
11.02 	 -.1184790E+01
11.03 	 -.1258470E+01
11.04 	 -.1257793E+01
11.05 	 -.1262305E+01
11.06 	 -.1313343E+01
11.07 	 -.1396665E+01
11.08 	 -.1507799E+01
11.09 	 -.1634085E+01
11.1 	 -.1732688E+01
11.11 	 -.1744271E+01
11.12 	 -.1668195E+01
11.13 	 -.1566075E+01
11.14 	 -.1466866E+01
11.15 	 -.1360656E+01
11.16 	 -.1272258E+01
11.17 	 -.1248156E+01
11.18 	 -.1270380E+01
11.19 	 -.1316037E+01
11.2 	 -.1375004E+01
11.21 	 -.1376926E+01
11.22 	 -.1263554E+01
11.23 	 -.1073004E+01
11.24 	 -.8521605E+00
11.25 	 -.5864020E+00
11.26 	 -.2835794E+00
11.27 	 .2677421E-01
11.28 	 .3902937E+00
11.29 	 .8209807E+00
11.3 	 .1234536E+01
11.31 	 .1583674E+01
11.32 	 .1901149E+01
11.33 	 .2223975E+01
11.34 	 .2552981E+01
11.35 	 .2845443E+01
11.36 	 .3036585E+01
11.37 	 .3078390E+01
11.38 	 .2960748E+01
11.39 	 .2750045E+01
11.4 	 .2546514E+01
11.41 	 .2416340E+01
11.42 	 .2380558E+01
11.43 	 .2401181E+01
11.44 	 .2425975E+01
11.45 	 .2444809E+01
11.46 	 .2474304E+01
11.47 	 .2510589E+01
11.48 	 .2556346E+01
11.49 	 .2634507E+01
11.5 	 .2767553E+01
11.51 	 .2994180E+01
11.52 	 .3285765E+01
11.53 	 .3531934E+01
11.54 	 .3670992E+01
11.55 	 .3730121E+01
11.56 	 .3781660E+01
11.57 	 .3855731E+01
11.58 	 .3889468E+01
11.59 	 .3817563E+01
11.6 	 .3632626E+01
11.61 	 .3366541E+01
11.62 	 .3090184E+01
11.63 	 .2842811E+01
11.64 	 .2585676E+01
11.65 	 .2315531E+01
11.66 	 .2063597E+01
11.67 	 .1829846E+01
11.68 	 .1625188E+01
11.69 	 .1429261E+01
11.7 	 .1174178E+01
11.71 	 .8331450E+00
11.72 	 .4682198E+00
11.73 	 .1785631E+00
11.74 	 .3739240E-02
11.75 	 -.8687520E-01
11.76 	 -.1435357E+00
11.77 	 -.2381403E+00
11.78 	 -.4115234E+00
11.79 	 -.6492934E+00
11.8 	 -.9299079E+00
11.81 	 -.1223684E+01
11.82 	 -.1504638E+01
11.83 	 -.1742998E+01
11.84 	 -.1944193E+01
11.85 	 -.2096002E+01
11.86 	 -.2149301E+01
11.87 	 -.2110309E+01
11.88 	 -.2002660E+01
11.89 	 -.1866417E+01
11.9 	 -.1747346E+01
11.91 	 -.1640307E+01
11.92 	 -.1549898E+01
11.93 	 -.1487183E+01
11.94 	 -.1439099E+01
11.95 	 -.1429210E+01
11.96 	 -.1466745E+01
11.97 	 -.1511561E+01
11.98 	 -.1481958E+01
11.99 	 -.1318601E+01
12.0 	 -.1024419E+01
12.01 	 -.6468476E+00
12.02 	 -.2766370E+00
12.03 	 .2567629E-01
12.04 	 .2412502E+00
12.05 	 .4251608E+00
12.06 	 .6319141E+00
12.07 	 .8613001E+00
12.08 	 .1107208E+01
12.09 	 .1355587E+01
12.1 	 .1609926E+01
12.11 	 .1880007E+01
12.12 	 .2179232E+01
12.13 	 .2485747E+01
12.14 	 .2765740E+01
12.15 	 .3025651E+01
12.16 	 .3277181E+01
12.17 	 .3509109E+01
12.18 	 .3710124E+01
12.19 	 .3858553E+01
12.2 	 .3907692E+01
12.21 	 .3848008E+01
12.22 	 .3677433E+01
12.23 	 .3418738E+01
12.24 	 .3129250E+01
12.25 	 .2827991E+01
12.26 	 .2491699E+01
12.27 	 .2092519E+01
12.28 	 .1651125E+01
12.29 	 .1207431E+01
12.3 	 .7896604E+00
12.31 	 .4087637E+00
12.32 	 .6292110E-01
12.33 	 -.2579586E+00
12.34 	 -.5658167E+00
12.35 	 -.8501821E+00
12.36 	 -.1135887E+01
12.37 	 -.1450816E+01
12.38 	 -.1765714E+01
12.39 	 -.2059359E+01
12.4 	 -.2348654E+01
12.41 	 -.2657671E+01
12.42 	 -.2998771E+01
12.43 	 -.3348312E+01
12.44 	 -.3646377E+01
12.45 	 -.3869343E+01
12.46 	 -.4030033E+01
12.47 	 -.4159639E+01
12.48 	 -.4260661E+01
12.49 	 -.4335391E+01
12.5 	 -.4412030E+01
12.51 	 -.4483669E+01
12.52 	 -.4532615E+01
12.53 	 -.4533826E+01
12.54 	 -.4469009E+01
12.55 	 -.4327883E+01
12.56 	 -.4111029E+01
12.57 	 -.3837329E+01
12.58 	 -.3543616E+01
12.59 	 -.3250923E+01
12.6 	 -.2980382E+01
12.61 	 -.2768808E+01
12.62 	 -.2633221E+01
12.63 	 -.2555421E+01
12.64 	 -.2489892E+01
12.65 	 -.2404431E+01
12.66 	 -.2277274E+01
12.67 	 -.2130766E+01
12.68 	 -.1980747E+01
12.69 	 -.1835698E+01
12.7 	 -.1720482E+01
12.71 	 -.1613447E+01
12.72 	 -.1480479E+01
12.73 	 -.1303896E+01
12.74 	 -.1077917E+01
12.75 	 -.8299355E+00
12.76 	 -.5918050E+00
12.77 	 -.3582248E+00
12.78 	 -.1412762E+00
12.79 	 .3125772E-01
12.8 	 .1207528E+00
12.81 	 .1066866E+00
12.82 	 .1068172E-01
12.83 	 -.1403290E+00
12.84 	 -.3248733E+00
12.85 	 -.5287494E+00
12.86 	 -.7161235E+00
12.87 	 -.8593826E+00
12.88 	 -.9313536E+00
12.89 	 -.9294362E+00
12.9 	 -.9006257E+00
12.91 	 -.8686446E+00
12.92 	 -.8329529E+00
12.93 	 -.7602969E+00
12.94 	 -.6170429E+00
12.95 	 -.4162825E+00
12.96 	 -.1657663E+00
12.97 	 .1161136E+00
12.98 	 .3990138E+00
12.99 	 .6386594E+00
13.0 	 .7935459E+00
13.01 	 .8890361E+00
13.02 	 .9670147E+00
13.03 	 .1047504E+01
13.04 	 .1157636E+01
13.05 	 .1345157E+01
13.06 	 .1581054E+01
13.07 	 .1770086E+01
13.08 	 .1876099E+01
13.09 	 .1929906E+01
13.1 	 .1967012E+01
13.11 	 .2017010E+01
13.12 	 .2096540E+01
13.13 	 .2199874E+01
13.14 	 .2296567E+01
13.15 	 .2349606E+01
13.16 	 .2354880E+01
13.17 	 .2291226E+01
13.18 	 .2161745E+01
13.19 	 .2000201E+01
13.2 	 .1842738E+01
13.21 	 .1737320E+01
13.22 	 .1689339E+01
13.23 	 .1679523E+01
13.24 	 .1689389E+01
13.25 	 .1702385E+01
13.26 	 .1681848E+01
13.27 	 .1584853E+01
13.28 	 .1433922E+01
13.29 	 .1272230E+01
13.3 	 .1102417E+01
13.31 	 .9402260E+00
13.32 	 .8494826E+00
13.33 	 .8334976E+00
13.34 	 .8385452E+00
13.35 	 .8328017E+00
13.36 	 .8012757E+00
13.37 	 .7501578E+00
13.38 	 .6974798E+00
13.39 	 .6756155E+00
13.4 	 .6822846E+00
13.41 	 .6804529E+00
13.42 	 .6706306E+00
13.43 	 .6904018E+00
13.44 	 .7523678E+00
13.45 	 .8151741E+00
13.46 	 .8379363E+00
13.47 	 .8179339E+00
13.48 	 .7866306E+00
13.49 	 .7587078E+00
13.5 	 .7095929E+00
13.51 	 .6518173E+00
13.52 	 .6292158E+00
13.53 	 .6479390E+00
13.54 	 .6587616E+00
13.55 	 .6403012E+00
13.56 	 .6179706E+00
13.57 	 .6058413E+00
13.58 	 .6083838E+00
13.59 	 .6056260E+00
13.6 	 .5726251E+00
13.61 	 .5150117E+00
13.62 	 .4575885E+00
13.63 	 .3932548E+00
13.64 	 .3092692E+00
13.65 	 .2296942E+00
13.66 	 .1712518E+00
13.67 	 .1038286E+00
13.68 	 .2283415E-01
13.69 	 -.3150715E-01
13.7 	 -.5882528E-01
13.71 	 -.6317066E-01
13.72 	 -.3331207E-01
13.73 	 .2691008E-01
13.74 	 .8892263E-01
13.75 	 .1429145E+00
13.76 	 .2193191E+00
13.77 	 .3196565E+00
13.78 	 .4252547E+00
13.79 	 .5226323E+00
13.8 	 .5939272E+00
13.81 	 .6498706E+00
13.82 	 .7158753E+00
13.83 	 .7754395E+00
13.84 	 .8117314E+00
13.85 	 .8196104E+00
13.86 	 .7964161E+00
13.87 	 .7603307E+00
13.88 	 .7358667E+00
13.89 	 .7480470E+00
13.9 	 .7954814E+00
13.91 	 .8426059E+00
13.92 	 .8384750E+00
13.93 	 .7595762E+00
13.94 	 .6131501E+00
13.95 	 .4284000E+00
13.96 	 .2280784E+00
13.97 	 .1524567E-01
13.98 	 -.2182192E+00
13.99 	 -.5085101E+00
14.0 	 -.8575072E+00
14.01 	 -.1230707E+01
14.02 	 -.1612577E+01
14.03 	 -.2003918E+01
14.04 	 -.2399720E+01
14.05 	 -.2799371E+01
14.06 	 -.3202183E+01
14.07 	 -.3550229E+01
14.08 	 -.3767590E+01
14.09 	 -.3849696E+01
14.1 	 -.3826290E+01
14.11 	 -.3711614E+01
14.12 	 -.3522039E+01
14.13 	 -.3287889E+01
14.14 	 -.3029227E+01
14.15 	 -.2760763E+01
14.16 	 -.2531783E+01
14.17 	 -.2346278E+01
14.18 	 -.2147471E+01
14.19 	 -.1927382E+01
14.2 	 -.1706603E+01
14.21 	 -.1510085E+01
14.22 	 -.1335611E+01
14.23 	 -.1159365E+01
14.24 	 -.9925607E+00
14.25 	 -.8257361E+00
14.26 	 -.6562209E+00
14.27 	 -.5167088E+00
14.28 	 -.4059697E+00
14.29 	 -.3080819E+00
14.3 	 -.2038331E+00
14.31 	 -.5732950E-01
14.32 	 .1516412E+00
14.33 	 .3960160E+00
14.34 	 .6131780E+00
14.35 	 .7719737E+00
14.36 	 .8824043E+00
14.37 	 .9881346E+00
14.38 	 .1118348E+01
14.39 	 .1264023E+01
14.4 	 .1420999E+01
14.41 	 .1578666E+01
14.42 	 .1712390E+01
14.43 	 .1831593E+01
14.44 	 .1964038E+01
14.45 	 .2089842E+01
14.46 	 .2157010E+01
14.47 	 .2147249E+01
14.48 	 .2107545E+01
14.49 	 .2057731E+01
14.5 	 .1974263E+01
14.51 	 .1861732E+01
14.52 	 .1727778E+01
14.53 	 .1594585E+01
14.54 	 .1482465E+01
14.55 	 .1391767E+01
14.56 	 .1299019E+01
14.57 	 .1174618E+01
14.58 	 .1050937E+01
14.59 	 .9366269E+00
14.6 	 .8131162E+00
14.61 	 .6768744E+00
14.62 	 .5106394E+00
14.63 	 .3073004E+00
14.64 	 .7559852E-01
14.65 	 -.1548930E+00
14.66 	 -.3741031E+00
14.67 	 -.5908227E+00
14.68 	 -.7596670E+00
14.69 	 -.8391112E+00
14.7 	 -.8401666E+00
14.71 	 -.7827955E+00
14.72 	 -.6864299E+00
14.73 	 -.5595807E+00
14.74 	 -.4105290E+00
14.75 	 -.2479556E+00
14.76 	 -.7797119E-01
14.77 	 .8824295E-01
14.78 	 .2557874E+00
14.79 	 .4298027E+00
14.8 	 .5860463E+00
14.81 	 .6913844E+00
14.82 	 .7187741E+00
14.83 	 .6566542E+00
14.84 	 .5403084E+00
14.85 	 .4044606E+00
14.86 	 .2357194E+00
14.87 	 .1506264E-01
14.88 	 -.2299967E+00
14.89 	 -.4569338E+00
14.9 	 -.6588279E+00
14.91 	 -.8283984E+00
14.92 	 -.9558942E+00
14.93 	 -.1033174E+01
14.94 	 -.1058728E+01
14.95 	 -.1044788E+01
14.96 	 -.1045849E+01
14.97 	 -.1097526E+01
14.98 	 -.1154213E+01
14.99 	 -.1205599E+01
15.0 	 -.1262396E+01
15.01 	 -.1294560E+01
15.02 	 -.1271417E+01
15.03 	 -.1224462E+01
15.04 	 -.1197199E+01
15.05 	 -.1152084E+01
15.06 	 -.1077275E+01
15.07 	 -.1012417E+01
15.08 	 -.9723023E+00
15.09 	 -.9464286E+00
15.1 	 -.8957920E+00
15.11 	 -.7872489E+00
15.12 	 -.6075879E+00
15.13 	 -.3917827E+00
15.14 	 -.2032503E+00
15.15 	 -.5350214E-01
15.16 	 .7873426E-01
15.17 	 .1578750E+00
15.18 	 .1488261E+00
15.19 	 .7297004E-01
15.2 	 -.4802085E-01
15.21 	 -.1748422E+00
15.22 	 -.2929826E+00
15.23 	 -.3899704E+00
15.24 	 -.4840578E+00
15.25 	 -.6224899E+00
15.26 	 -.8129977E+00
15.27 	 -.1047830E+01
15.28 	 -.1281322E+01
15.29 	 -.1473740E+01
15.3 	 -.1620422E+01
15.31 	 -.1718539E+01
15.32 	 -.1769651E+01
15.33 	 -.1781168E+01
15.34 	 -.1749720E+01
15.35 	 -.1682409E+01
15.36 	 -.1594715E+01
15.37 	 -.1482328E+01
15.38 	 -.1324456E+01
15.39 	 -.1143061E+01
15.4 	 -.9790877E+00
15.41 	 -.8218354E+00
15.42 	 -.6418803E+00
15.43 	 -.4235110E+00
15.44 	 -.1934603E+00
15.45 	 .7517361E-02
15.46 	 .1761616E+00
15.47 	 .3122023E+00
15.48 	 .4504034E+00
15.49 	 .6243385E+00
15.5 	 .7935532E+00
15.51 	 .9330448E+00
15.52 	 .1049184E+01
15.53 	 .1155342E+01
15.54 	 .1251469E+01
15.55 	 .1337115E+01
15.56 	 .1409760E+01
15.57 	 .1451351E+01
15.58 	 .1486732E+01
15.59 	 .1543866E+01
15.6 	 .1612850E+01
15.61 	 .1687766E+01
15.62 	 .1781423E+01
15.63 	 .1887483E+01
15.64 	 .1991422E+01
15.65 	 .2109942E+01
15.66 	 .2244055E+01
15.67 	 .2369086E+01
15.68 	 .2473446E+01
15.69 	 .2533831E+01
15.7 	 .2534309E+01
15.71 	 .2482551E+01
15.72 	 .2394650E+01
15.73 	 .2290927E+01
15.74 	 .2172282E+01
15.75 	 .2025555E+01
15.76 	 .1862216E+01
15.77 	 .1687835E+01
15.78 	 .1497373E+01
15.79 	 .1305891E+01
15.8 	 .1101157E+01
15.81 	 .8856028E+00
15.82 	 .6785693E+00
15.83 	 .4644150E+00
15.84 	 .2578616E+00
15.85 	 .8446193E-01
15.86 	 -.6324482E-01
15.87 	 -.1657965E+00
15.88 	 -.2050112E+00
15.89 	 -.1989408E+00
15.9 	 -.1753484E+00
15.91 	 -.1437751E+00
15.92 	 -.1068111E+00
15.93 	 -.7030702E-01
15.94 	 -.3620317E-01
15.95 	 .6501691E-02
15.96 	 .6522838E-01
15.97 	 .1132740E+00
15.98 	 .1585793E+00
15.99 	 .2152259E+00
16.0 	 .2908848E+00
16.01 	 .3828454E+00
16.02 	 .4974186E+00
16.03 	 .6568468E+00
16.04 	 .8388176E+00
16.05 	 .1020228E+01
16.06 	 .1181657E+01
16.07 	 .1303361E+01
16.08 	 .1392602E+01
16.09 	 .1458750E+01
16.1 	 .1484344E+01
16.11 	 .1480225E+01
16.12 	 .1457594E+01
16.13 	 .1403049E+01
16.14 	 .1306630E+01
16.15 	 .1148243E+01
16.16 	 .9065683E+00
16.17 	 .5860546E+00
16.18 	 .2180656E+00
16.19 	 -.1547539E+00
16.2 	 -.4900593E+00
16.21 	 -.7737288E+00
16.22 	 -.1020114E+01
16.23 	 -.1233636E+01
16.24 	 -.1404843E+01
16.25 	 -.1544587E+01
16.26 	 -.1659407E+01
16.27 	 -.1737144E+01
16.28 	 -.1772196E+01
16.29 	 -.1772374E+01
16.3 	 -.1746839E+01
16.31 	 -.1690841E+01
16.32 	 -.1599119E+01
16.33 	 -.1484114E+01
16.34 	 -.1377971E+01
16.35 	 -.1293309E+01
16.36 	 -.1215098E+01
16.37 	 -.1155310E+01
16.38 	 -.1102752E+01
16.39 	 -.1034412E+01
16.4 	 -.9557810E+00
16.41 	 -.8808504E+00
16.42 	 -.8377534E+00
16.43 	 -.8052175E+00
16.44 	 -.7522193E+00
16.45 	 -.7069219E+00
16.46 	 -.7053793E+00
16.47 	 -.7621432E+00
16.48 	 -.8526307E+00
16.49 	 -.9425081E+00
16.5 	 -.1050678E+01
16.51 	 -.1183390E+01
16.52 	 -.1318232E+01
16.53 	 -.1430142E+01
16.54 	 -.1499527E+01
16.55 	 -.1520267E+01
16.56 	 -.1502852E+01
16.57 	 -.1465776E+01
16.58 	 -.1395485E+01
16.59 	 -.1278090E+01
16.6 	 -.1123590E+01
16.61 	 -.9580996E+00
16.62 	 -.8066203E+00
16.63 	 -.6968257E+00
16.64 	 -.6196947E+00
16.65 	 -.5430937E+00
16.66 	 -.4617722E+00
16.67 	 -.3800006E+00
16.68 	 -.2845475E+00
16.69 	 -.1776232E+00
16.7 	 -.9786191E-01
16.71 	 -.8685815E-01
16.72 	 -.1549231E+00
16.73 	 -.2697232E+00
16.74 	 -.4121963E+00
16.75 	 -.5607602E+00
16.76 	 -.6810509E+00
16.77 	 -.7651277E+00
16.78 	 -.7941484E+00
16.79 	 -.7531414E+00
16.8 	 -.6725401E+00
16.81 	 -.5597653E+00
16.82 	 -.4139768E+00
16.83 	 -.2363049E+00
16.84 	 -.3948093E-01
16.85 	 .1606834E+00
16.86 	 .3633180E+00
16.87 	 .5474305E+00
16.88 	 .7342133E+00
16.89 	 .9562099E+00
16.9 	 .1202809E+01
16.91 	 .1440348E+01
16.92 	 .1622140E+01
16.93 	 .1731554E+01
16.94 	 .1774561E+01
16.95 	 .1759731E+01
16.96 	 .1691946E+01
16.97 	 .1566084E+01
16.98 	 .1409079E+01
16.99 	 .1247513E+01
17.0 	 .1090098E+01
17.01 	 .9366825E+00
17.02 	 .7850677E+00
17.03 	 .6468443E+00
17.04 	 .5208122E+00
17.05 	 .4205830E+00
17.06 	 .3485868E+00
17.07 	 .2871216E+00
17.08 	 .2480890E+00
17.09 	 .2292584E+00
17.1 	 .2059974E+00
17.11 	 .1783858E+00
17.12 	 .1582150E+00
17.13 	 .1451950E+00
17.14 	 .1314048E+00
17.15 	 .1184446E+00
17.16 	 .1076847E+00
17.17 	 .7865267E-01
17.18 	 .3854937E-01
17.19 	 .8147092E-02
17.2 	 .4097654E-02
17.21 	 .2836127E-01
17.22 	 .5861550E-01
17.23 	 .9844072E-01
17.24 	 .1366457E+00
17.25 	 .1520481E+00
17.26 	 .1416776E+00
17.27 	 .1040541E+00
17.28 	 .5392912E-01
17.29 	 .2573649E-01
17.3 	 .4466897E-01
17.31 	 .1135069E+00
17.32 	 .2232292E+00
17.33 	 .3341116E+00
17.34 	 .4182410E+00
17.35 	 .4935893E+00
17.36 	 .5589065E+00
17.37 	 .5991308E+00
17.38 	 .6196430E+00
17.39 	 .6165424E+00
17.4 	 .5871489E+00
17.41 	 .5540148E+00
17.42 	 .5299217E+00
17.43 	 .5079188E+00
17.44 	 .4773348E+00
17.45 	 .4251184E+00
17.46 	 .3534897E+00
17.47 	 .2893018E+00
17.48 	 .2707189E+00
17.49 	 .2829792E+00
17.5 	 .2761673E+00
17.51 	 .2364018E+00
17.52 	 .1667329E+00
17.53 	 .9075316E-01
17.54 	 .1918385E-01
17.55 	 -.5524586E-01
17.56 	 -.1277455E+00
17.57 	 -.1979049E+00
17.58 	 -.2596835E+00
17.59 	 -.3036202E+00
17.6 	 -.3325154E+00
17.61 	 -.3681914E+00
17.62 	 -.4109783E+00
17.63 	 -.4593259E+00
17.64 	 -.5199849E+00
17.65 	 -.5804740E+00
17.66 	 -.6549148E+00
17.67 	 -.7690300E+00
17.68 	 -.9008073E+00
17.69 	 -.1026994E+01
17.7 	 -.1145700E+01
17.71 	 -.1247854E+01
17.72 	 -.1343708E+01
17.73 	 -.1414719E+01
17.74 	 -.1439795E+01
17.75 	 -.1433588E+01
17.76 	 -.1408999E+01
17.77 	 -.1384740E+01
17.78 	 -.1369912E+01
17.79 	 -.1367966E+01
17.8 	 -.1391853E+01
17.81 	 -.1450343E+01
17.82 	 -.1540238E+01
17.83 	 -.1657845E+01
17.84 	 -.1787264E+01
17.85 	 -.1908322E+01
17.86 	 -.2006977E+01
17.87 	 -.2073789E+01
17.88 	 -.2104548E+01
17.89 	 -.2093942E+01
17.9 	 -.2043581E+01
17.91 	 -.1966588E+01
17.92 	 -.1887315E+01
17.93 	 -.1804862E+01
17.94 	 -.1716488E+01
17.95 	 -.1626313E+01
17.96 	 -.1531719E+01
17.97 	 -.1434814E+01
17.98 	 -.1303826E+01
17.99 	 -.1128163E+01
18.0 	 -.9348285E+00
18.01 	 -.7395836E+00
18.02 	 -.5456190E+00
18.03 	 -.3548949E+00
18.04 	 -.1691615E+00
18.05 	 -.1900297E-03
18.06 	 .1271267E+00
18.07 	 .2243000E+00
18.08 	 .3262837E+00
18.09 	 .4563303E+00
18.1 	 .6028686E+00
18.11 	 .7376355E+00
18.12 	 .8494497E+00
18.13 	 .9475022E+00
18.14 	 .1042984E+01
18.15 	 .1157658E+01
18.16 	 .1301876E+01
18.17 	 .1453023E+01
18.18 	 .1633884E+01
18.19 	 .1855800E+01
18.2 	 .2086896E+01
18.21 	 .2306691E+01
18.22 	 .2496922E+01
18.23 	 .2646229E+01
18.24 	 .2746460E+01
18.25 	 .2806197E+01
18.26 	 .2853742E+01
18.27 	 .2894086E+01
18.28 	 .2918828E+01
18.29 	 .2915117E+01
18.3 	 .2858190E+01
18.31 	 .2762609E+01
18.32 	 .2658997E+01
18.33 	 .2547193E+01
18.34 	 .2419248E+01
18.35 	 .2294162E+01
18.36 	 .2185429E+01
18.37 	 .2075725E+01
18.38 	 .1971801E+01
18.39 	 .1869158E+01
18.4 	 .1752113E+01
18.41 	 .1616065E+01
18.42 	 .1458876E+01
18.43 	 .1295225E+01
18.44 	 .1120383E+01
18.45 	 .9421898E+00
18.46 	 .7722979E+00
18.47 	 .6016457E+00
18.48 	 .4461049E+00
18.49 	 .3295183E+00
18.5 	 .2342239E+00
18.51 	 .1290982E+00
18.52 	 .1383129E-01
18.53 	 -.9310492E-01
18.54 	 -.1566465E+00
18.55 	 -.1574914E+00
18.56 	 -.1133915E+00
18.57 	 -.6085092E-01
18.58 	 -.2522232E-01
18.59 	 -.2015264E-02
18.6 	 .4919827E-02
18.61 	 -.1726746E-02
18.62 	 -.7273374E-02
18.63 	 -.1698064E-01
18.64 	 -.2993843E-01
18.65 	 -.4976717E-01
18.66 	 -.9637902E-01
18.67 	 -.1812353E+00
18.68 	 -.2759628E+00
18.69 	 -.3550287E+00
18.7 	 -.4229436E+00
18.71 	 -.4913988E+00
18.72 	 -.5546636E+00
18.73 	 -.5809545E+00
18.74 	 -.5858432E+00
18.75 	 -.5854915E+00
18.76 	 -.5631176E+00
18.77 	 -.5088804E+00
18.78 	 -.4199695E+00
18.79 	 -.3058761E+00
18.8 	 -.2020040E+00
18.81 	 -.1421469E+00
18.82 	 -.1356858E+00
18.83 	 -.1886015E+00
18.84 	 -.2887426E+00
18.85 	 -.4245478E+00
18.86 	 -.5763849E+00
18.87 	 -.7139307E+00
18.88 	 -.8052615E+00
18.89 	 -.8291952E+00
18.9 	 -.7985130E+00
18.91 	 -.7375677E+00
18.92 	 -.6844435E+00
18.93 	 -.6598726E+00
18.94 	 -.6571442E+00
18.95 	 -.6651073E+00
18.96 	 -.6703503E+00
18.97 	 -.6776936E+00
18.98 	 -.6966785E+00
18.99 	 -.7319754E+00
19.0 	 -.7933153E+00
19.01 	 -.8801782E+00
19.02 	 -.9787626E+00
19.03 	 -.1070907E+01
19.04 	 -.1141448E+01
19.05 	 -.1181317E+01
19.06 	 -.1192822E+01
19.07 	 -.1197478E+01
19.08 	 -.1191192E+01
19.09 	 -.1160543E+01
19.1 	 -.1107993E+01
19.11 	 -.1028599E+01
19.12 	 -.9406652E+00
19.13 	 -.8510512E+00
19.14 	 -.7605072E+00
19.15 	 -.6793145E+00
19.16 	 -.6091132E+00
19.17 	 -.5669452E+00
19.18 	 -.5274477E+00
19.19 	 -.4477560E+00
19.2 	 -.3368110E+00
19.21 	 -.2049540E+00
19.22 	 -.6214594E-01
19.23 	 .7837163E-01
19.24 	 .2200991E+00
19.25 	 .3615964E+00
19.26 	 .5006032E+00
19.27 	 .6132968E+00
19.28 	 .6768349E+00
19.29 	 .6982081E+00
19.3 	 .6676553E+00
19.31 	 .5793361E+00
19.32 	 .4708843E+00
19.33 	 .3697832E+00
19.34 	 .2798231E+00
19.35 	 .2066346E+00
19.36 	 .1482076E+00
19.37 	 .1040418E+00
19.38 	 .7923804E-01
19.39 	 .6535522E-01
19.4 	 .3881079E-01
19.41 	 .1119603E-01
19.42 	 -.5827787E-02
19.43 	 -.1887138E-01
19.44 	 -.2753472E-01
19.45 	 -.4961974E-01
19.46 	 -.1011082E+00
19.47 	 -.1803500E+00
19.48 	 -.2556515E+00
19.49 	 -.2894387E+00
19.5 	 -.2939729E+00
19.51 	 -.2863760E+00
19.52 	 -.2698983E+00
19.53 	 -.2572613E+00
19.54 	 -.2504151E+00
19.55 	 -.2437492E+00
19.56 	 -.2228219E+00
19.57 	 -.1959742E+00
19.58 	 -.1748373E+00
19.59 	 -.1569010E+00
19.6 	 -.1520164E+00
19.61 	 -.1747650E+00
19.62 	 -.2242168E+00
19.63 	 -.2819198E+00
19.64 	 -.3499340E+00
19.65 	 -.4368606E+00
19.66 	 -.5334985E+00
19.67 	 -.6331470E+00
19.68 	 -.7148736E+00
19.69 	 -.7605166E+00
19.7 	 -.7859075E+00
19.71 	 -.8084984E+00
19.72 	 -.8456811E+00
19.73 	 -.8773734E+00
19.74 	 -.8668613E+00
19.75 	 -.8114045E+00
19.76 	 -.7255146E+00
19.77 	 -.6281636E+00
19.78 	 -.5045200E+00
19.79 	 -.3398321E+00
19.8 	 -.1679336E+00
19.81 	 -.1551748E-01
19.82 	 .1039948E+00
19.83 	 .1849026E+00
19.84 	 .2280460E+00
19.85 	 .2407758E+00
19.86 	 .2348934E+00
19.87 	 .1870261E+00
19.88 	 .1121556E+00
19.89 	 .5043637E-01
19.9 	 .1813012E-01
19.91 	 .1294661E-01
19.92 	 .1373354E-01
19.93 	 .6619363E-02
19.94 	 -.4775510E-02
19.95 	 .7451982E-02
19.96 	 .4437196E-01
19.97 	 .9300300E-01
19.98 	 .1614860E+00
19.99 	 .2533013E+00
20.0 	 .3506270E+00
20.01 	 .4447521E+00
20.02 	 .5357167E+00
20.03 	 .6089490E+00
20.04 	 .6845214E+00
20.05 	 .7772555E+00
20.06 	 .8727196E+00
20.07 	 .9626929E+00
20.08 	 .1035034E+01
20.09 	 .1087583E+01
20.1 	 .1120299E+01
20.11 	 .1125062E+01
20.12 	 .1106982E+01
20.13 	 .1064100E+01
20.14 	 .9842225E+00
20.15 	 .8804626E+00
20.16 	 .7570104E+00
20.17 	 .5986140E+00
20.18 	 .4266860E+00
20.19 	 .2694793E+00
20.2 	 .1210134E+00
20.21 	 -.2627266E-01
20.22 	 -.1768593E+00
20.23 	 -.3196453E+00
20.24 	 -.4417493E+00
20.25 	 -.5436812E+00
20.26 	 -.6297117E+00
20.27 	 -.7161224E+00
20.28 	 -.7970628E+00
20.29 	 -.8556309E+00
20.3 	 -.8861962E+00
20.31 	 -.8817278E+00
20.32 	 -.8283944E+00
20.33 	 -.7354968E+00
20.34 	 -.6323183E+00
20.35 	 -.5179888E+00
20.36 	 -.3957586E+00
20.37 	 -.2705584E+00
20.38 	 -.1398378E+00
20.39 	 -.2002856E-01
20.4 	 .8166841E-01
20.41 	 .1842852E+00
20.42 	 .2918924E+00
20.43 	 .3991693E+00
20.44 	 .5120566E+00
20.45 	 .6295342E+00
20.46 	 .7531422E+00
20.47 	 .8582879E+00
20.48 	 .9312899E+00
20.49 	 .9939805E+00
20.5 	 .1044970E+01
20.51 	 .1077156E+01
20.52 	 .1101842E+01
20.53 	 .1131038E+01
20.54 	 .1154663E+01
20.55 	 .1168267E+01
20.56 	 .1176380E+01
20.57 	 .1181823E+01
20.58 	 .1200517E+01
20.59 	 .1230471E+01
20.6 	 .1247114E+01
20.61 	 .1250396E+01
20.62 	 .1250917E+01
20.63 	 .1231055E+01
20.64 	 .1186580E+01
20.65 	 .1138265E+01
20.66 	 .1085099E+01
20.67 	 .1001370E+01
20.68 	 .9011481E+00
20.69 	 .7895050E+00
20.7 	 .6411677E+00
20.71 	 .4659171E+00
20.72 	 .2940568E+00
20.73 	 .1334574E+00
20.74 	 -.1668098E-01
20.75 	 -.1336360E+00
20.76 	 -.2081365E+00
20.77 	 -.2542042E+00
20.78 	 -.2830001E+00
20.79 	 -.2897739E+00
20.8 	 -.2999282E+00
20.81 	 -.3344755E+00
20.82 	 -.3706831E+00
20.83 	 -.4007604E+00
20.84 	 -.4331580E+00
20.85 	 -.4735068E+00
20.86 	 -.5292675E+00
20.87 	 -.6074609E+00
20.88 	 -.6845843E+00
20.89 	 -.7223137E+00
20.9 	 -.7129281E+00
20.91 	 -.6650385E+00
20.92 	 -.6082181E+00
20.93 	 -.5522681E+00
20.94 	 -.4820666E+00
20.95 	 -.4049647E+00
20.96 	 -.3401443E+00
20.97 	 -.2960564E+00
20.98 	 -.2506486E+00
20.99 	 -.2062711E+00
21.0 	 -.1791157E+00
21.01 	 -.1703325E+00
21.02 	 -.1930730E+00
21.03 	 -.2526278E+00
21.04 	 -.3386557E+00
21.05 	 -.4314146E+00
21.06 	 -.5144225E+00
21.07 	 -.5942304E+00
21.08 	 -.6626972E+00
21.09 	 -.7027711E+00
21.1 	 -.7188926E+00
21.11 	 -.7035808E+00
21.12 	 -.6494449E+00
21.13 	 -.5651460E+00
21.14 	 -.4745266E+00
21.15 	 -.3904480E+00
21.16 	 -.3030894E+00
21.17 	 -.2210915E+00
21.18 	 -.1438844E+00
21.19 	 -.6673743E-01
21.2 	 .5338728E-02
21.21 	 .7209410E-01
21.22 	 .1345288E+00
21.23 	 .1911527E+00
21.24 	 .2331347E+00
21.25 	 .2502338E+00
21.26 	 .2344891E+00
21.27 	 .1962417E+00
21.28 	 .1476730E+00
21.29 	 .1095553E+00
21.3 	 .7837808E-01
21.31 	 .2606835E-01
21.32 	 -.5664492E-01
21.33 	 -.1629010E+00
21.34 	 -.2833588E+00
21.35 	 -.3976261E+00
21.36 	 -.4736394E+00
21.37 	 -.5152691E+00
21.38 	 -.5233553E+00
21.39 	 -.5090093E+00
21.4 	 -.4920131E+00
21.41 	 -.4690965E+00
21.42 	 -.4460401E+00
21.43 	 -.4291845E+00
21.44 	 -.4155995E+00
21.45 	 -.3835727E+00
21.46 	 -.3295236E+00
21.47 	 -.2628033E+00
21.48 	 -.1760910E+00
21.49 	 -.6827660E-01
21.5 	 .3416705E-01
21.51 	 .1056071E+00
21.52 	 .1487939E+00
21.53 	 .1759387E+00
21.54 	 .1845813E+00
21.55 	 .1591300E+00
21.56 	 .1015349E+00
21.57 	 .2758788E-01
21.58 	 -.3327789E-01
21.59 	 -.6612076E-01
21.6 	 -.8844265E-01
21.61 	 -.1167854E+00
21.62 	 -.1485187E+00
21.63 	 -.1626502E+00
21.64 	 -.1455985E+00
21.65 	 -.9178289E-01
21.66 	 -.6614021E-02
21.67 	 .7326409E-01
21.68 	 .1432509E+00
21.69 	 .2129576E+00
21.7 	 .2602216E+00
21.71 	 .2583800E+00
21.72 	 .2219945E+00
21.73 	 .1865689E+00
21.74 	 .1520132E+00
21.75 	 .1233581E+00
21.76 	 .9778304E-01
21.77 	 .6507707E-01
21.78 	 .3723148E-01
21.79 	 .2686764E-01
21.8 	 .2726482E-01
21.81 	 .1883086E-01
21.82 	 -.1490604E-01
21.83 	 -.7179565E-01
21.84 	 -.1280954E+00
21.85 	 -.1691935E+00
21.86 	 -.2028011E+00
21.87 	 -.2335384E+00
21.88 	 -.2591754E+00
21.89 	 -.2787518E+00
21.9 	 -.2876373E+00
21.91 	 -.2850216E+00
21.92 	 -.2878467E+00
21.93 	 -.3039634E+00
21.94 	 -.3251008E+00
21.95 	 -.3395176E+00
21.96 	 -.3338523E+00
21.97 	 -.3199663E+00
21.98 	 -.2950893E+00
21.99 	 -.2452696E+00
22.0 	 -.1831187E+00
22.01 	 -.1260186E+00
22.02 	 -.7758949E-01
22.03 	 -.2089967E-01
22.04 	 .5440207E-01
22.05 	 .1584168E+00
22.06 	 .2813735E+00
22.07 	 .3914286E+00
22.08 	 .4881822E+00
22.09 	 .5806851E+00
22.1 	 .6713577E+00
22.11 	 .7473285E+00
22.12 	 .7975164E+00
22.13 	 .8224313E+00
22.14 	 .8182429E+00
22.15 	 .8012730E+00
22.16 	 .7856031E+00
22.17 	 .7497708E+00
22.18 	 .6913260E+00
22.19 	 .6301607E+00
22.2 	 .5626245E+00
22.21 	 .4851772E+00
22.22 	 .4079097E+00
22.23 	 .3279018E+00
22.24 	 .2322821E+00
22.25 	 .1319318E+00
22.26 	 .3945214E-01
22.27 	 -.4419663E-01
22.28 	 -.1132739E+00
22.29 	 -.1597889E+00
22.3 	 -.1834314E+00
22.31 	 -.1965629E+00
22.32 	 -.2071742E+00
22.33 	 -.2181957E+00
22.34 	 -.2466392E+00
22.35 	 -.2951551E+00
22.36 	 -.3511319E+00
22.37 	 -.4077888E+00
22.38 	 -.4484341E+00
22.39 	 -.4649769E+00
22.4 	 -.4708786E+00
22.41 	 -.4759203E+00
22.42 	 -.4810221E+00
22.43 	 -.4856640E+00
22.44 	 -.4912261E+00
22.45 	 -.4901876E+00
22.46 	 -.4835185E+00
22.47 	 -.4833403E+00
22.48 	 -.4775015E+00
22.49 	 -.4727429E+00
22.5 	 -.4899969E+00
22.51 	 -.5167320E+00
22.52 	 -.5437372E+00
22.53 	 -.5754131E+00
22.54 	 -.5930374E+00
22.55 	 -.5836990E+00
22.56 	 -.5633393E+00
22.57 	 -.5400295E+00
22.58 	 -.5124893E+00
22.59 	 -.4793385E+00
22.6 	 -.4407372E+00
22.61 	 -.3943452E+00
22.62 	 -.3439428E+00
22.63 	 -.3093822E+00
22.64 	 -.2877031E+00
22.65 	 -.2736250E+00
22.66 	 -.2642574E+00
22.67 	 -.2591504E+00
22.68 	 -.2617043E+00
22.69 	 -.2607479E+00
22.7 	 -.2603316E+00
22.71 	 -.2574151E+00
22.72 	 -.2445976E+00
22.73 	 -.2184687E+00
22.74 	 -.1850391E+00
22.75 	 -.1666912E+00
22.76 	 -.1698857E+00
22.77 	 -.1937926E+00
22.78 	 -.2269505E+00
22.79 	 -.2397863E+00
22.8 	 -.2317199E+00
22.81 	 -.2209632E+00
22.82 	 -.2242481E+00
22.83 	 -.2402945E+00
22.84 	 -.2471699E+00
22.85 	 -.2277825E+00
22.86 	 -.1723712E+00
22.87 	 -.8466640E-01
22.88 	 .2905121E-01
22.89 	 .1634710E+00
22.9 	 .3113723E+00
22.91 	 .4563732E+00
22.92 	 .5755713E+00
22.93 	 .6592553E+00
22.94 	 .7069454E+00
22.95 	 .7319829E+00
22.96 	 .7320977E+00
22.97 	 .7065296E+00
22.98 	 .6974132E+00
22.99 	 .7060688E+00
23.0 	 .7100438E+00
23.01 	 .7157890E+00
23.02 	 .7285849E+00
23.03 	 .7469014E+00
23.04 	 .7815496E+00
23.05 	 .8357000E+00
23.06 	 .8970011E+00
23.07 	 .9716437E+00
23.08 	 .1068519E+01
23.09 	 .1173695E+01
23.1 	 .1274970E+01
23.11 	 .1372245E+01
23.12 	 .1456318E+01
23.13 	 .1510539E+01
23.14 	 .1547237E+01
23.15 	 .1586705E+01
23.16 	 .1609522E+01
23.17 	 .1601625E+01
23.18 	 .1587548E+01
23.19 	 .1569770E+01
23.2 	 .1524989E+01
23.21 	 .1450825E+01
23.22 	 .1359059E+01
23.23 	 .1272354E+01
23.24 	 .1194959E+01
23.25 	 .1112974E+01
23.26 	 .1010297E+01
23.27 	 .8935482E+00
23.28 	 .7910510E+00
23.29 	 .7014152E+00
23.3 	 .6153498E+00
23.31 	 .5457962E+00
23.32 	 .4930344E+00
23.33 	 .4530741E+00
23.34 	 .4345061E+00
23.35 	 .4445513E+00
23.36 	 .4674780E+00
23.37 	 .4711225E+00
23.38 	 .4690063E+00
23.39 	 .4680704E+00
23.4 	 .4542830E+00
23.41 	 .4307246E+00
23.42 	 .3861739E+00
23.43 	 .3330222E+00
23.44 	 .2752601E+00
23.45 	 .2056867E+00
23.46 	 .1188714E+00
23.47 	 -.7968241E-02
23.48 	 -.1417986E+00
23.49 	 -.2548867E+00
23.5 	 -.3518430E+00
23.51 	 -.4310774E+00
23.52 	 -.4982203E+00
23.53 	 -.5629930E+00
23.54 	 -.6308359E+00
23.55 	 -.7080899E+00
23.56 	 -.7989153E+00
23.57 	 -.9081127E+00
23.58 	 -.1034072E+01
23.59 	 -.1152190E+01
23.6 	 -.1272819E+01
23.61 	 -.1397168E+01
23.62 	 -.1507215E+01
23.63 	 -.1605231E+01
23.64 	 -.1683155E+01
23.65 	 -.1732275E+01
23.66 	 -.1758713E+01
23.67 	 -.1776710E+01
23.68 	 -.1779625E+01
23.69 	 -.1756757E+01
23.7 	 -.1715138E+01
23.71 	 -.1675748E+01
23.72 	 -.1649070E+01
23.73 	 -.1625242E+01
23.74 	 -.1600283E+01
23.75 	 -.1572465E+01
23.76 	 -.1540846E+01
23.77 	 -.1518938E+01
23.78 	 -.1514942E+01
23.79 	 -.1514306E+01
23.8 	 -.1518610E+01
23.81 	 -.1521675E+01
23.82 	 -.1514898E+01
23.83 	 -.1511342E+01
23.84 	 -.1495004E+01
23.85 	 -.1457693E+01
23.86 	 -.1414452E+01
23.87 	 -.1370361E+01
23.88 	 -.1315449E+01
23.89 	 -.1239904E+01
23.9 	 -.1155008E+01
23.91 	 -.1067532E+01
23.92 	 -.9716042E+00
23.93 	 -.8642255E+00
23.94 	 -.7495159E+00
23.95 	 -.6287456E+00
23.96 	 -.5160761E+00
23.97 	 -.4316696E+00
23.98 	 -.3516034E+00
23.99 	 -.2591558E+00
24.0 	 -.1675983E+00
24.01 	 -.6242908E-01
24.02 	 .6407255E-01
24.03 	 .2105365E+00
24.04 	 .3791529E+00
24.05 	 .5508798E+00
24.06 	 .7044949E+00
24.07 	 .8355075E+00
24.08 	 .9577793E+00
24.09 	 .1071460E+01
24.1 	 .1161839E+01
24.11 	 .1219894E+01
24.12 	 .1255517E+01
24.13 	 .1284199E+01
24.14 	 .1309310E+01
24.15 	 .1339703E+01
24.16 	 .1370525E+01
24.17 	 .1377946E+01
24.18 	 .1381586E+01
24.19 	 .1399387E+01
24.2 	 .1406348E+01
24.21 	 .1405647E+01
24.22 	 .1399917E+01
24.23 	 .1386715E+01
24.24 	 .1368794E+01
24.25 	 .1347292E+01
24.26 	 .1329490E+01
24.27 	 .1299788E+01
24.28 	 .1254083E+01
24.29 	 .1210690E+01
24.3 	 .1159675E+01
24.31 	 .1095959E+01
24.32 	 .1032594E+01
24.33 	 .9760689E+00
24.34 	 .9396565E+00
24.35 	 .9186359E+00
24.36 	 .8997957E+00
24.37 	 .8641739E+00
24.38 	 .8154307E+00
24.39 	 .7734685E+00
24.4 	 .7251557E+00
24.41 	 .6676620E+00
24.42 	 .6032977E+00
24.43 	 .5371934E+00
24.44 	 .4763998E+00
24.45 	 .4127061E+00
24.46 	 .3532530E+00
24.47 	 .2957503E+00
24.48 	 .2425082E+00
24.49 	 .2108186E+00
24.5 	 .1900704E+00
24.51 	 .1620316E+00
24.52 	 .1227017E+00
24.53 	 .6183954E-01
24.54 	 -.1674435E-01
24.55 	 -.1020588E+00
24.56 	 -.2048750E+00
24.57 	 -.3231728E+00
24.58 	 -.4460208E+00
24.59 	 -.5618480E+00
24.6 	 -.6739645E+00
24.61 	 -.7696191E+00
24.62 	 -.8477115E+00
24.63 	 -.9195931E+00
24.64 	 -.9703321E+00
24.65 	 -.9982985E+00
24.66 	 -.1005692E+01
24.67 	 -.1010096E+01
24.68 	 -.1012779E+01
24.69 	 -.1002780E+01
24.7 	 -.9867010E+00
24.71 	 -.9804325E+00
24.72 	 -.9834849E+00
24.73 	 -.9835667E+00
24.74 	 -.9893689E+00
24.75 	 -.9955110E+00
24.76 	 -.9922719E+00
24.77 	 -.9845921E+00
24.78 	 -.9746318E+00
24.79 	 -.9562304E+00
24.8 	 -.9381688E+00
24.81 	 -.9263878E+00
24.82 	 -.9153366E+00
24.83 	 -.9017849E+00
24.84 	 -.8774818E+00
24.85 	 -.8351866E+00
24.86 	 -.7877305E+00
24.87 	 -.7564861E+00
24.88 	 -.7200808E+00
24.89 	 -.6814552E+00
24.9 	 -.6497300E+00
24.91 	 -.6102638E+00
24.92 	 -.5654868E+00
24.93 	 -.5107685E+00
24.94 	 -.4453188E+00
24.95 	 -.3756684E+00
24.96 	 -.3254299E+00
24.97 	 -.3054146E+00
24.98 	 -.2895094E+00
24.99 	 -.2636730E+00
25.0 	 -.2282052E+00
25.01 	 -.1729251E+00
25.02 	 -.1005328E+00
25.03 	 -.2431993E-01
25.04 	 .4840280E-01
25.05 	 .1164253E+00
25.06 	 .1817076E+00
25.07 	 .2357590E+00
25.08 	 .2813797E+00
25.09 	 .3312111E+00
25.1 	 .3799526E+00
25.11 	 .4190633E+00
25.12 	 .4469129E+00
25.13 	 .4626615E+00
25.14 	 .4664790E+00
25.15 	 .4679065E+00
25.16 	 .4762650E+00
25.17 	 .4772929E+00
25.18 	 .4720404E+00
25.19 	 .4850501E+00
25.2 	 .5125316E+00
25.21 	 .5453440E+00
25.22 	 .5767565E+00
25.23 	 .6080292E+00
25.24 	 .6525336E+00
25.25 	 .7093397E+00
25.26 	 .7645458E+00
25.27 	 .8048105E+00
25.28 	 .8330941E+00
25.29 	 .8620481E+00
25.3 	 .8814212E+00
25.31 	 .8695612E+00
25.32 	 .8382793E+00
25.33 	 .7957865E+00
25.34 	 .7450329E+00
25.35 	 .6993202E+00
25.36 	 .6638789E+00
25.37 	 .6295780E+00
25.38 	 .5958074E+00
25.39 	 .5672576E+00
25.4 	 .5342076E+00
25.41 	 .4984176E+00
25.42 	 .4708487E+00
25.43 	 .4537912E+00
25.44 	 .4320335E+00
25.45 	 .4053155E+00
25.46 	 .3780678E+00
25.47 	 .3556708E+00
25.48 	 .3524762E+00
25.49 	 .3639135E+00
25.5 	 .3714706E+00
25.51 	 .3675968E+00
25.52 	 .3561524E+00
25.53 	 .3289765E+00
25.54 	 .2852191E+00
25.55 	 .2285405E+00
25.56 	 .1590408E+00
25.57 	 .8334070E-01
25.58 	 .2041227E-01
25.59 	 -.2482394E-01
25.6 	 -.7012988E-01
25.61 	 -.1202060E+00
25.62 	 -.1684217E+00
25.63 	 -.2147969E+00
25.64 	 -.2662124E+00
25.65 	 -.3019659E+00
25.66 	 -.3185170E+00
25.67 	 -.3460990E+00
25.68 	 -.3743508E+00
25.69 	 -.3931513E+00
25.7 	 -.4133717E+00
25.71 	 -.4364921E+00
25.72 	 -.4456606E+00
25.73 	 -.4354968E+00
25.74 	 -.4143615E+00
25.75 	 -.3791443E+00
25.76 	 -.3320655E+00
25.77 	 -.2879568E+00
25.78 	 -.2530388E+00
25.79 	 -.2175205E+00
25.8 	 -.1903227E+00
25.81 	 -.1801266E+00
25.82 	 -.1835516E+00
25.83 	 -.1835160E+00
25.84 	 -.1732090E+00
25.85 	 -.1535406E+00
25.86 	 -.1286414E+00
25.87 	 -.1222739E+00
25.88 	 -.1240971E+00
25.89 	 -.1207493E+00
25.9 	 -.1123307E+00
25.91 	 -.9719112E-01
25.92 	 -.8105109E-01
25.93 	 -.5625983E-01
25.94 	 -.4397964E-01
25.95 	 -.5074125E-01
25.96 	 -.6707361E-01
25.97 	 -.1005576E+00
25.98 	 -.1313709E+00
25.99 	 -.1516629E+00
26.0 	 -.1687141E+00
26.01 	 -.1796244E+00
26.02 	 -.1900943E+00
26.03 	 -.2007940E+00
26.04 	 -.2021923E+00
26.05 	 -.1929892E+00
26.06 	 -.1772851E+00
26.07 	 -.1800627E+00
26.08 	 -.1954414E+00
26.09 	 -.2051291E+00
26.1 	 -.2202572E+00
26.11 	 -.2413656E+00
26.12 	 -.2689944E+00
26.13 	 -.3045339E+00
26.14 	 -.3382328E+00
26.15 	 -.3578098E+00
26.16 	 -.3545240E+00
26.17 	 -.3486777E+00
26.18 	 -.3543023E+00
26.19 	 -.3638871E+00
26.2 	 -.3864129E+00
26.21 	 -.4248202E+00
26.22 	 -.4723083E+00
26.23 	 -.5211461E+00
26.24 	 -.5849053E+00
26.25 	 -.6503244E+00
26.26 	 -.7012716E+00
26.27 	 -.7568290E+00
26.28 	 -.8009649E+00
26.29 	 -.8091365E+00
26.3 	 -.7897447E+00
26.31 	 -.7476702E+00
26.32 	 -.6879734E+00
26.33 	 -.6230358E+00
26.34 	 -.5516072E+00
26.35 	 -.4774879E+00
26.36 	 -.4038684E+00
26.37 	 -.3328389E+00
26.38 	 -.2539583E+00
26.39 	 -.1566053E+00
26.4 	 -.5077102E-01
26.41 	 .6087414E-01
26.42 	 .1694293E+00
26.43 	 .2645632E+00
26.44 	 .3397553E+00
26.45 	 .3943354E+00
26.46 	 .4405548E+00
26.47 	 .4881247E+00
26.48 	 .5492864E+00
26.49 	 .6192694E+00
26.5 	 .6883925E+00
26.51 	 .7498451E+00
26.52 	 .7990767E+00
26.53 	 .8496287E+00
26.54 	 .8933802E+00
26.55 	 .9162998E+00
26.56 	 .9209776E+00
26.57 	 .9088739E+00
26.58 	 .8849892E+00
26.59 	 .8553841E+00
26.6 	 .8168383E+00
26.61 	 .7651014E+00
26.62 	 .7155250E+00
26.63 	 .6684992E+00
26.64 	 .6199235E+00
26.65 	 .5807191E+00
26.66 	 .5433552E+00
26.67 	 .4895797E+00
26.68 	 .4269536E+00
26.69 	 .3718186E+00
26.7 	 .3243447E+00
26.71 	 .2801815E+00
26.72 	 .2331682E+00
26.73 	 .1976565E+00
26.74 	 .1671456E+00
26.75 	 .1287042E+00
26.76 	 .9680367E-01
26.77 	 .7035406E-01
26.78 	 .4144446E-01
26.79 	 .1626555E-01
26.8 	 -.5252681E-02
26.81 	 -.2787076E-01
26.82 	 -.4519799E-01
26.83 	 -.5327393E-01
26.84 	 -.5260864E-01
26.85 	 -.4615244E-01
26.86 	 -.4288632E-01
26.87 	 -.5633177E-01
26.88 	 -.7636767E-01
26.89 	 -.8039155E-01
26.9 	 -.7590423E-01
26.91 	 -.7123663E-01
26.92 	 -.7617982E-01
26.93 	 -.9016374E-01
26.94 	 -.1001370E+00
26.95 	 -.1081397E+00
26.96 	 -.1138119E+00
26.97 	 -.1307852E+00
26.98 	 -.1399773E+00
26.99 	 -.1291969E+00
27.0 	 -.1214328E+00
27.01 	 -.1194862E+00
27.02 	 -.1148854E+00
27.03 	 -.1157242E+00
27.04 	 -.1251942E+00
27.05 	 -.1245832E+00
27.06 	 -.1212780E+00
27.07 	 -.1264093E+00
27.08 	 -.1450176E+00
27.09 	 -.1807422E+00
27.1 	 -.2293969E+00
27.11 	 -.2663532E+00
27.12 	 -.2717873E+00
27.13 	 -.2634663E+00
27.14 	 -.2598896E+00
27.15 	 -.2475595E+00
27.16 	 -.2182107E+00
27.17 	 -.1850729E+00
27.18 	 -.1323540E+00
27.19 	 -.5580615E-01
27.2 	 .2787217E-01
27.21 	 .1073645E+00
27.22 	 .1846856E+00
27.23 	 .2657745E+00
27.24 	 .3384931E+00
27.25 	 .4068395E+00
27.26 	 .4704384E+00
27.27 	 .5199086E+00
27.28 	 .5667692E+00
27.29 	 .6234745E+00
27.3 	 .6781190E+00
27.31 	 .7212864E+00
27.32 	 .7499434E+00
27.33 	 .7503056E+00
27.34 	 .7263465E+00
27.35 	 .6891233E+00
27.36 	 .6473296E+00
27.37 	 .5890599E+00
27.38 	 .5201123E+00
27.39 	 .4636835E+00
27.4 	 .4044452E+00
27.41 	 .3332681E+00
27.42 	 .2561753E+00
27.43 	 .1831109E+00
27.44 	 .1131412E+00
27.45 	 .5401478E-01
27.46 	 .9315748E-02
27.47 	 -.3521963E-01
27.48 	 -.6552948E-01
27.49 	 -.6946578E-01
27.5 	 -.7422526E-01
27.51 	 -.9275419E-01
27.52 	 -.1137043E+00
27.53 	 -.1360346E+00
27.54 	 -.1584186E+00
27.55 	 -.1904455E+00
27.56 	 -.2272819E+00
27.57 	 -.2613691E+00
27.58 	 -.2882657E+00
27.59 	 -.3030146E+00
27.6 	 -.3130282E+00
27.61 	 -.3150832E+00
27.62 	 -.3063765E+00
27.63 	 -.2932933E+00
27.64 	 -.2791815E+00
27.65 	 -.2566462E+00
27.66 	 -.2358048E+00
27.67 	 -.2343394E+00
27.68 	 -.2383684E+00
27.69 	 -.2380501E+00
27.7 	 -.2523802E+00
27.71 	 -.2923598E+00
27.72 	 -.3447665E+00
27.73 	 -.3921068E+00
27.74 	 -.4411420E+00
27.75 	 -.4966464E+00
27.76 	 -.5517717E+00
27.77 	 -.6070191E+00
27.78 	 -.6560803E+00
27.79 	 -.6925509E+00
27.8 	 -.7255094E+00
27.81 	 -.7531069E+00
27.82 	 -.7657306E+00
27.83 	 -.7703429E+00
27.84 	 -.7693448E+00
27.85 	 -.7634592E+00
27.86 	 -.7470489E+00
27.87 	 -.7212195E+00
27.88 	 -.6943055E+00
27.89 	 -.6614529E+00
27.9 	 -.6177790E+00
27.91 	 -.5673960E+00
27.92 	 -.5201636E+00
27.93 	 -.4782651E+00
27.94 	 -.4425136E+00
27.95 	 -.4091358E+00
27.96 	 -.3788414E+00
27.97 	 -.3591229E+00
27.98 	 -.3375224E+00
27.99 	 -.3040479E+00
28.0 	 -.2677635E+00
28.01 	 -.2318371E+00
28.02 	 -.1909026E+00
28.03 	 -.1471236E+00
28.04 	 -.1072446E+00
28.05 	 -.6799821E-01
28.06 	 -.3149993E-01
28.07 	 -.4215146E-02
28.08 	 .2343840E-01
28.09 	 .5597576E-01
28.1 	 .8512974E-01
28.11 	 .1078032E+00
28.12 	 .1288208E+00
28.13 	 .1462322E+00
28.14 	 .1606216E+00
28.15 	 .1805689E+00
28.16 	 .2049000E+00
28.17 	 .2238715E+00
28.18 	 .2358342E+00
28.19 	 .2456911E+00
28.2 	 .2497158E+00
28.21 	 .2447088E+00
28.22 	 .2304416E+00
28.23 	 .2151183E+00
28.24 	 .2042745E+00
28.25 	 .1963524E+00
28.26 	 .1921408E+00
28.27 	 .1873054E+00
28.28 	 .1865757E+00
28.29 	 .1930464E+00
28.3 	 .2009351E+00
28.31 	 .2090409E+00
28.32 	 .2169506E+00
28.33 	 .2245924E+00
28.34 	 .2317544E+00
28.35 	 .2398087E+00
28.36 	 .2471554E+00
28.37 	 .2507083E+00
28.38 	 .2534865E+00
28.39 	 .2589349E+00
28.4 	 .2661965E+00
28.41 	 .2698163E+00
28.42 	 .2711272E+00
28.43 	 .2742494E+00
28.44 	 .2786215E+00
28.45 	 .2840998E+00
28.46 	 .2867796E+00
28.47 	 .2837563E+00
28.48 	 .2843212E+00
28.49 	 .2894385E+00
28.5 	 .2904679E+00
28.51 	 .2888815E+00
28.52 	 .2869199E+00
28.53 	 .2796343E+00
28.54 	 .2600066E+00
28.55 	 .2406216E+00
28.56 	 .2310459E+00
28.57 	 .2214565E+00
28.58 	 .2096288E+00
28.59 	 .1973700E+00
28.6 	 .1831017E+00
28.61 	 .1657232E+00
28.62 	 .1460903E+00
28.63 	 .1261217E+00
28.64 	 .1071070E+00
28.65 	 .8854558E-01
28.66 	 .6904900E-01
28.67 	 .4595713E-01
28.68 	 .2207611E-01
28.69 	 .8871361E-03
28.7 	 -.1990402E-01
28.71 	 -.3998212E-01
28.72 	 -.5826484E-01
28.73 	 -.7161686E-01
28.74 	 -.7986630E-01
28.75 	 -.8684637E-01
28.76 	 -.9282914E-01
28.77 	 -.9774512E-01
28.78 	 -.1021749E+00
28.79 	 -.1044911E+00
28.8 	 -.1054677E+00
28.81 	 -.1064932E+00
28.82 	 -.1062893E+00
28.83 	 -.1050233E+00
28.84 	 -.1025649E+00
28.85 	 -.9894922E-01
28.86 	 -.9478426E-01
28.87 	 -.9051610E-01
28.88 	 -.8612192E-01
28.89 	 -.8075190E-01
28.9 	 -.7340417E-01
28.91 	 -.6583058E-01
28.92 	 -.6019414E-01
28.93 	 -.5553799E-01
28.94 	 -.5098185E-01
28.95 	 -.4634392E-01
28.96 	 -.4221525E-01
28.97 	 -.3915847E-01
28.98 	 -.3541555E-01
28.99 	 -.3066425E-01
29.0 	 -.2576947E-01
29.01 	 -.2055269E-01
29.02 	 -.1529106E-01
29.03 	 -.1002187E-01
29.04 	 -.4554431E-02
29.05 	 .7402121E-03
29.06 	 .5131310E-02
29.07 	 .8388439E-02
29.08 	 .1129673E-01
29.09 	 .1442702E-01
29.1 	 .1719577E-01
29.11 	 .1942871E-01
29.12 	 .2129262E-01
29.13 	 .2286256E-01
29.14 	 .2412185E-01
29.15 	 .2545018E-01
29.16 	 .2693426E-01
29.17 	 .2775758E-01
29.18 	 .2792339E-01
29.19 	 .2819456E-01
29.2 	 .2863849E-01
29.21 	 .2864744E-01
29.22 	 .2834854E-01
29.23 	 .2813769E-01
29.24 	 .2791923E-01
29.25 	 .2747647E-01
29.26 	 .2690978E-01
29.27 	 .2609847E-01
29.28 	 .2497465E-01
29.29 	 .2379664E-01
29.3 	 .2241780E-01
29.31 	 .2096027E-01
29.32 	 .1959132E-01
29.33 	 .1821720E-01
29.34 	 .1689320E-01
29.35 	 .1559777E-01
29.36 	 .1433420E-01
29.37 	 .1304818E-01
29.38 	 .1172428E-01
29.39 	 .1045588E-01
29.4 	 .9276895E-02
29.41 	 .8142656E-02
29.42 	 .6988010E-02
29.43 	 .5913561E-02
29.44 	 .4888372E-02
29.45 	 .3872096E-02
29.46 	 .2947539E-02
29.47 	 .2061580E-02
29.48 	 .1280697E-02
29.49 	 .6915461E-03
29.5 	 .2029877E-03
29.51 	 -.2306554E-03
29.52 	 -.5888198E-03
29.53 	 -.8689868E-03
29.54 	 -.1102696E-02
29.55 	 -.1269719E-02
29.56 	 -.1347820E-02
29.57 	 -.1373223E-02
29.58 	 -.1366930E-02
29.59 	 -.1326943E-02
29.6 	 -.1260917E-02
29.61 	 -.1207804E-02
29.62 	 -.1161167E-02
29.63 	 -.1110516E-02
29.64 	 -.1067817E-02
29.65 	 -.1017856E-02
29.66 	 -.9701936E-03
29.67 	 -.9420287E-03
29.68 	 -.9244069E-03
29.69 	 -.9094735E-03
29.7 	 -.8971328E-03
29.71 	 -.8926172E-03
29.72 	 -.8977224E-03
29.73 	 -.9037703E-03
29.74 	 -.9045036E-03
29.75 	 -.9000963E-03
29.76 	 -.8920782E-03
29.77 	 -.8815372E-03
29.78 	 -.8664570E-03
29.79 	 -.8466118E-03
29.8 	 -.8246946E-03
29.81 	 -.8011812E-03
29.82 	 -.7753884E-03
29.83 	 -.7469316E-03
29.84 	 -.7154383E-03
29.85 	 -.6809054E-03
29.86 	 -.6437680E-03
29.87 	 -.6041375E-03
29.88 	 -.5618257E-03
29.89 	 -.5167191E-03
29.9 	 -.4688437E-03
29.91 	 -.4183140E-03
29.92 	 -.3651137E-03
29.93 	 -.3091453E-03
29.94 	 -.2502717E-03
29.95 	 -.1883267E-03
29.96 	 -.1231080E-03
29.97 	 -.5440880E-04
29.98 	 .1797073E-04
29.99 	 .9421807E-04
