0.0 	 .3232206E-02
0.01 	 .1784027E-02
0.02 	 .2081066E-02
0.03 	 .1598824E-02
0.04 	 .1349141E-02
0.05 	 .1098437E-02
0.06 	 .1480121E-03
0.07 	 .9978857E-03
0.08 	 .2822879E-02
0.09 	 .2545650E-02
0.1 	 .1021981E-02
0.11 	 -.9872100E-03
0.12 	 -.1451101E-02
0.13 	 -.5135145E-03
0.14 	 -.9600683E-03
0.15 	 -.1970683E-02
0.16 	 -.2163259E-02
0.17 	 -.7319963E-03
0.18 	 .8063655E-03
0.19 	 .2197846E-02
0.2 	 .1597266E-02
0.21 	 .3443665E-02
0.22 	 .1152942E-02
0.23 	 -.5319009E-03
0.24 	 -.1178385E-02
0.25 	 .1520917E-04
0.26 	 .1762663E-02
0.27 	 .7479551E-03
0.28 	 -.1458113E-02
0.29 	 -.1778203E-02
0.3 	 -.1980336E-03
0.31 	 .1149575E-02
0.32 	 .4148562E-02
0.33 	 .2286229E-02
0.34 	 .9430739E-03
0.35 	 .6586782E-03
0.36 	 .3691815E-03
0.37 	 .1202704E-02
0.38 	 -.9431946E-03
0.39 	 -.4503543E-03
0.4 	 -.7633149E-03
0.41 	 -.1420017E-02
0.42 	 -.1889039E-02
0.43 	 -.4531683E-02
0.44 	 -.3043327E-02
0.45 	 -.2905452E-02
0.46 	 -.3324499E-02
0.47 	 -.2222726E-02
0.48 	 -.1907375E-02
0.49 	 -.1879664E-02
0.5 	 -.1107354E-02
0.51 	 .1840615E-02
0.52 	 .2581302E-02
0.53 	 .3798329E-02
0.54 	 .4518615E-02
0.55 	 .1311901E-02
0.56 	 -.8941951E-03
0.57 	 -.1836511E-02
0.58 	 -.1774129E-02
0.59 	 -.1925948E-02
0.6 	 .3253524E-03
0.61 	 -.1334028E-02
0.62 	 -.4318390E-02
0.63 	 -.1896751E-02
0.64 	 .3665465E-02
0.65 	 .4367381E-02
0.66 	 .6925636E-04
0.67 	 -.2627469E-02
0.68 	 -.6539016E-02
0.69 	 -.3569644E-02
0.7 	 -.3738321E-03
0.71 	 -.2532002E-02
0.72 	 -.5897716E-03
0.73 	 -.1035363E-02
0.74 	 -.3211895E-02
0.75 	 -.2429407E-02
0.76 	 -.3274841E-02
0.77 	 -.2857515E-02
0.78 	 -.4522110E-03
0.79 	 .1845993E-02
0.8 	 .4611355E-02
0.81 	 .1292418E-02
0.82 	 -.2265201E-02
0.83 	 -.1476600E-02
0.84 	 .3850391E-03
0.85 	 .3730778E-02
0.86 	 .3013855E-02
0.87 	 .1147393E-02
0.88 	 .2328689E-02
0.89 	 .3870044E-02
0.9 	 .3046019E-02
0.91 	 -.1005468E-03
0.92 	 -.2651434E-02
0.93 	 .5117184E-03
0.94 	 .2089790E-02
0.95 	 -.2774995E-03
0.96 	 .1560670E-02
0.97 	 .4956379E-02
0.98 	 .4894287E-02
0.99 	 .3337895E-02
1.0 	 .2382418E-03
1.01 	 -.2239213E-02
1.02 	 -.3133272E-03
1.03 	 -.2121663E-02
1.04 	 -.3991199E-02
1.05 	 -.2242797E-02
1.06 	 -.9278944E-03
1.07 	 -.2453693E-02
1.08 	 -.2573933E-02
1.09 	 -.3553129E-03
1.1 	 .1425661E-03
1.11 	 .2035805E-02
1.12 	 .5693642E-02
1.13 	 .4724758E-02
1.14 	 .1369074E-02
1.15 	 -.1505170E-02
1.16 	 .5512646E-03
1.17 	 .2771918E-02
1.18 	 -.1048888E-02
1.19 	 -.8529360E-03
1.2 	 .2378535E-02
1.21 	 .3967807E-02
1.22 	 .3775168E-03
1.23 	 -.5352734E-02
1.24 	 -.7027464E-02
1.25 	 -.4193797E-02
1.26 	 -.8308952E-04
1.27 	 .7044571E-03
1.28 	 .9748631E-03
1.29 	 .9953683E-03
1.3 	 .1369813E-02
1.31 	 .1383176E-02
1.32 	 .1858001E-03
1.33 	 -.2238637E-02
1.34 	 -.2985176E-02
1.35 	 -.1390815E-02
1.36 	 -.5961399E-04
1.37 	 .2802606E-02
1.38 	 .6923249E-03
1.39 	 -.1449966E-03
1.4 	 -.2572498E-02
1.41 	 -.5818041E-02
1.42 	 -.3975825E-02
1.43 	 -.1670494E-03
1.44 	 -.1695935E-02
1.45 	 -.6696900E-02
1.46 	 -.4941386E-02
1.47 	 .2199073E-03
1.48 	 .3370779E-02
1.49 	 .9871317E-03
1.5 	 .2977030E-03
1.51 	 -.2621864E-03
1.52 	 -.2010377E-02
1.53 	 -.2048027E-02
1.54 	 -.1062618E-02
1.55 	 -.1289990E-02
1.56 	 .1240717E-02
1.57 	 .3296104E-02
1.58 	 .4942505E-03
1.59 	 -.3784564E-02
1.6 	 -.7161699E-02
1.61 	 -.4939034E-02
1.62 	 .5313094E-03
1.63 	 .6841112E-02
1.64 	 .9238195E-02
1.65 	 .8109137E-02
1.66 	 .4158759E-02
1.67 	 .1529279E-02
1.68 	 -.3719203E-03
1.69 	 -.1951820E-02
1.7 	 -.1087802E-02
1.71 	 .4963368E-03
1.72 	 .1498054E-02
1.73 	 -.8754080E-03
1.74 	 -.5291931E-02
1.75 	 -.4930775E-02
1.76 	 -.3758720E-02
1.77 	 -.4209485E-02
1.78 	 -.1126970E-02
1.79 	 .1129344E-02
1.8 	 .5116597E-02
1.81 	 .7844150E-02
1.82 	 .4713842E-02
1.83 	 .4005014E-02
1.84 	 .4960824E-02
1.85 	 .5495375E-02
1.86 	 .4073566E-02
1.87 	 .1492015E-02
1.88 	 .1899063E-02
1.89 	 .2812032E-02
1.9 	 .1209680E-02
1.91 	 -.8567728E-03
1.92 	 -.2282666E-02
1.93 	 -.3916640E-02
1.94 	 -.3589154E-02
1.95 	 -.2864889E-02
1.96 	 -.5677843E-03
1.97 	 -.1984500E-02
1.98 	 -.5294337E-02
1.99 	 -.4289573E-02
2.0 	 -.1650771E-02
2.01 	 -.1611949E-02
2.02 	 -.2102507E-02
2.03 	 .1319654E-02
2.04 	 .2666114E-02
2.05 	 -.2645986E-02
2.06 	 -.8660865E-02
2.07 	 -.1202069E-01
2.08 	 -.1253471E-01
2.09 	 -.8875910E-02
2.1 	 -.5813813E-02
2.11 	 -.3919616E-02
2.12 	 -.3995039E-02
2.13 	 -.1831562E-02
2.14 	 -.1526527E-02
2.15 	 -.6156121E-03
2.16 	 .1155162E-02
2.17 	 .3759276E-02
2.18 	 .9401970E-02
2.19 	 .1174905E-01
2.2 	 .1452961E-01
2.21 	 .1921758E-01
2.22 	 .1994082E-01
2.23 	 .1192877E-01
2.24 	 .6970602E-02
2.25 	 .4402294E-02
2.26 	 .4328903E-02
2.27 	 .5259193E-02
2.28 	 .2928542E-02
2.29 	 -.3963549E-02
2.3 	 -.1042112E-01
2.31 	 -.1086171E-01
2.32 	 -.7521165E-02
2.33 	 -.3297298E-02
2.34 	 -.8971512E-02
2.35 	 -.1659801E-01
2.36 	 -.1551370E-01
2.37 	 -.3724496E-02
2.38 	 .8776669E-02
2.39 	 .1392465E-01
2.4 	 .1606568E-01
2.41 	 .1736214E-01
2.42 	 .2108417E-01
2.43 	 .1811703E-01
2.44 	 .8585169E-02
2.45 	 .2076591E-02
2.46 	 .1215752E-02
2.47 	 .9873128E-03
2.48 	 -.2503086E-02
2.49 	 -.6119664E-03
2.5 	 -.1012786E-02
2.51 	 -.5583368E-02
2.52 	 -.1150239E-01
2.53 	 -.1506521E-01
2.54 	 -.1524265E-01
2.55 	 -.1832914E-01
2.56 	 -.1199898E-01
2.57 	 .5144203E-03
2.58 	 .1225976E-01
2.59 	 .1613988E-01
2.6 	 .6366268E-02
2.61 	 -.2236376E-02
2.62 	 -.3118641E-02
2.63 	 .3198138E-03
2.64 	 .4253988E-02
2.65 	 -.1200938E-02
2.66 	 -.7769704E-02
2.67 	 -.8381671E-02
2.68 	 -.5501159E-02
2.69 	 -.8285061E-03
2.7 	 -.2048394E-02
2.71 	 -.1182914E-01
2.72 	 -.1536953E-01
2.73 	 -.4338200E-02
2.74 	 .1141267E-01
2.75 	 .1867714E-01
2.76 	 .9599170E-02
2.77 	 -.3887240E-02
2.78 	 -.7954970E-02
2.79 	 -.2057301E-02
2.8 	 -.1489133E-02
2.81 	 -.6702325E-02
2.82 	 -.3700437E-02
2.83 	 .1913670E-02
2.84 	 .2497137E-02
2.85 	 -.3645276E-02
2.86 	 -.1221631E-01
2.87 	 -.1100758E-01
2.88 	 -.1386918E-02
2.89 	 .1010443E-01
2.9 	 .9744393E-02
2.91 	 .5872498E-02
2.92 	 .3479602E-02
2.93 	 -.3970454E-02
2.94 	 -.8955170E-02
2.95 	 -.2285367E-02
2.96 	 .3437877E-02
2.97 	 -.4217804E-03
2.98 	 -.1000976E-01
2.99 	 -.1952838E-01
3.0 	 -.1473334E-01
3.01 	 .4840488E-02
3.02 	 .2519665E-01
3.03 	 .4328229E-01
3.04 	 .4016315E-01
3.05 	 .2266609E-01
3.06 	 .3507451E-02
3.07 	 -.5086029E-02
3.08 	 .3059710E-02
3.09 	 .2542590E-02
3.1 	 -.2764451E-02
3.11 	 -.7953172E-02
3.12 	 -.1450054E-01
3.13 	 -.1633346E-01
3.14 	 -.1440053E-01
3.15 	 -.1674856E-01
3.16 	 -.1626404E-01
3.17 	 -.1500024E-01
3.18 	 -.1436885E-01
3.19 	 -.1754103E-01
3.2 	 -.1369051E-01
3.21 	 -.6824882E-02
3.22 	 -.5610472E-03
3.23 	 .2888608E-02
3.24 	 .6363762E-02
3.25 	 .8410918E-02
3.26 	 .1569577E-01
3.27 	 .2713100E-01
3.28 	 .2866918E-01
3.29 	 .2558267E-01
3.3 	 .1686169E-01
3.31 	 .1037858E-01
3.32 	 .6667833E-02
3.33 	 .6845251E-03
3.34 	 -.8962623E-02
3.35 	 -.9590930E-02
3.36 	 -.1965398E-02
3.37 	 .1078053E-01
3.38 	 .1698419E-01
3.39 	 .1071425E-01
3.4 	 .4059786E-02
3.41 	 -.3889063E-02
3.42 	 -.1825593E-02
3.43 	 .6755676E-02
3.44 	 .1217699E-01
3.45 	 .2003712E-01
3.46 	 .1807158E-01
3.47 	 .1084489E-01
3.48 	 .6184523E-02
3.49 	 .3042932E-02
3.5 	 -.5064020E-02
3.51 	 -.1528441E-01
3.52 	 -.2265900E-01
3.53 	 -.3063948E-01
3.54 	 -.2691953E-01
3.55 	 -.1650023E-01
3.56 	 -.2300794E-02
3.57 	 -.2398708E-02
3.58 	 -.1589636E-01
3.59 	 -.2985097E-01
3.6 	 -.4111584E-01
3.61 	 -.3792120E-01
3.62 	 -.2701025E-01
3.63 	 -.1383185E-01
3.64 	 -.1004866E-01
3.65 	 -.1747222E-01
3.66 	 -.1713663E-01
3.67 	 -.4404992E-02
3.68 	 .1061655E-01
3.69 	 .1248723E-01
3.7 	 .5342141E-02
3.71 	 .9881144E-02
3.72 	 .2211605E-01
3.73 	 .3425915E-01
3.74 	 .3523733E-01
3.75 	 .3424589E-01
3.76 	 .4268742E-01
3.77 	 .4033428E-01
3.78 	 .2986195E-01
3.79 	 .9405847E-02
3.8 	 -.1609925E-01
3.81 	 -.3983261E-01
3.82 	 -.4193992E-01
3.83 	 -.2648183E-01
3.84 	 -.1250578E-01
3.85 	 -.3367603E-02
3.86 	 -.1479671E-01
3.87 	 -.2917258E-01
3.88 	 -.4688590E-01
3.89 	 -.5097814E-01
3.9 	 -.4003762E-01
3.91 	 -.2481514E-01
3.92 	 -.1983461E-02
3.93 	 .1915298E-01
3.94 	 .3423266E-01
3.95 	 .3788630E-01
3.96 	 .4247425E-01
3.97 	 .5161754E-01
3.98 	 .4966525E-01
3.99 	 .3733855E-01
4.0 	 .2299123E-01
4.01 	 .1865317E-01
4.02 	 .2301366E-01
4.03 	 .2402449E-01
4.04 	 .1735470E-01
4.05 	 .3696613E-03
4.06 	 -.1287402E-01
4.07 	 -.1882572E-01
4.08 	 -.1389913E-01
4.09 	 -.1348029E-02
4.1 	 .9306887E-02
4.11 	 .1269124E-01
4.12 	 .1165240E-02
4.13 	 -.1252520E-01
4.14 	 -.2753961E-01
4.15 	 -.3445521E-01
4.16 	 -.3762741E-01
4.17 	 -.2656042E-01
4.18 	 -.2966804E-02
4.19 	 .2240773E-01
4.2 	 .3879198E-01
4.21 	 .2399280E-01
4.22 	 -.4569242E-02
4.23 	 -.3170737E-01
4.24 	 -.3552727E-01
4.25 	 -.1704385E-01
4.26 	 -.4651883E-02
4.27 	 -.4033769E-02
4.28 	 .6221304E-02
4.29 	 .1815530E-01
4.3 	 .1562263E-01
4.31 	 .7515666E-02
4.32 	 -.2566020E-02
4.33 	 -.3567060E-03
4.34 	 .1454039E-01
4.35 	 .2241376E-01
4.36 	 .6927094E-02
4.37 	 -.1649823E-01
4.38 	 -.1351984E-01
4.39 	 .5899932E-02
4.4 	 .2563488E-01
4.41 	 .2537172E-01
4.42 	 .1700465E-01
4.43 	 .1370902E-01
4.44 	 .1801648E-01
4.45 	 .1229529E-01
4.46 	 -.6937841E-02
4.47 	 -.2141165E-01
4.48 	 -.2425031E-01
4.49 	 -.1148910E-01
4.5 	 -.4603094E-02
4.51 	 -.1341693E-01
4.52 	 -.2176869E-01
4.53 	 -.1713178E-01
4.54 	 -.6553369E-02
4.55 	 -.7885498E-02
4.56 	 -.2122200E-01
4.57 	 -.3146179E-01
4.58 	 -.3885681E-01
4.59 	 -.3487270E-01
4.6 	 -.2542750E-01
4.61 	 -.1037129E-01
4.62 	 .8340595E-02
4.63 	 .2697904E-01
4.64 	 .3895384E-01
4.65 	 .4038693E-01
4.66 	 .3210655E-01
4.67 	 .1704114E-01
4.68 	 .4268695E-02
4.69 	 -.3531256E-02
4.7 	 -.2921306E-02
4.71 	 -.1284286E-01
4.72 	 -.2506144E-01
4.73 	 -.4017684E-01
4.74 	 -.4495453E-01
4.75 	 -.2915474E-01
4.76 	 -.9289231E-02
4.77 	 .1666577E-02
4.78 	 -.6323094E-02
4.79 	 -.1163221E-01
4.8 	 -.7913297E-02
4.81 	 .4151252E-02
4.82 	 .1838840E-01
4.83 	 .4110991E-01
4.84 	 .6184548E-01
4.85 	 .7817668E-01
4.86 	 .7982397E-01
4.87 	 .5635376E-01
4.88 	 .3167995E-01
4.89 	 .1251719E-01
4.9 	 -.9039752E-03
4.91 	 -.1369581E-01
4.92 	 -.2498416E-01
4.93 	 -.3572886E-01
4.94 	 -.4355226E-01
4.95 	 -.3861140E-01
4.96 	 -.2301663E-01
4.97 	 -.1607452E-01
4.98 	 -.2126123E-01
4.99 	 -.2465173E-01
5.0 	 -.2735678E-01
5.01 	 -.2477109E-01
5.02 	 -.1585427E-01
5.03 	 -.7713660E-02
5.04 	 .3669526E-02
5.05 	 .1141029E-01
5.06 	 .2024246E-01
5.07 	 .3277519E-01
5.08 	 .4041395E-01
5.09 	 .4023136E-01
5.1 	 .3253647E-01
5.11 	 .2423773E-01
5.12 	 .1434168E-01
5.13 	 .3389924E-02
5.14 	 -.8933730E-02
5.15 	 -.1349722E-01
5.16 	 -.7626117E-02
5.17 	 .2294388E-02
5.18 	 .6900694E-02
5.19 	 .3114805E-03
5.2 	 -.1134815E-01
5.21 	 -.2322811E-01
5.22 	 -.2699396E-01
5.23 	 -.2670735E-01
5.24 	 -.1579643E-01
5.25 	 .9018115E-02
5.26 	 .2260144E-01
5.27 	 .1919258E-01
5.28 	 .2273831E-02
5.29 	 -.5054883E-02
5.3 	 .9853421E-02
5.31 	 .3120201E-01
5.32 	 .4819927E-01
5.33 	 .3515958E-01
5.34 	 .9687102E-02
5.35 	 -.2233887E-01
5.36 	 -.4985951E-01
5.37 	 -.7042986E-01
5.38 	 -.7377139E-01
5.39 	 -.6082965E-01
5.4 	 -.5040220E-01
5.41 	 -.3940152E-01
5.42 	 -.8933117E-02
5.43 	 .2383640E-01
5.44 	 .4541041E-01
5.45 	 .3574181E-01
5.46 	 -.2278477E-01
5.47 	 -.3148641E-01
5.48 	 -.1346405E-01
5.49 	 .8919835E-02
5.5 	 .2247970E-01
5.51 	 .1946354E-01
5.52 	 .2997157E-01
5.53 	 .4220543E-01
5.54 	 .5463208E-01
5.55 	 .5657210E-01
5.56 	 .5303881E-01
5.57 	 .4910465E-01
5.58 	 .4715133E-01
5.59 	 .3844255E-01
5.6 	 .1358208E-01
5.61 	 -.2409979E-01
5.62 	 -.5504967E-01
5.63 	 -.6991516E-01
5.64 	 -.6285474E-01
5.65 	 -.4036375E-01
5.66 	 -.1119993E-01
5.67 	 .1661749E-01
5.68 	 .3308640E-01
5.69 	 .4135246E-01
5.7 	 .2973669E-01
5.71 	 -.3729530E-02
5.72 	 -.3379609E-01
5.73 	 -.5451842E-01
5.74 	 -.5165428E-01
5.75 	 -.3083201E-01
5.76 	 -.7143550E-02
5.77 	 .9337593E-02
5.78 	 -.5146026E-03
5.79 	 -.1548312E-01
5.8 	 -.2703260E-01
5.81 	 -.2660931E-01
5.82 	 -.1469879E-01
5.83 	 .1266269E-01
5.84 	 .4226512E-01
5.85 	 .6362289E-01
5.86 	 .4330140E-01
5.87 	 .9754715E-03
5.88 	 -.2335460E-01
5.89 	 -.2986528E-01
5.9 	 -.9212337E-02
5.91 	 .3516479E-01
5.92 	 .7340966E-01
5.93 	 .7001713E-01
5.94 	 .3657030E-01
5.95 	 -.2720119E-02
5.96 	 -.2832622E-01
5.97 	 -.4026941E-01
5.98 	 -.4248283E-01
5.99 	 -.2893724E-01
6.0 	 -.9300220E-02
6.01 	 .1375890E-01
6.02 	 .2731978E-01
6.03 	 .1330293E-01
6.04 	 -.7190926E-02
6.05 	 -.2908525E-01
6.06 	 -.4397012E-01
6.07 	 -.4061433E-01
6.08 	 -.2421071E-01
6.09 	 -.3408848E-02
6.1 	 .1620574E-01
6.11 	 .2128021E-01
6.12 	 .1346496E-01
6.13 	 .5998546E-02
6.14 	 .8087699E-03
6.15 	 .1359554E-02
6.16 	 .3131277E-02
6.17 	 .5337520E-02
6.18 	 .1237856E-01
6.19 	 .1684104E-01
6.2 	 .1843427E-01
6.21 	 .1088625E-01
6.22 	 -.1859681E-02
6.23 	 -.1223820E-01
6.24 	 -.1981783E-01
6.25 	 -.1771767E-01
6.26 	 -.1404874E-01
6.27 	 -.9437342E-02
6.28 	 -.4879999E-02
6.29 	 .2744484E-02
6.3 	 .1113805E-01
6.31 	 .6414411E-02
6.32 	 -.6354984E-02
6.33 	 -.1788202E-01
6.34 	 -.2158361E-01
6.35 	 -.2153569E-01
6.36 	 -.2003120E-01
6.37 	 -.2228134E-01
6.38 	 -.2548212E-01
6.39 	 -.2398579E-01
6.4 	 -.1194879E-01
6.41 	 .6275528E-02
6.42 	 .2406839E-01
6.43 	 .3512518E-01
6.44 	 .3500582E-01
6.45 	 .3061062E-01
6.46 	 .2988437E-01
6.47 	 .3227829E-01
6.48 	 .2824213E-01
6.49 	 .1936812E-01
6.5 	 .1132846E-01
6.51 	 .7898187E-02
6.52 	 .5433851E-02
6.53 	 .3356095E-02
6.54 	 .6214118E-02
6.55 	 .7118842E-02
6.56 	 .1641427E-02
6.57 	 -.9113469E-02
6.58 	 -.1803441E-01
6.59 	 -.3029686E-01
6.6 	 -.3266837E-01
6.61 	 -.1553749E-01
6.62 	 .3429390E-02
6.63 	 .2054497E-01
6.64 	 .1712796E-01
6.65 	 .5984443E-02
6.66 	 -.3937113E-02
6.67 	 -.1012649E-01
6.68 	 -.1112509E-01
6.69 	 -.1122404E-01
6.7 	 -.1302027E-01
6.71 	 -.8689371E-02
6.72 	 .1699312E-02
6.73 	 .1336197E-01
6.74 	 .1285910E-01
6.75 	 .4263054E-03
6.76 	 -.9542169E-02
6.77 	 -.8837366E-02
6.78 	 .2850798E-02
6.79 	 .1466340E-01
6.8 	 .2617000E-01
6.81 	 .2515101E-01
6.82 	 .1775804E-01
6.83 	 -.3214792E-03
6.84 	 -.2462095E-01
6.85 	 -.4762503E-01
6.86 	 -.6110027E-01
6.87 	 -.4801878E-01
6.88 	 -.1653650E-01
6.89 	 .1901150E-01
6.9 	 .4335175E-01
6.91 	 .4356696E-01
6.92 	 .3212254E-01
6.93 	 .1888293E-01
6.94 	 .6819372E-02
6.95 	 -.2621763E-02
6.96 	 -.1361126E-01
6.97 	 -.1844301E-01
6.98 	 -.1584101E-01
6.99 	 -.5143263E-02
7.0 	 .6160361E-02
7.01 	 .1444784E-01
7.02 	 .1566775E-01
7.03 	 .1285151E-01
7.04 	 .7556681E-02
7.05 	 .4844676E-04
7.06 	 -.8210508E-02
7.07 	 -.1401942E-01
7.08 	 -.1549639E-01
7.09 	 -.1535565E-01
7.1 	 -.1365022E-01
7.11 	 -.1009554E-01
7.12 	 -.2760737E-02
7.13 	 .5314589E-02
7.14 	 .8593874E-02
7.15 	 .3999779E-02
7.16 	 -.5271015E-02
7.17 	 -.1609833E-01
7.18 	 -.2444092E-01
7.19 	 -.2512026E-01
7.2 	 -.2289055E-01
7.21 	 -.1936238E-01
7.22 	 -.1661146E-01
7.23 	 -.1265489E-01
7.24 	 .3704897E-03
7.25 	 .1358865E-01
7.26 	 .2706182E-01
7.27 	 .2861016E-01
7.28 	 .1784813E-01
7.29 	 .6396579E-02
7.3 	 -.5562936E-02
7.31 	 -.1227149E-01
7.32 	 -.9763323E-02
7.33 	 -.3151698E-02
7.34 	 .3299788E-02
7.35 	 .7067655E-02
7.36 	 .9167821E-02
7.37 	 .1428413E-01
7.38 	 .1110376E-01
7.39 	 .2930479E-02
7.4 	 -.4987794E-02
7.41 	 -.1099765E-01
7.42 	 -.7441941E-02
7.43 	 -.1801355E-02
7.44 	 -.3678169E-02
7.45 	 -.1137816E-01
7.46 	 -.1781743E-01
7.47 	 -.1835907E-01
7.48 	 -.6909583E-02
7.49 	 .9154384E-02
7.5 	 .2482361E-01
7.51 	 .4039389E-01
7.52 	 .4982888E-01
7.53 	 .4745125E-01
7.54 	 .3510720E-01
7.55 	 .2247653E-01
7.56 	 .1072203E-01
7.57 	 .2298857E-02
7.58 	 .2162165E-02
7.59 	 .2302911E-02
7.6 	 -.2710402E-02
7.61 	 -.8928334E-02
7.62 	 -.1585414E-01
7.63 	 -.2328690E-01
7.64 	 -.2731082E-01
7.65 	 -.3258525E-01
7.66 	 -.3843292E-01
7.67 	 -.3576359E-01
7.68 	 -.2387346E-01
7.69 	 -.7821736E-02
7.7 	 .7566990E-02
7.71 	 .1983758E-01
7.72 	 .2086675E-01
7.73 	 .1635018E-01
7.74 	 .1647664E-01
7.75 	 .2138894E-01
7.76 	 .2189485E-01
7.77 	 .1982118E-01
7.78 	 .2352071E-01
7.79 	 .3035470E-01
7.8 	 .3121250E-01
7.81 	 .1715791E-01
7.82 	 -.2246578E-02
7.83 	 -.2152255E-01
7.84 	 -.3500492E-01
7.85 	 -.3827199E-01
7.86 	 -.3344027E-01
7.87 	 -.2827806E-01
7.88 	 -.2364523E-01
7.89 	 -.1555766E-01
7.9 	 -.7136553E-02
7.91 	 .9193954E-03
7.92 	 .8676483E-02
7.93 	 .1531056E-01
7.94 	 .2058394E-01
7.95 	 .2120409E-01
7.96 	 .1798598E-01
7.97 	 .1579603E-01
7.98 	 .1920587E-01
7.99 	 .2888872E-01
8.0 	 .3667335E-01
8.01 	 .3608684E-01
8.02 	 .2998722E-01
8.03 	 .2185476E-01
8.04 	 .1106213E-01
8.05 	 -.1705225E-02
8.06 	 -.1497442E-01
8.07 	 -.2674625E-01
8.08 	 -.3477774E-01
8.09 	 -.3491443E-01
8.1 	 -.3224918E-01
8.11 	 -.2813247E-01
8.12 	 -.2096596E-01
8.13 	 -.1292837E-01
8.14 	 -.4677603E-02
8.15 	 -.2372414E-02
8.16 	 -.3039504E-02
8.17 	 -.2693735E-02
8.18 	 .7630341E-03
8.19 	 .4711443E-02
8.2 	 .4693072E-02
8.21 	 .2402143E-02
8.22 	 .7551203E-04
8.23 	 .1707502E-02
8.24 	 .8098913E-03
8.25 	 .6630098E-04
8.26 	 -.2423530E-02
8.27 	 -.8144719E-02
8.28 	 -.1459317E-01
8.29 	 -.1683820E-01
8.3 	 -.1564583E-01
8.31 	 -.1382819E-01
8.32 	 -.8296750E-02
8.33 	 -.4488799E-03
8.34 	 .8657669E-02
8.35 	 .1628420E-01
8.36 	 .2036011E-01
8.37 	 .1395858E-01
8.38 	 .5143730E-02
8.39 	 -.2424678E-02
8.4 	 -.7837828E-02
8.41 	 -.1016548E-01
8.42 	 -.8196888E-02
8.43 	 -.5544897E-02
8.44 	 -.4294387E-02
8.45 	 -.2524696E-02
8.46 	 -.1716865E-02
8.47 	 -.1721974E-02
8.48 	 -.5921324E-02
8.49 	 -.9579054E-02
8.5 	 -.5729583E-02
8.51 	 .3034817E-04
8.52 	 .1119699E-02
8.53 	 -.2271007E-04
8.54 	 -.1994379E-02
8.55 	 -.1729188E-02
8.56 	 -.3900777E-02
8.57 	 -.8261285E-02
8.58 	 -.8873295E-02
8.59 	 -.4779024E-02
8.6 	 .2900547E-02
8.61 	 .1144100E-01
8.62 	 .1861465E-01
8.63 	 .1882476E-01
8.64 	 .1549853E-01
8.65 	 .1038527E-01
8.66 	 .1060455E-01
8.67 	 .1217841E-01
8.68 	 .8494159E-02
8.69 	 .3710351E-02
8.7 	 .1629542E-02
8.71 	 .6619374E-02
8.72 	 .1597582E-01
8.73 	 .2285164E-01
8.74 	 .2161539E-01
8.75 	 .1638686E-01
8.76 	 .1386847E-01
8.77 	 .1165915E-01
8.78 	 .7245596E-02
8.79 	 -.4452114E-03
8.8 	 -.9415099E-02
8.81 	 -.1647351E-01
8.82 	 -.2196621E-01
8.83 	 -.2310148E-01
8.84 	 -.2262821E-01
8.85 	 -.1950294E-01
8.86 	 -.1401432E-01
8.87 	 -.7291513E-02
8.88 	 -.1761081E-02
8.89 	 .3747912E-03
8.9 	 -.6307236E-02
8.91 	 -.1784548E-01
8.92 	 -.2835251E-01
8.93 	 -.3699192E-01
8.94 	 -.3881262E-01
8.95 	 -.3659107E-01
8.96 	 -.2963366E-01
8.97 	 -.2170419E-01
8.98 	 -.1061068E-01
8.99 	 .1636458E-02
9.0 	 .1411207E-01
9.01 	 .2572578E-01
9.02 	 .3287292E-01
9.03 	 .3412751E-01
9.04 	 .2949058E-01
9.05 	 .2178652E-01
9.06 	 .1422423E-01
9.07 	 .9953482E-02
9.08 	 .5131936E-02
9.09 	 .1760829E-02
9.1 	 .2338824E-03
9.11 	 .9723557E-03
9.12 	 -.1382831E-02
9.13 	 -.7125437E-02
9.14 	 -.1336070E-01
9.15 	 -.1901049E-01
9.16 	 -.1584544E-01
9.17 	 -.6047323E-02
9.18 	 .5790791E-02
9.19 	 .1233306E-01
9.2 	 .1512174E-01
9.21 	 .1794509E-01
9.22 	 .1872028E-01
9.23 	 .1742080E-01
9.24 	 .9737133E-02
9.25 	 .3242788E-02
9.26 	 -.2466159E-02
9.27 	 -.6297284E-02
9.28 	 -.7016390E-02
9.29 	 -.8622896E-02
9.3 	 -.1095259E-01
9.31 	 -.1249483E-01
9.32 	 -.1513051E-01
9.33 	 -.1432268E-01
9.34 	 -.8225125E-02
9.35 	 -.9576311E-03
9.36 	 .5497943E-02
9.37 	 .6597497E-02
9.38 	 .2469552E-02
9.39 	 -.2858933E-02
9.4 	 -.4412399E-02
9.41 	 -.1550284E-02
9.42 	 .7036070E-02
9.43 	 .1574075E-01
9.44 	 .2223099E-01
9.45 	 .2103351E-01
9.46 	 .1438209E-01
9.47 	 .5355084E-02
9.48 	 -.4242101E-02
9.49 	 -.7782526E-02
9.5 	 -.6552411E-02
9.51 	 -.1773716E-02
9.52 	 .5634539E-02
9.53 	 .1188510E-01
9.54 	 .1095383E-01
9.55 	 .6748364E-02
9.56 	 .2676520E-02
9.57 	 .9027343E-03
9.58 	 -.7443045E-04
9.59 	 -.3698495E-02
9.6 	 -.7414359E-02
9.61 	 -.5935365E-02
9.62 	 .1197491E-02
9.63 	 .7546986E-02
9.64 	 .1081608E-01
9.65 	 .1224510E-01
9.66 	 .1181975E-01
9.67 	 .1211249E-01
9.68 	 .1447481E-01
9.69 	 .1528774E-01
9.7 	 .1108738E-01
9.71 	 .3677071E-02
9.72 	 -.3973953E-02
9.73 	 -.8161057E-02
9.74 	 -.1102012E-01
9.75 	 -.1540919E-01
9.76 	 -.2027561E-01
9.77 	 -.2167403E-01
9.78 	 -.1819175E-01
9.79 	 -.1396488E-01
9.8 	 -.7456266E-02
9.81 	 -.4246330E-02
9.82 	 -.1626974E-02
9.83 	 .2365623E-03
9.84 	 .4446385E-03
9.85 	 -.2456530E-04
9.86 	 .1338151E-02
9.87 	 .6434067E-02
9.88 	 .1265912E-01
9.89 	 .1803860E-01
9.9 	 .1894742E-01
9.91 	 .1512446E-01
9.92 	 .1073029E-01
9.93 	 .7364286E-02
9.94 	 .1754282E-02
9.95 	 -.5098081E-02
9.96 	 -.1315099E-01
9.97 	 -.1550617E-01
9.98 	 -.1568569E-01
9.99 	 -.1284296E-01
10.0 	 -.6905538E-02
10.01 	 -.1411821E-02
10.02 	 .4677557E-04
10.03 	 -.1266988E-02
10.04 	 -.9089708E-03
10.05 	 .1079007E-02
10.06 	 .3368903E-02
10.07 	 .4021700E-02
10.08 	 .4553117E-02
10.09 	 .5178374E-02
10.1 	 .7142891E-02
10.11 	 .7722248E-02
10.12 	 .1023553E-01
10.13 	 .1379532E-01
10.14 	 .1367394E-01
10.15 	 .9853016E-02
10.16 	 .2844594E-02
10.17 	 -.3617108E-02
10.18 	 -.8763011E-02
10.19 	 -.1119265E-01
10.2 	 -.9689176E-02
10.21 	 -.7801158E-02
10.22 	 -.3333562E-02
10.23 	 -.8539443E-03
10.24 	 -.2978607E-02
10.25 	 -.7854209E-02
10.26 	 -.1237791E-01
10.27 	 -.1307661E-01
10.28 	 -.1075713E-01
10.29 	 -.6740378E-02
10.3 	 -.4194461E-02
10.31 	 -.5553103E-02
10.32 	 -.9956445E-02
10.33 	 -.1182509E-01
10.34 	 -.1082039E-01
10.35 	 -.8222452E-02
10.36 	 -.5907055E-02
10.37 	 -.5136957E-02
10.38 	 -.5555159E-02
10.39 	 -.7091280E-02
10.4 	 -.8840582E-02
10.41 	 -.4500485E-02
10.42 	 .4862932E-03
10.43 	 .2907771E-02
10.44 	 .1235990E-02
10.45 	 -.1255872E-02
10.46 	 -.1434374E-02
10.47 	 -.3205096E-02
10.48 	 -.4811597E-02
10.49 	 -.9680059E-02
10.5 	 -.1237082E-01
10.51 	 -.1432922E-01
10.52 	 -.1264215E-01
10.53 	 -.8074586E-02
10.54 	 -.2074948E-02
10.55 	 .5158890E-02
10.56 	 .1231521E-01
10.57 	 .1755698E-01
10.58 	 .1712450E-01
10.59 	 .1600352E-01
10.6 	 .1412978E-01
10.61 	 .1404920E-01
10.62 	 .1351879E-01
10.63 	 .1208468E-01
10.64 	 .1042004E-01
10.65 	 .1038434E-01
10.66 	 .1306286E-01
10.67 	 .1372892E-01
10.68 	 .1069849E-01
10.69 	 .6105430E-02
10.7 	 .3651309E-02
10.71 	 .2875088E-02
10.72 	 .2973006E-02
10.73 	 .1074786E-02
10.74 	 -.2385056E-02
10.75 	 -.8816156E-02
10.76 	 -.1380090E-01
10.77 	 -.1602858E-01
10.78 	 -.1439454E-01
10.79 	 -.1081332E-01
10.8 	 -.1030230E-01
10.81 	 -.8754963E-02
10.82 	 -.7495264E-02
10.83 	 -.4821844E-02
10.84 	 -.1700646E-02
10.85 	 .2707794E-02
10.86 	 .5386313E-02
10.87 	 .5578071E-02
10.88 	 .5350611E-02
10.89 	 .5838170E-02
10.9 	 .5409770E-02
10.91 	 .4902829E-02
10.92 	 .5761668E-02
10.93 	 .5749427E-02
10.94 	 .6999946E-02
10.95 	 .8732926E-02
10.96 	 .7802685E-02
10.97 	 .4275524E-02
10.98 	 .1720425E-02
10.99 	 -.9805362E-03
11.0 	 .2587632E-03
11.01 	 .2504803E-02
11.02 	 .3085182E-02
11.03 	 .6001362E-02
11.04 	 .5332241E-02
11.05 	 .1971341E-02
11.06 	 -.8785395E-03
11.07 	 -.3573198E-03
11.08 	 .1237960E-02
11.09 	 .2280400E-02
11.1 	 .2811819E-02
11.11 	 .2423199E-02
11.12 	 .2760818E-02
11.13 	 .3585998E-02
11.14 	 .4593758E-02
11.15 	 .4321417E-02
11.16 	 .2737358E-02
11.17 	 .1107397E-02
11.18 	 -.2604228E-03
11.19 	 .5004970E-03
11.2 	 .1873417E-02
11.21 	 .5705557E-02
11.22 	 .1029862E-01
11.23 	 .1334332E-01
11.24 	 .1354120E-01
11.25 	 .1133800E-01
11.26 	 .8673756E-02
11.27 	 .4046016E-02
11.28 	 .5204736E-02
11.29 	 .4873237E-02
11.3 	 .1273657E-02
11.31 	 -.2427923E-02
11.32 	 -.5461403E-02
11.33 	 -.4826963E-02
11.34 	 -.4441403E-02
11.35 	 -.6707843E-02
11.36 	 -.1021562E-01
11.37 	 -.1267892E-01
11.38 	 -.1041044E-01
11.39 	 -.6976102E-02
11.4 	 -.4872862E-02
11.41 	 -.4364901E-02
11.42 	 -.4378161E-02
11.43 	 -.6513021E-02
11.44 	 -.6291681E-02
11.45 	 -.4537280E-02
11.46 	 -.1948520E-02
11.47 	 .3223900E-02
11.48 	 .7006060E-02
11.49 	 .7240661E-02
11.5 	 .2342620E-02
11.51 	 -.4005859E-02
11.52 	 -.7155618E-02
11.53 	 -.4660698E-02
11.54 	 -.3580517E-02
11.55 	 -.6441617E-02
11.56 	 -.1108669E-01
11.57 	 -.1489027E-01
11.58 	 -.1267075E-01
11.59 	 -.8966115E-02
11.6 	 -.4433234E-02
11.61 	 -.1521134E-02
11.62 	 .1438906E-02
11.63 	 .4651907E-02
11.64 	 .7765968E-02
11.65 	 .8848188E-02
11.66 	 .4204129E-02
11.67 	 -.6724906E-03
11.68 	 -.5821450E-02
11.69 	 -.8791689E-02
11.7 	 -.8856969E-02
11.71 	 -.9540368E-02
11.72 	 -.1085311E-01
11.73 	 -.1333477E-01
11.74 	 -.1723423E-01
11.75 	 -.1865509E-01
11.76 	 -.1939050E-01
11.77 	 -.1950780E-01
11.78 	 -.1886010E-01
11.79 	 -.1605612E-01
11.8 	 -.1355916E-01
11.81 	 -.1084698E-01
11.82 	 -.8106240E-02
11.83 	 -.5280839E-02
11.84 	 -.2821618E-02
11.85 	 -.2731857E-02
11.86 	 -.4149657E-02
11.87 	 -.6537476E-02
11.88 	 -.7342255E-02
11.89 	 -.6535434E-02
11.9 	 -.6500753E-02
11.91 	 -.4977893E-02
11.92 	 -.1440532E-02
11.93 	 .2336529E-02
11.94 	 .6325749E-02
11.95 	 .6922451E-02
11.96 	 .7322292E-02
11.97 	 .6653173E-02
11.98 	 .5100734E-02
11.99 	 .3824715E-02
12.0 	 .2638456E-02
12.01 	 .3924676E-02
12.02 	 .7146857E-02
12.03 	 .1074950E-01
12.04 	 .1293944E-01
12.05 	 .1641458E-01
12.06 	 .1933484E-01
12.07 	 .2221022E-01
12.08 	 .2216126E-01
12.09 	 .2297114E-01
12.1 	 .2342403E-01
12.11 	 .2438385E-01
12.12 	 .2425635E-01
12.13 	 .2263557E-01
12.14 	 .2407173E-01
12.15 	 .2417679E-01
12.16 	 .2331591E-01
12.17 	 .2160129E-01
12.18 	 .2003866E-01
12.19 	 .1322404E-01
12.2 	 .8840076E-02
12.21 	 .5995298E-02
12.22 	 .2244759E-02
12.23 	 .9809800E-03
12.24 	 -.5347387E-03
12.25 	 .3802024E-03
12.26 	 -.1996397E-02
12.27 	 -.5505196E-02
12.28 	 -.8356094E-02
12.29 	 -.1111111E-01
12.3 	 -.1110601E-01
12.31 	 -.1232185E-01
12.32 	 -.1043383E-01
12.33 	 -.1035325E-01
12.34 	 -.9829987E-02
12.35 	 -.8579466E-02
12.36 	 -.7099445E-02
12.37 	 -.5361363E-02
12.38 	 -.4792202E-02
12.39 	 -.4143481E-02
12.4 	 -.4123079E-02
12.41 	 -.4964578E-02
12.42 	 -.5357277E-02
12.43 	 -.5298116E-02
12.44 	 -.4385215E-02
12.45 	 -.1765853E-02
12.46 	 -.1591433E-02
12.47 	 -.1695509E-03
12.48 	 .8096503E-03
12.49 	 .1997951E-02
12.5 	 .3464713E-02
12.51 	 .4237874E-02
12.52 	 .3884956E-02
12.53 	 .1660336E-02
12.54 	 -.1373142E-02
12.55 	 -.5269540E-02
12.56 	 -.8013339E-02
12.57 	 -.1162209E-01
12.58 	 -.1382224E-01
12.59 	 -.1427716E-01
12.6 	 -.1473717E-01
12.61 	 -.1281447E-01
12.62 	 -.1008495E-01
12.63 	 -.6214050E-02
12.64 	 -.5788709E-02
12.65 	 -.4900287E-02
12.66 	 -.3449846E-02
12.67 	 -.8151850E-03
12.68 	 .9075963E-03
12.69 	 .4985777E-03
12.7 	 .4394190E-03
12.71 	 -.1531219E-02
12.72 	 -.2699119E-02
12.73 	 -.2566517E-02
12.74 	 -.1409557E-03
12.75 	 .1624666E-02
12.76 	 .1144247E-02
12.77 	 -.4357317E-03
12.78 	 -.1927991E-02
12.79 	 -.2072829E-02
12.8 	 -.3022448E-02
12.81 	 -.4006746E-02
12.82 	 -.3991445E-02
12.83 	 -.3999603E-02
12.84 	 -.9967222E-03
12.85 	 .2795639E-02
12.86 	 .5013120E-02
12.87 	 .6725701E-02
12.88 	 .6517623E-02
12.89 	 .6972545E-02
12.9 	 .6688986E-02
12.91 	 .3052687E-02
12.92 	 .9372085E-03
12.93 	 .8586698E-03
12.94 	 .2568191E-02
12.95 	 .3838093E-02
12.96 	 .3798314E-02
12.97 	 .2467215E-02
12.98 	 .1741997E-02
12.99 	 .1454357E-02
13.0 	 .8005393E-03
13.01 	 -.3836794E-03
13.02 	 -.2213558E-02
13.03 	 -.3925117E-02
13.04 	 -.4918595E-02
13.05 	 -.3596674E-02
13.06 	 -.4287213E-02
13.07 	 -.4834951E-02
13.08 	 -.5241930E-02
13.09 	 -.3625229E-02
13.1 	 -.1064007E-02
13.11 	 .6393940E-03
13.12 	 .3635135E-02
13.13 	 .5906677E-02
13.14 	 .6200438E-02
13.15 	 .5838339E-02
13.16 	 .5128420E-02
13.17 	 .5044781E-02
13.18 	 .4573544E-02
13.19 	 .3012945E-02
13.2 	 .4092106E-02
13.21 	 .5500727E-02
13.22 	 .7552968E-02
13.23 	 .9032989E-02
13.24 	 .9890811E-02
13.25 	 .8341432E-02
13.26 	 .6985854E-02
13.27 	 .5542554E-02
13.28 	 .2679416E-02
13.29 	 .2660975E-03
13.3 	 .3976788E-03
13.31 	 .4250220E-02
13.32 	 .7579501E-02
13.33 	 .9884703E-02
13.34 	 .1170234E-01
13.35 	 .1125661E-01
13.36 	 .9877566E-02
13.37 	 .8720887E-02
13.38 	 .5723108E-02
13.39 	 .1577831E-02
13.4 	 -.2627628E-02
13.41 	 -.4775747E-02
13.42 	 -.5332666E-02
13.43 	 -.3926085E-02
13.44 	 .8719965E-03
13.45 	 .3703518E-02
13.46 	 .8730190E-03
13.47 	 -.2187999E-02
13.48 	 -.7465478E-02
13.49 	 -.1013686E-01
13.5 	 -.8428356E-02
13.51 	 -.7259434E-02
13.52 	 -.5810013E-02
13.53 	 -.6753512E-02
13.54 	 -.6061951E-02
13.55 	 -.3531330E-02
13.56 	 -.3131488E-02
13.57 	 -.4405468E-02
13.58 	 -.5123546E-02
13.59 	 -.7321645E-02
13.6 	 -.8005044E-02
13.61 	 -.6139462E-02
13.62 	 -.3963801E-02
13.63 	 -.3056000E-02
13.64 	 -.3548659E-02
13.65 	 -.4665558E-02
13.66 	 -.6700457E-02
13.67 	 -.5899756E-02
13.68 	 -.2772435E-02
13.69 	 .1053586E-02
13.7 	 .5556887E-02
13.71 	 .8091588E-02
13.72 	 .9311510E-02
13.73 	 .7476530E-02
13.74 	 .5431432E-02
13.75 	 .2915093E-02
13.76 	 .2193954E-02
13.77 	 .5905153E-03
13.78 	 .7659563E-03
13.79 	 -.5977825E-03
13.8 	 -.2691842E-02
13.81 	 -.3794460E-02
13.82 	 -.3375239E-02
13.83 	 -.1750378E-02
13.84 	 -.4140237E-02
13.85 	 -.5209196E-02
13.86 	 -.4493155E-02
13.87 	 -.3400734E-02
13.88 	 -.3405833E-02
13.89 	 -.4161652E-02
13.9 	 -.4574751E-02
13.91 	 -.3923990E-02
13.92 	 -.3898489E-02
13.93 	 -.4303428E-02
13.94 	 -.5865047E-02
13.95 	 -.6572925E-02
13.96 	 -.5731425E-02
13.97 	 -.3177344E-02
13.98 	 -.1175083E-02
13.99 	 .2341794E-04
14.0 	 -.1981901E-02
14.01 	 -.1681001E-02
14.02 	 -.1649379E-02
14.03 	 -.2391938E-02
14.04 	 -.3554737E-02
14.05 	 -.6277116E-02
14.06 	 -.7305275E-02
14.07 	 -.8429314E-02
14.08 	 -.9298353E-02
14.09 	 -.9557432E-02
14.1 	 -.9290191E-02
14.11 	 -.7595971E-02
14.12 	 -.2859090E-02
14.13 	 .6068709E-03
14.14 	 .3401672E-02
14.15 	 .6369873E-02
14.16 	 .7720354E-02
14.17 	 .8885194E-02
14.18 	 .8405795E-02
14.19 	 .7610196E-02
14.2 	 .5839476E-02
14.21 	 .1699298E-02
14.22 	 -.8690614E-03
14.23 	 -.4146321E-02
14.24 	 -.4981699E-02
14.25 	 -.5167339E-02
14.26 	 -.4365618E-02
14.27 	 -.3148757E-02
14.28 	 -.1474937E-02
14.29 	 .2702841E-03
14.3 	 .1687064E-02
14.31 	 .2181766E-02
14.32 	 .7843664E-03
14.33 	 .7180671E-03
14.34 	 .2106288E-02
14.35 	 .3334369E-02
14.36 	 .4838870E-02
14.37 	 .7004329E-02
14.38 	 .8383370E-02
14.39 	 .1111187E-01
14.4 	 .1046723E-01
14.41 	 .8347673E-02
14.42 	 .5979233E-02
14.43 	 .4603254E-02
14.44 	 .5209134E-02
14.45 	 .5953736E-02
14.46 	 .8188556E-02
14.47 	 .9142257E-02
14.48 	 .6947217E-02
14.49 	 .5713018E-02
14.5 	 .7776479E-02
14.51 	 .8828099E-02
14.52 	 .8359920E-02
14.53 	 .8217120E-02
14.54 	 .6183241E-02
14.55 	 .4321742E-02
14.56 	 .4246263E-02
14.57 	 .2857023E-02
14.58 	 .4314636E-03
14.59 	 -.4732758E-03
14.6 	 -.6986951E-03
14.61 	 .1713654E-03
14.62 	 .2020626E-02
14.63 	 .3704646E-02
14.64 	 .2536747E-02
14.65 	 .7792875E-03
14.66 	 -.1356519E-03
14.67 	 -.1251531E-02
14.68 	 -.8150899E-05
14.69 	 -.1080170E-02
14.7 	 -.4181899E-03
14.71 	 -.1072010E-02
14.72 	 -.3121090E-03
14.73 	 -.4875484E-03
14.74 	 -.1013868E-02
14.75 	 -.2804875E-03
14.76 	 .1678932E-02
14.77 	 .3089594E-02
14.78 	 .1685054E-02
14.79 	 .2067555E-02
14.8 	 .2580746E-03
14.81 	 .8262150E-03
14.82 	 .3406955E-03
14.83 	 -.2344407E-04
14.84 	 -.6252436E-03
14.85 	 .4591672E-04
14.86 	 -.7037829E-03
14.87 	 -.1515702E-02
14.88 	 -.1266822E-02
14.89 	 -.1804362E-02
14.9 	 -.3841301E-02
14.91 	 -.7368461E-02
14.92 	 -.8621021E-02
14.93 	 -.8437420E-02
14.94 	 -.7640800E-02
14.95 	 -.6150580E-02
14.96 	 -.6560619E-02
14.97 	 -.7956999E-02
14.98 	 -.8100819E-02
14.99 	 -.6691178E-02
15.0 	 -.5269298E-02
15.01 	 -.3351698E-02
15.02 	 .3182624E-03
15.03 	 .2009422E-02
15.04 	 .2984543E-02
15.05 	 .1510643E-02
15.06 	 .1099584E-02
15.07 	 .9088437E-03
15.08 	 .5589840E-03
15.09 	 .1068984E-02
15.1 	 .7160644E-03
15.11 	 .1332144E-02
15.12 	 .9751448E-03
15.13 	 .6630251E-03
15.14 	 -.4283747E-03
15.15 	 -.3123215E-02
15.16 	 -.2532634E-02
15.17 	 -.3693394E-02
15.18 	 -.4485934E-02
15.19 	 -.5406994E-02
15.2 	 -.6700353E-02
15.21 	 -.6788073E-02
15.22 	 -.7005333E-02
15.23 	 -.6817653E-02
15.24 	 -.6547353E-02
15.25 	 -.2899833E-02
15.26 	 -.1005693E-02
15.27 	 -.4895725E-03
15.28 	 -.1002632E-02
15.29 	 -.5752523E-03
15.3 	 .4121078E-03
15.31 	 -.1471832E-02
15.32 	 -.2877392E-02
15.33 	 -.2558132E-02
15.34 	 -.3099752E-02
15.35 	 -.2372492E-02
15.36 	 -.2174611E-02
15.37 	 -.1411652E-02
15.38 	 -.1886971E-02
15.39 	 -.1819651E-02
15.4 	 -.8720713E-03
15.41 	 -.1509571E-02
15.42 	 -.1056691E-02
15.43 	 -.9506112E-03
15.44 	 -.7415111E-03
15.45 	 -.1284151E-02
15.46 	 -.9077711E-03
15.47 	 .1601689E-03
15.48 	 .9924888E-03
15.49 	 .1504529E-02
15.5 	 .2785649E-02
15.51 	 .3426209E-02
15.52 	 .4147349E-02
15.53 	 .4163669E-02
15.54 	 .3064109E-02
15.55 	 .8292889E-03
15.56 	 -.7659911E-03
15.57 	 -.3651311E-03
15.58 	 .2416409E-02
15.59 	 .3102868E-02
15.6 	 .2708129E-02
15.61 	 .3317069E-02
15.62 	 .2816248E-02
15.63 	 .2175689E-02
15.64 	 .1934968E-02
15.65 	 .2194049E-02
15.66 	 .1912528E-02
15.67 	 .3169168E-02
15.68 	 .2851949E-02
15.69 	 .3391528E-02
15.7 	 .3327268E-02
15.71 	 .2084908E-02
15.72 	 .2462307E-02
15.73 	 .2593888E-02
15.74 	 .3011068E-02
15.75 	 .3789328E-02
15.76 	 .5090848E-02
15.77 	 .6598408E-02
15.78 	 .7443987E-02
15.79 	 .5496808E-02
15.8 	 .4358487E-02
15.81 	 .3272187E-02
15.82 	 .7170868E-03
15.83 	 .2225667E-02
15.84 	 .2992707E-02
15.85 	 .2717306E-02
15.86 	 .2671406E-02
15.87 	 .2335827E-02
15.88 	 .3106946E-02
15.89 	 .1730966E-02
15.9 	 -.2457941E-03
15.91 	 -.1467754E-02
15.92 	 -.2159314E-02
15.93 	 -.2264375E-02
15.94 	 -.3074255E-02
15.95 	 -.2198075E-02
15.96 	 -.2964095E-02
15.97 	 -.1945115E-02
15.98 	 .5742845E-03
15.99 	 .2646924E-02
16.0 	 .2401104E-02
16.01 	 .3387444E-02
16.02 	 .5153064E-02
16.03 	 .3906624E-02
16.04 	 .4273824E-02
16.05 	 .4733843E-02
16.06 	 .5216303E-02
16.07 	 .3285443E-02
16.08 	 .2202203E-02
16.09 	 .6507826E-03
16.1 	 -.3579975E-03
16.11 	 -.2202978E-03
16.12 	 -.1560578E-02
16.13 	 -.2891678E-02
16.14 	 -.3481239E-02
16.15 	 -.4530819E-02
16.16 	 -.4837838E-02
16.17 	 -.3375159E-02
16.18 	 -.4115679E-02
16.19 	 -.2749899E-02
16.2 	 -.1924720E-02
16.21 	 -.3304598E-03
16.22 	 .2060601E-03
16.23 	 .4824798E-03
16.24 	 -.2815003E-03
16.25 	 -.1543241E-02
16.26 	 -.1875760E-02
16.27 	 -.2729501E-02
16.28 	 -.2170541E-02
16.29 	 -.3585281E-02
16.3 	 -.3736241E-02
16.31 	 -.5275422E-02
16.32 	 -.4040202E-02
16.33 	 -.4797042E-02
16.34 	 -.5356003E-02
16.35 	 -.4776642E-02
16.36 	 -.4748082E-02
16.37 	 -.5924142E-02
16.38 	 -.7740763E-02
16.39 	 -.6966583E-02
16.4 	 -.6523903E-02
16.41 	 -.5466163E-02
16.42 	 -.5161184E-02
16.43 	 -.5153024E-02
16.44 	 -.5143844E-02
16.45 	 -.4368644E-02
16.46 	 -.4068764E-02
16.47 	 -.2815184E-02
16.48 	 -.3096705E-02
16.49 	 -.1862505E-02
16.5 	 -.2609145E-02
16.51 	 -.2020606E-02
16.52 	 -.1152459E-03
16.53 	 .6405739E-03
16.54 	 .2182813E-02
16.55 	 .3580214E-02
16.56 	 .4772593E-02
16.57 	 .4125913E-02
16.58 	 .3436393E-02
16.59 	 .2764213E-02
16.6 	 .2567352E-02
16.61 	 .1625893E-02
16.62 	 .3065112E-02
16.63 	 .3295632E-02
16.64 	 .1453512E-02
16.65 	 .1275012E-02
16.66 	 .7752116E-03
16.67 	 .1031468E-05
16.68 	 .1922711E-02
16.69 	 .3593471E-02
16.7 	 .4058591E-02
16.71 	 .5208130E-02
16.72 	 .5211191E-02
16.73 	 .5437631E-02
16.74 	 .4486990E-02
16.75 	 .6409690E-02
16.76 	 .9776710E-02
16.77 	 .1235935E-01
16.78 	 .1384345E-01
16.79 	 .1389751E-01
16.8 	 .1262149E-01
16.81 	 .1054171E-01
16.82 	 .8737329E-02
16.83 	 .6837069E-02
16.84 	 .6203649E-02
16.85 	 .5131629E-02
16.86 	 .3214029E-02
16.87 	 .1775829E-02
16.88 	 -.1631100E-04
16.89 	 -.3004911E-02
16.9 	 -.3260931E-02
16.91 	 -.3838251E-02
16.92 	 -.3564892E-02
16.93 	 -.5335611E-02
16.94 	 -.7654071E-02
16.95 	 -.7869291E-02
16.96 	 -.6949251E-02
16.97 	 -.5839491E-02
16.98 	 -.6318891E-02
16.99 	 -.6317872E-02
17.0 	 -.7073691E-02
17.01 	 -.6425992E-02
17.02 	 -.5310111E-02
17.03 	 -.5562051E-02
17.04 	 -.4478812E-02
17.05 	 -.2687691E-02
17.06 	 -.1791112E-02
17.07 	 -.2043051E-02
17.08 	 -.2379652E-02
17.09 	 -.2963091E-02
17.1 	 -.3460851E-02
17.11 	 -.2642811E-02
17.12 	 -.4367631E-02
17.13 	 -.4638951E-02
17.14 	 -.5205051E-02
17.15 	 -.4713411E-02
17.16 	 -.5344710E-03
17.17 	 .3264091E-03
17.18 	 .2350089E-02
17.19 	 .5105110E-02
17.2 	 .6039429E-02
17.21 	 .6526989E-02
17.22 	 .6674889E-02
17.23 	 .5534530E-02
17.24 	 .4652230E-02
17.25 	 .4361530E-02
17.26 	 .2767271E-02
17.27 	 .1435151E-02
17.28 	 .9669706E-03
17.29 	 .4396308E-03
17.3 	 .3651710E-03
17.31 	 -.3029288E-03
17.32 	 .3763914E-03
17.33 	 .2284917E-03
17.34 	 .2958118E-03
17.35 	 -.1560479E-03
17.36 	 -.1450428E-02
17.37 	 -.2081807E-02
17.38 	 -.9669471E-03
17.39 	 -.1060787E-02
17.4 	 -.1983886E-02
17.41 	 -.2210326E-02
17.42 	 -.2773366E-02
17.43 	 -.2831506E-02
17.44 	 -.2656066E-02
17.45 	 -.2691765E-02
17.46 	 -.2182785E-02
17.47 	 -.1260705E-02
17.48 	 -.1931864E-02
17.49 	 -.1865564E-02
17.5 	 -.2273564E-02
17.51 	 -.3584262E-02
17.52 	 -.4505322E-02
17.53 	 -.6221981E-02
17.54 	 -.7263401E-02
17.55 	 -.8383360E-02
17.56 	 -.9343180E-02
17.57 	 -.8294620E-02
17.58 	 -.7917220E-02
17.59 	 -.6921700E-02
17.6 	 -.6603459E-02
17.61 	 -.6159759E-02
17.62 	 -.5598758E-02
17.63 	 -.5877218E-02
17.64 	 -.5551837E-02
17.65 	 -.4611396E-02
17.66 	 -.4464516E-02
17.67 	 -.3089555E-02
17.68 	 -.8302546E-03
17.69 	 .2693846E-02
17.7 	 .4872566E-02
17.71 	 .6687147E-02
17.72 	 .8499688E-02
17.73 	 .8383408E-02
17.74 	 .8173289E-02
17.75 	 .7922370E-02
17.76 	 .8628211E-02
17.77 	 .6541291E-02
17.78 	 .4438051E-02
17.79 	 .2536772E-02
17.8 	 .2696913E-02
17.81 	 .2669374E-02
17.82 	 .2917234E-02
17.83 	 .3689375E-02
17.84 	 .3773016E-02
17.85 	 .3610837E-02
17.86 	 .4446218E-02
17.87 	 .4022919E-02
17.88 	 .3292600E-02
17.89 	 .4025981E-02
17.9 	 .4593101E-02
17.91 	 .5450922E-02
17.92 	 .4317703E-02
17.93 	 .5127583E-02
17.94 	 .3780164E-02
17.95 	 .2448045E-02
17.96 	 .2315446E-02
17.97 	 .2613287E-02
17.98 	 .1130208E-02
17.99 	 .2417895E-03
18.0 	 .3764306E-03
18.01 	 -.9684173E-06
18.02 	 -.2488273E-03
18.03 	 .1958936E-03
18.04 	 .7640346E-03
18.05 	 -.1458042E-03
18.06 	 -.1319823E-02
18.07 	 -.1648262E-02
18.08 	 -.2763121E-02
18.09 	 -.3012000E-02
18.1 	 -.2010359E-02
18.11 	 -.1803298E-02
18.12 	 -.6874162E-03
18.13 	 -.1122955E-02
18.14 	 -.1324914E-02
18.15 	 -.1624793E-02
18.16 	 -.2317371E-02
18.17 	 -.6649701E-03
18.18 	 -.2549289E-03
18.19 	 .4121524E-03
18.2 	 .1649414E-02
18.21 	 .1353615E-02
18.22 	 .2994796E-02
18.23 	 .2774477E-02
18.24 	 .4960339E-02
18.25 	 .6945261E-02
18.26 	 .7293082E-02
18.27 	 .7623563E-02
18.28 	 .5806945E-02
18.29 	 .4484006E-02
18.3 	 .1927888E-02
18.31 	 .5202893E-03
18.32 	 -.1659449E-02
18.33 	 -.4214548E-02
18.34 	 -.5814926E-02
18.35 	 -.8073204E-02
18.36 	 -.9583823E-02
18.37 	 -.1000100E-01
18.38 	 -.9484879E-02
18.39 	 -.8769858E-02
18.4 	 -.6216797E-02
18.41 	 -.5050934E-02
18.42 	 -.3798373E-02
18.43 	 -.3195552E-02
18.44 	 -.3321009E-02
18.45 	 -.4772479E-03
18.46 	 .1143534E-02
18.47 	 .3359995E-02
18.48 	 .5018517E-02
18.49 	 .6232319E-02
18.5 	 .6661740E-02
18.51 	 .5734563E-02
18.52 	 .3729244E-02
18.53 	 .2281867E-02
18.54 	 .2532789E-02
18.55 	 .2481790E-02
18.56 	 .2716393E-02
18.57 	 .2646014E-02
18.58 	 .3850636E-02
18.59 	 .3544638E-02
18.6 	 .3972020E-02
18.61 	 .4121962E-02
18.62 	 .3713965E-02
18.63 	 .2708246E-02
18.64 	 .1091549E-02
18.65 	 .3806108E-03
18.66 	 -.1518271E-03
18.67 	 .6543511E-04
18.68 	 -.1691627E-03
18.69 	 .3948995E-03
18.7 	 .4530417E-03
18.71 	 .2062040E-03
18.72 	 .6580662E-03
18.73 	 -.2589115E-03
18.74 	 -.1768509E-02
18.75 	 -.1543087E-02
18.76 	 -.3237305E-02
18.77 	 -.3579002E-02
18.78 	 -.4110420E-02
18.79 	 -.5331357E-02
18.8 	 -.5448655E-02
18.81 	 -.5210993E-02
18.82 	 -.5336450E-02
18.83 	 -.4448027E-02
18.84 	 -.4858065E-02
18.85 	 -.4440882E-02
18.86 	 -.3817660E-02
18.87 	 -.2422298E-02
18.88 	 .7509252E-03
18.89 	 .1056928E-02
18.9 	 .1122210E-02
18.91 	 .1393533E-02
18.92 	 .2708316E-02
18.93 	 .1924958E-02
18.94 	 .1655682E-02
18.95 	 .2167724E-02
18.96 	 .3036766E-02
18.97 	 .4450489E-02
18.98 	 .3634492E-02
18.99 	 .2723635E-02
19.0 	 .1153858E-02
19.01 	 -.9248992E-03
19.02 	 -.1140116E-02
19.03 	 -.1238034E-02
19.04 	 -.1245170E-02
19.05 	 -.1475687E-02
19.06 	 -.1289025E-02
19.07 	 -.1710282E-02
19.08 	 -.8259384E-03
19.09 	 -.3567354E-03
19.1 	 .7775076E-03
19.11 	 -.3740693E-03
19.12 	 -.1123767E-02
19.13 	 -.7392230E-03
19.14 	 -.2597660E-02
19.15 	 -.2687417E-02
19.16 	 -.3833894E-02
19.17 	 -.2558891E-02
19.18 	 -.1500127E-02
19.19 	 -.2118243E-02
19.2 	 -.1890780E-02
19.21 	 -.2470137E-02
19.22 	 -.1606194E-02
19.23 	 -.3791305E-03
19.24 	 .5653929E-03
19.25 	 .6357763E-03
19.26 	 .2522597E-03
19.27 	 .6745432E-03
19.28 	 .2359467E-03
19.29 	 .6969901E-03
19.3 	 .1170274E-02
19.31 	 .1438537E-02
19.32 	 .1395701E-02
19.33 	 .1122344E-02
19.34 	 .2522880E-03
19.35 	 .1345732E-02
19.36 	 .1480375E-02
19.37 	 .8806189E-03
19.38 	 .1756803E-02
19.39 	 .1107067E-02
19.4 	 .2257900E-03
19.41 	 -.1601026E-02
19.42 	 -.1235862E-02
19.43 	 -.1051239E-02
19.44 	 -.1528595E-02
19.45 	 -.7992909E-03
19.46 	 .9219304E-04
19.47 	 .2635569E-03
19.48 	 -.7809191E-03
19.49 	 -.1338856E-02
19.5 	 -.2061011E-02
19.51 	 -.3261547E-02
19.52 	 -.2707683E-02
19.53 	 -.1990619E-02
19.54 	 -.6748150E-03
19.55 	 -.1892910E-03
19.56 	 -.2341669E-03
19.57 	 .2370773E-03
19.58 	 .2867661E-02
19.59 	 .4421126E-02
19.6 	 .3659189E-02
19.61 	 .2722834E-02
19.62 	 .1853799E-02
19.63 	 .1688562E-02
19.64 	 .1964987E-02
19.65 	 .2472951E-02
19.66 	 .1780376E-02
19.67 	 .2638200E-02
19.68 	 .3792844E-02
19.69 	 .4178408E-02
19.7 	 .3526633E-02
19.71 	 .2657597E-02
19.72 	 .1633522E-02
19.73 	 .1306107E-02
19.74 	 .1879351E-02
19.75 	 .1292856E-02
19.76 	 .1614160E-02
19.77 	 .2036445E-02
19.78 	 .1432610E-02
19.79 	 .1583574E-02
19.8 	 .1352038E-02
19.81 	 .3524436E-03
19.82 	 .8349083E-03
19.83 	 .5309530E-03
19.84 	 -.5502421E-03
19.85 	 -.5226974E-03
19.86 	 -.1221392E-02
19.87 	 -.2976808E-02
19.88 	 -.5078003E-02
19.89 	 -.6460098E-02
19.9 	 -.8323633E-02
19.91 	 -.9338528E-02
19.92 	 -.8297103E-02
19.93 	 -.8892778E-02
19.94 	 -.7737113E-02
19.95 	 -.6450888E-02
19.96 	 -.4913743E-02
19.97 	 -.3331718E-02
19.98 	 -.3257253E-02
19.99 	 -.1504888E-02
20.0 	 -.1237643E-02
20.01 	 -.1330458E-02
20.02 	 -.3267726E-03
20.03 	 .4820927E-03
20.04 	 .7248579E-03
20.05 	 .1057231E-03
20.06 	 .5596284E-03
20.07 	 .7146737E-03
20.08 	 .2023339E-02
20.09 	 .2622085E-02
20.1 	 .1978469E-02
20.11 	 .7106150E-03
20.12 	 .4882605E-03
20.13 	 .1576606E-02
20.14 	 .3067851E-02
20.15 	 .4653957E-02
20.16 	 .5516882E-02
20.17 	 .7230487E-02
20.18 	 .6692953E-02
20.19 	 .6897979E-02
20.2 	 .5884104E-02
20.21 	 .4903890E-02
20.22 	 .4397976E-02
20.23 	 .3738041E-02
20.24 	 .3040367E-02
20.25 	 .1478752E-02
20.26 	 .1130939E-02
20.27 	 .5995240E-03
20.28 	 .2027497E-03
20.29 	 .1333955E-03
20.3 	 -.2960187E-03
20.31 	 -.1034493E-02
20.32 	 -.1037547E-02
20.33 	 -.1914741E-02
20.34 	 -.3347835E-02
20.35 	 -.3601810E-02
20.36 	 -.5228704E-02
20.37 	 -.5589778E-02
20.38 	 -.5421471E-02
20.39 	 -.5333746E-02
20.4 	 -.3718060E-02
20.41 	 -.3174393E-02
20.42 	 -.1307788E-02
20.43 	 .8658383E-03
20.44 	 .2632484E-02
20.45 	 .3819771E-02
20.46 	 .4134956E-02
20.47 	 .4426683E-02
20.48 	 .4702089E-02
20.49 	 .4839794E-02
20.5 	 .5972001E-02
20.51 	 .5249847E-02
20.52 	 .4931613E-02
20.53 	 .4954060E-02
20.54 	 .4607266E-02
20.55 	 .4520572E-02
20.56 	 .3268019E-02
20.57 	 .2819225E-02
20.58 	 .1865531E-02
20.59 	 .1683977E-02
20.6 	 .1885944E-02
20.61 	 .1109730E-02
20.62 	 -.5079831E-03
20.63 	 -.8629367E-03
20.64 	 -.8812902E-03
20.65 	 -.1064883E-02
20.66 	 -.2785618E-02
20.67 	 -.3176271E-02
20.68 	 -.3337424E-02
20.69 	 -.4518577E-02
20.7 	 -.6082231E-02
20.71 	 -.6603444E-02
20.72 	 -.5708898E-02
20.73 	 -.6017951E-02
20.74 	 -.5651765E-02
20.75 	 -.4649099E-02
20.76 	 -.3780051E-02
20.77 	 -.3519945E-02
20.78 	 -.3902439E-02
20.79 	 -.4698031E-02
20.8 	 -.5706805E-02
20.81 	 -.4857138E-02
20.82 	 -.3336311E-02
20.83 	 -.3864665E-02
20.84 	 -.2173498E-02
20.85 	 -.9739712E-03
20.86 	 -.8903244E-03
20.87 	 -.3078976E-03
20.88 	 -.5384108E-03
20.89 	 -.2619840E-03
20.9 	 -.3915171E-03
20.91 	 -.4904503E-03
20.92 	 .4907966E-03
20.93 	 .1866784E-02
20.94 	 .1633211E-02
20.95 	 .1318037E-02
20.96 	 .4704242E-03
20.97 	 -.9566880E-04
20.98 	 .4306582E-03
20.99 	 .7774511E-04
21.0 	 .5332086E-05
21.01 	 -.1813210E-03
21.02 	 -.1486740E-03
21.03 	 -.2618869E-03
21.04 	 -.1413460E-02
21.05 	 -.2603793E-02
21.06 	 -.2679266E-02
21.07 	 -.2709858E-02
21.08 	 -.2536451E-02
21.09 	 -.1325705E-02
21.1 	 -.5158175E-03
21.11 	 .1012150E-02
21.12 	 .2761457E-02
21.13 	 .3119483E-02
21.14 	 .3797791E-02
21.15 	 .4166018E-02
21.16 	 .4284345E-02
21.17 	 .4360852E-02
21.18 	 .4132380E-02
21.19 	 .2650326E-02
21.2 	 .3401053E-02
21.21 	 .5287041E-02
21.22 	 .5860288E-02
21.23 	 .5617535E-02
21.24 	 .5634882E-02
21.25 	 .5523710E-02
21.26 	 .3976377E-02
21.27 	 .3045124E-02
21.28 	 .2735051E-02
21.29 	 .2902339E-02
21.3 	 .2944166E-02
21.31 	 .3245073E-02
21.32 	 .3404201E-02
21.33 	 .3748968E-02
21.34 	 .2848315E-02
21.35 	 .2902383E-02
21.36 	 .9460297E-03
21.37 	 -.1676383E-02
21.38 	 -.1586616E-02
21.39 	 -.2052749E-02
21.4 	 -.2178201E-02
21.41 	 -.2232253E-02
21.42 	 -.8868664E-03
21.43 	 -.2840392E-03
21.44 	 .3624812E-04
21.45 	 .1518316E-02
21.46 	 .3159502E-02
21.47 	 .2843310E-02
21.48 	 .1401037E-02
21.49 	 .6921446E-03
21.5 	 .8696320E-03
21.51 	 .7913933E-04
21.52 	 -.1597733E-02
21.53 	 -.2269906E-02
21.54 	 -.3923318E-02
21.55 	 -.5344171E-02
21.56 	 -.5741964E-02
21.57 	 -.6719116E-02
21.58 	 -.7564689E-02
21.59 	 -.7187282E-02
21.6 	 -.6183594E-02
21.61 	 -.4767827E-02
21.62 	 -.2615620E-02
21.63 	 -.2327973E-02
21.64 	 -.1073366E-02
21.65 	 .2261217E-03
21.66 	 .2077690E-03
21.67 	 .7177763E-03
21.68 	 .5454035E-03
21.69 	 .2924509E-03
21.7 	 -.3113819E-03
21.71 	 -.1563934E-02
21.72 	 -.1984167E-02
21.73 	 -.3055160E-02
21.74 	 -.3303012E-02
21.75 	 -.2336045E-02
21.76 	 -.2012698E-02
21.77 	 -.1899511E-03
21.78 	 .6546160E-03
21.79 	 .5026432E-03
21.8 	 .4791905E-03
21.81 	 .5189777E-03
21.82 	 .5128649E-03
21.83 	 .1213612E-02
21.84 	 .1847039E-02
21.85 	 .2353987E-02
21.86 	 .1970474E-02
21.87 	 .2223440E-02
21.88 	 .1991907E-02
21.89 	 .9076549E-03
21.9 	 .7322220E-03
21.91 	 .9678490E-03
21.92 	 .9892762E-03
21.93 	 .2094963E-02
21.94 	 .3339370E-02
21.95 	 .4885697E-02
21.96 	 .6107664E-02
21.97 	 .6637051E-02
21.98 	 .5984258E-02
21.99 	 .4555245E-02
22.0 	 .3936112E-02
22.01 	 .1760459E-02
22.02 	 .6007261E-03
22.03 	 -.5120869E-03
22.04 	 -.1572880E-02
22.05 	 -.2363373E-02
22.06 	 -.2911106E-02
22.07 	 -.2487799E-02
22.08 	 -.2394973E-02
22.09 	 -.1568766E-02
22.1 	 -.1666679E-02
22.11 	 -.1561612E-02
22.12 	 -.7201055E-03
22.13 	 -.1019788E-03
22.14 	 .1505548E-02
22.15 	 .2491895E-02
22.16 	 .3325242E-02
22.17 	 .3838308E-02
22.18 	 .3852595E-02
22.19 	 .3824041E-02
22.2 	 .2575567E-02
22.21 	 .2767334E-02
22.22 	 .3725121E-02
22.23 	 .2050288E-02
22.24 	 .1969714E-02
22.25 	 .1383221E-02
22.26 	 .1472987E-02
22.27 	 .1501553E-02
22.28 	 -.3334208E-03
22.29 	 .8773255E-03
22.3 	 .2530919E-03
22.31 	 -.2201818E-03
22.32 	 -.7158956E-03
22.33 	 -.1350330E-02
22.34 	 -.2587583E-02
22.35 	 -.3300557E-02
22.36 	 -.3105731E-02
22.37 	 -.2881324E-02
22.38 	 -.3036359E-02
22.39 	 -.2922113E-02
22.4 	 -.3266866E-02
22.41 	 -.4246060E-02
22.42 	 -.4362335E-02
22.43 	 -.4642829E-02
22.44 	 -.4633643E-02
22.45 	 -.4675458E-02
22.46 	 -.5080392E-02
22.47 	 -.4945746E-02
22.48 	 -.4878420E-02
22.49 	 -.4844754E-02
22.5 	 -.2547709E-02
22.51 	 -.2464064E-02
22.52 	 -.1328797E-02
22.53 	 -.4260922E-03
22.54 	 .5331329E-04
22.55 	 .6734787E-03
22.56 	 -.1782159E-03
22.57 	 -.1075811E-02
22.58 	 -.1164545E-02
22.59 	 -.4994999E-03
22.6 	 -.4607347E-03
22.61 	 -.2067495E-03
22.62 	 .1071316E-02
22.63 	 -.2985393E-03
22.64 	 -.1587814E-02
22.65 	 -.7911893E-03
22.66 	 -.1946844E-02
22.67 	 -.1995799E-02
22.68 	 -.1736714E-02
22.69 	 -.2280370E-02
22.7 	 -.8034051E-03
22.71 	 -.2311804E-03
22.72 	 .1192745E-02
22.73 	 .1693569E-02
22.74 	 .9275533E-03
22.75 	 .9234778E-03
22.76 	 .1656862E-02
22.77 	 .9785667E-03
22.78 	 .1525291E-02
22.79 	 .2235216E-02
22.8 	 .1631379E-02
22.81 	 .9061637E-03
22.82 	 .8470078E-03
22.83 	 .2322952E-02
22.84 	 .3200156E-02
22.85 	 .3056340E-02
22.86 	 .1566124E-02
22.87 	 .1968008E-02
22.88 	 .9367913E-03
22.89 	 .8786550E-03
22.9 	 .3798786E-03
22.91 	 -.1278638E-02
22.92 	 -.1465295E-02
22.93 	 -.2443470E-02
22.94 	 -.3456327E-02
22.95 	 -.5475924E-02
22.96 	 -.4748661E-02
22.97 	 -.4580358E-02
22.98 	 -.5284154E-02
22.99 	 -.5379011E-02
23.0 	 -.4924088E-02
23.01 	 -.3213545E-02
23.02 	 -.3348183E-02
23.03 	 -.1311240E-02
23.04 	 -.6115172E-03
23.05 	 .8848254E-03
23.06 	 .2166968E-02
23.07 	 .2802430E-02
23.08 	 .3576613E-02
23.09 	 .3773476E-02
23.1 	 .4490537E-02
23.11 	 .4788380E-02
23.12 	 .3926482E-02
23.13 	 .3397103E-02
23.14 	 .2588246E-02
23.15 	 .2224108E-02
23.16 	 .1522350E-02
23.17 	 .1750832E-02
23.18 	 .2285312E-02
23.19 	 .1627414E-02
23.2 	 .1844676E-02
23.21 	 .7236973E-03
23.22 	 .1071518E-02
23.23 	 .4227999E-03
23.24 	 .1233701E-02
23.25 	 .2073162E-02
23.26 	 .2514823E-02
23.27 	 .3107443E-02
23.28 	 .3447105E-02
23.29 	 .4809826E-02
23.3 	 .4428346E-02
23.31 	 .3580727E-02
23.32 	 .3381827E-02
23.33 	 .2941187E-02
23.34 	 .2721888E-02
23.35 	 .3201288E-02
23.36 	 .2355708E-02
23.37 	 .2534879E-03
23.38 	 -.4237922E-03
23.39 	 -.2310793E-02
23.4 	 -.3996853E-02
23.41 	 -.5424853E-02
23.42 	 -.4392614E-02
23.43 	 -.4989314E-02
23.44 	 -.5026035E-02
23.45 	 -.4850596E-02
23.46 	 -.4819997E-02
23.47 	 -.2794278E-02
23.48 	 -.3564379E-02
23.49 	 -.3166580E-02
23.5 	 -.3154341E-02
23.51 	 -.3112523E-02
23.52 	 -.2802444E-02
23.53 	 -.2784086E-02
23.54 	 -.2378128E-02
23.55 	 -.1533570E-02
23.56 	 -.1825292E-02
23.57 	 -.1213294E-02
23.58 	 -.2923836E-02
23.59 	 -.2726978E-02
23.6 	 -.2397521E-02
23.61 	 -.2133343E-02
23.62 	 -.1221466E-02
23.63 	 -.4442290E-03
23.64 	 .1728368E-02
23.65 	 .2132285E-02
23.66 	 .3393002E-02
23.67 	 .4648618E-02
23.68 	 .4090675E-02
23.69 	 .3935631E-02
23.7 	 .3683688E-02
23.71 	 .3730605E-02
23.72 	 .4237540E-02
23.73 	 .4170217E-02
23.74 	 .3696932E-02
23.75 	 .3488848E-02
23.76 	 .3563304E-02
23.77 	 .2241379E-02
23.78 	 .3314415E-02
23.79 	 .3710169E-02
23.8 	 .2414765E-02
23.81 	 .8755795E-03
23.82 	 -.6707456E-03
23.83 	 -.2186470E-02
23.84 	 -.2091616E-02
23.85 	 -.2138542E-02
23.86 	 -.2388448E-02
23.87 	 -.1982493E-02
23.88 	 -.1674460E-02
23.89 	 -.1086945E-02
23.9 	 -.4484322E-03
23.91 	 .4932139E-04
23.92 	 .9122347E-03
23.93 	 .1930188E-02
23.94 	 .1640501E-02
23.95 	 .1383454E-02
23.96 	 .1030527E-02
23.97 	 .1473199E-02
23.98 	 .2373852E-02
23.99 	 .2532965E-02
24.0 	 .2187176E-02
24.01 	 .2552328E-02
24.02 	 .1602701E-02
24.03 	 .2489072E-02
24.04 	 .3496824E-02
24.05 	 .3494775E-02
24.06 	 .4148587E-02
24.07 	 .3554938E-02
24.08 	 .3344809E-02
24.09 	 .2255439E-02
24.1 	 .1969830E-02
24.11 	 .1676060E-02
24.12 	 .1420031E-02
24.13 	 .1522021E-02
24.14 	 .1590351E-02
24.15 	 .1767820E-02
24.16 	 .1271070E-02
24.17 	 .4162997E-03
24.18 	 .7171889E-03
24.19 	 .4193802E-04
24.2 	 -.1042333E-02
24.21 	 -.3915843E-03
24.22 	 .2091842E-03
24.23 	 -.1723073E-03
24.24 	 .3366608E-03
24.25 	 -.7033112E-04
24.26 	 -.7639433E-03
24.27 	 .2652243E-03
24.28 	 -.4987682E-03
24.29 	 -.1645261E-02
24.3 	 -.2402114E-02
24.31 	 -.2630606E-02
24.32 	 -.3990280E-02
24.33 	 -.4719594E-02
24.34 	 -.5369347E-02
24.35 	 -.5939541E-02
24.36 	 -.5832455E-02
24.37 	 -.6068089E-02
24.38 	 -.5863083E-02
24.39 	 -.5679498E-02
24.4 	 -.4631973E-02
24.41 	 -.4061808E-02
24.42 	 -.2908203E-02
24.43 	 -.2368639E-02
24.44 	 -.2231975E-02
24.45 	 -.2531902E-03
24.46 	 .5321937E-03
24.47 	 .2035657E-02
24.48 	 .1998921E-02
24.49 	 .1943824E-02
24.5 	 .2191667E-02
24.51 	 .2132491E-02
24.52 	 .2357893E-02
24.53 	 .2412955E-02
24.54 	 .1541857E-02
24.55 	 .1087940E-02
24.56 	 .9043218E-03
24.57 	 .7513034E-03
24.58 	 .1589724E-02
24.59 	 .2259846E-02
24.6 	 .9022069E-03
24.61 	 .6502477E-03
24.62 	 .2116282E-03
24.63 	 -.3340915E-03
24.64 	 -.1069532E-02
24.65 	 -.2297631E-02
24.66 	 -.3575712E-02
24.67 	 -.3343173E-02
24.68 	 -.4617174E-02
24.69 	 -.4360154E-02
24.7 	 -.3249396E-02
24.71 	 -.3814497E-02
24.72 	 -.8187795E-03
24.73 	 -.1295142E-02
24.74 	 -.6525638E-03
24.75 	 -.1293264E-03
24.76 	 .5346708E-03
24.77 	 .1722948E-02
24.78 	 .2478744E-02
24.79 	 .2834701E-02
24.8 	 .3266137E-02
24.81 	 .2943793E-02
24.82 	 .3097788E-02
24.83 	 .2735664E-02
24.84 	 .1271939E-02
24.85 	 .6007544E-03
24.86 	 -.3692910E-03
24.87 	 -.5743365E-03
24.88 	 -.1515822E-02
24.89 	 -.1569908E-02
24.9 	 -.2920415E-02
24.91 	 -.3121382E-02
24.92 	 -.3137729E-02
24.93 	 -.3074516E-02
24.94 	 -.3088823E-02
24.95 	 -.2113731E-02
24.96 	 -.1372218E-02
24.97 	 -.6888471E-03
24.98 	 -.4746756E-03
24.99 	 -.6022044E-03
25.0 	 .2525265E-03
25.01 	 .5829771E-03
25.02 	 .1468307E-02
25.03 	 .1120457E-02
25.04 	 .9225472E-03
25.05 	 .4492366E-03
25.06 	 .8215058E-03
25.07 	 .1472547E-03
25.08 	 .9523347E-05
25.09 	 -.7618834E-04
25.1 	 -.7994003E-03
25.11 	 -.7086526E-03
25.12 	 -.2233585E-02
25.13 	 -.1435978E-02
25.14 	 -.1839931E-02
25.15 	 -.2274485E-02
25.16 	 -.2760038E-02
25.17 	 -.2068512E-02
25.18 	 -.8873870E-03
25.19 	 -.2312361E-02
25.2 	 -.1912557E-02
25.21 	 -.1319972E-02
25.22 	 -.5631678E-03
25.23 	 -.1379204E-02
25.24 	 -.1280300E-02
25.25 	 -.9233366E-03
25.26 	 -.1577194E-02
25.27 	 -.1588451E-02
25.28 	 -.1207008E-02
25.29 	 -.1393706E-02
25.3 	 -.1183625E-02
25.31 	 -.6899830E-03
25.32 	 -.2600192E-04
25.33 	 -.1749611E-03
25.34 	 -.9748068E-04
25.35 	 .1635995E-03
25.36 	 .7000792E-03
25.37 	 .2415679E-02
25.38 	 .2308538E-02
25.39 	 .4062896E-02
25.4 	 .4910475E-02
25.41 	 .4527932E-02
25.42 	 .5136831E-02
25.43 	 .5954828E-02
25.44 	 .5206105E-02
25.45 	 .4952082E-02
25.46 	 .5675217E-02
25.47 	 .4757174E-02
25.48 	 .4052310E-02
25.49 	 .3083265E-02
25.5 	 .2585459E-02
25.51 	 .1899974E-02
25.52 	 .2195728E-02
25.53 	 .1788702E-02
25.54 	 .2449615E-02
25.55 	 .2254748E-02
25.56 	 .1726341E-02
25.57 	 .2491293E-02
25.58 	 .2285205E-02
25.59 	 .3527517E-02
25.6 	 .4318988E-02
25.61 	 .4201639E-02
25.62 	 .3666089E-02
25.63 	 .2468559E-02
25.64 	 .1893229E-02
25.65 	 .1942138E-02
25.66 	 .1215847E-02
25.67 	 .1106655E-02
25.68 	 -.4397165E-03
25.69 	 -.1595429E-02
25.7 	 -.2505322E-02
25.71 	 -.3817095E-02
25.72 	 -.3650889E-02
25.73 	 -.4286402E-02
25.74 	 -.4938236E-02
25.75 	 -.4759791E-02
25.76 	 -.4404887E-02
25.77 	 -.4735422E-02
25.78 	 -.5061878E-02
25.79 	 -.5153734E-02
25.8 	 -.4474471E-02
25.81 	 -.3584069E-02
25.82 	 -.3680006E-02
25.83 	 -.2256144E-02
25.84 	 -.8781829E-03
25.85 	 -.1469019E-03
25.86 	 -.2456128E-04
25.87 	 -.1847611E-03
25.88 	 .1838659E-05
25.89 	 -.4235621E-03
25.9 	 -.1747432E-03
25.91 	 -.5124246E-03
25.92 	 .2433333E-03
25.93 	 -.1086292E-03
25.94 	 -.8135120E-03
25.95 	 -.6081539E-04
25.96 	 -.5820991E-03
25.97 	 -.1343834E-03
25.98 	 -.9568811E-04
25.99 	 -.8831933E-03
26.0 	 -.4293589E-03
26.01 	 -.4896050E-03
26.02 	 -.4121514E-03
26.03 	 .9166152E-04
26.04 	 .7270540E-03
26.05 	 .1597046E-02
26.06 	 .3005577E-03
26.07 	 .1678509E-02
26.08 	 .1098060E-02
26.09 	 -.1587670E-02
26.1 	 -.6034407E-03
26.11 	 -.1538851E-02
26.12 	 -.1907142E-02
26.13 	 -.1780734E-02
26.14 	 -.2237766E-02
26.15 	 -.1169900E-02
26.16 	 -.6824127E-03
26.17 	 -.5488664E-03
26.18 	 .1021859E-02
26.19 	 .2304945E-02
26.2 	 .2552729E-02
26.21 	 .2577134E-02
26.22 	 .2852458E-02
26.23 	 .2716721E-02
26.24 	 .2287223E-02
26.25 	 .2396285E-02
26.26 	 .2325828E-02
26.27 	 .2340029E-02
26.28 	 .2654109E-02
26.29 	 .2383730E-02
26.3 	 .2533589E-02
26.31 	 .2530448E-02
26.32 	 .2425307E-02
26.33 	 .2400745E-02
26.34 	 .2304257E-04
26.35 	 .9333956E-04
26.36 	 -.1615244E-02
26.37 	 -.2846468E-02
26.38 	 -.2992413E-02
26.39 	 -.3643258E-02
26.4 	 -.3790224E-02
26.41 	 -.6088370E-02
26.42 	 -.4935856E-02
26.43 	 -.5258264E-02
26.44 	 -.5098212E-02
26.45 	 -.3801880E-02
26.46 	 -.3671409E-02
26.47 	 -.2893239E-02
26.48 	 -.2702590E-02
26.49 	 -.1733680E-02
26.5 	 -.4087911E-03
26.51 	 .1102969E-03
26.52 	 .1306045E-03
26.53 	 -.1534856E-04
26.54 	 .6036979E-03
26.55 	 .4189836E-03
26.56 	 .8891089E-03
26.57 	 .1811094E-02
26.58 	 .2556618E-02
26.59 	 .2031221E-02
26.6 	 .1763884E-02
26.61 	 .2401286E-02
26.62 	 .1849368E-02
26.63 	 .7150288E-03
26.64 	 .9884932E-04
26.65 	 -.1039082E-04
26.66 	 -.3430115E-03
26.67 	 .5585670E-03
26.68 	 .9889050E-03
26.69 	 .1186683E-02
26.7 	 .1586419E-02
26.71 	 .1964736E-02
26.72 	 .2851011E-02
26.73 	 .3149765E-02
26.74 	 .3039500E-02
26.75 	 .3317853E-02
26.76 	 .3340187E-02
26.77 	 .2329259E-02
26.78 	 .1928290E-02
26.79 	 .6307419E-03
26.8 	 -.5699076E-03
26.81 	 -.5822578E-03
26.82 	 -.6782487E-03
26.83 	 -.3529802E-03
26.84 	 -.5111923E-03
26.85 	 -.7571251E-03
26.86 	 -.3798387E-03
26.87 	 -.2850928E-03
26.88 	 -.3453876E-03
26.89 	 -.5546031E-03
26.9 	 -.6597793E-03
26.91 	 -.8343161E-03
26.92 	 -.2805736E-03
26.93 	 .3384482E-03
26.94 	 .2149093E-03
26.95 	 .8890097E-03
26.96 	 .1922150E-02
26.97 	 .2730889E-02
26.98 	 .1181387E-02
26.99 	 .1133246E-03
27.0 	 .2631776E-03
27.01 	 -.1929399E-03
27.02 	 .3225160E-04
27.03 	 -.2348747E-03
27.04 	 -.1305615E-02
27.05 	 -.7831294E-03
27.06 	 -.1761262E-03
27.07 	 .4169360E-03
27.08 	 .1232838E-02
27.09 	 .8814456E-03
27.1 	 .1536915E-02
27.11 	 .1964829E-02
27.12 	 .2101551E-02
27.13 	 .1763522E-02
27.14 	 .2159556E-02
27.15 	 .1924992E-02
27.16 	 .1470251E-02
27.17 	 .2146821E-02
27.18 	 .2426333E-02
27.19 	 .2029710E-02
27.2 	 .1738343E-02
27.21 	 .2057660E-02
27.22 	 .1867327E-02
27.23 	 .2156424E-02
27.24 	 .9547856E-03
27.25 	 .1008981E-02
27.26 	 -.2787582E-03
27.27 	 -.4361568E-03
27.28 	 -.2469312E-03
27.29 	 -.7799548E-03
27.3 	 -.3203381E-03
27.31 	 -.2848701E-03
27.32 	 -.6141304E-04
27.33 	 -.7185583E-03
27.34 	 -.8727393E-03
27.35 	 -.1216167E-02
27.36 	 -.2019737E-02
27.37 	 -.8713121E-03
27.38 	 -.1049915E-02
27.39 	 -.2281806E-02
27.4 	 -.1500197E-02
27.41 	 -.2688695E-02
27.42 	 -.1531022E-02
27.43 	 -.2157946E-02
27.44 	 -.2661372E-02
27.45 	 -.3120310E-02
27.46 	 -.3702161E-02
27.47 	 -.2908180E-02
27.48 	 -.2797397E-02
27.49 	 -.3007251E-02
27.5 	 -.3003647E-02
27.51 	 -.2792489E-02
27.52 	 -.3636827E-02
27.53 	 -.3328640E-02
27.54 	 -.3514857E-02
27.55 	 -.3485502E-02
27.56 	 -.2987522E-02
27.57 	 -.3357069E-02
27.58 	 -.2541988E-02
27.59 	 -.3100015E-02
27.6 	 -.3481738E-02
27.61 	 -.3779798E-02
27.62 	 -.3690572E-02
27.63 	 -.2936052E-02
27.64 	 -.2440327E-02
27.65 	 -.1916347E-02
27.66 	 -.1969764E-02
27.67 	 -.1017523E-02
27.68 	 -.1359612E-02
27.69 	 -.7780611E-03
27.7 	 -.8296399E-04
27.71 	 .2890173E-03
27.72 	 .4161887E-03
27.73 	 .4294708E-03
27.74 	 .1606555E-02
27.75 	 .1750080E-02
27.76 	 .2024086E-02
27.77 	 .2511218E-02
27.78 	 .2358429E-02
27.79 	 .2336316E-02
27.8 	 .2259764E-02
27.81 	 .2413045E-02
27.82 	 .2521819E-02
27.83 	 .2277114E-02
27.84 	 .2275300E-02
27.85 	 .2165532E-02
27.86 	 .2396440E-02
27.87 	 .2295514E-02
27.88 	 .1074047E-02
27.89 	 .7267776E-03
27.9 	 .3581587E-03
27.91 	 .1662068E-03
27.92 	 .4478712E-03
27.93 	 .4234239E-04
27.94 	 .4417831E-03
27.95 	 .3089280E-03
27.96 	 .4635067E-03
27.97 	 .1613047E-02
27.98 	 .1107716E-02
27.99 	 .9459190E-03
28.0 	 .9646834E-03
28.01 	 .1006154E-02
28.02 	 .7384499E-03
28.03 	 .7125331E-03
28.04 	 .8125459E-03
28.05 	 .3091410E-03
28.06 	 .5950592E-03
28.07 	 .4297227E-03
28.08 	 .4026169E-03
28.09 	 .1768322E-03
28.1 	 .2098873E-03
28.11 	 .4274283E-03
28.12 	 .5648294E-03
28.13 	 .6811093E-03
28.14 	 .8913393E-03
28.15 	 .1015919E-02
28.16 	 .9778810E-03
28.17 	 .1043821E-02
28.18 	 .1134744E-02
28.19 	 .1209656E-02
28.2 	 .1202779E-02
28.21 	 .1194267E-02
28.22 	 .1730625E-02
28.23 	 .1557488E-02
28.24 	 .1113358E-02
28.25 	 .1396649E-02
28.26 	 .1172154E-02
28.27 	 .8932791E-03
28.28 	 .7659051E-03
28.29 	 .3624270E-03
28.3 	 .4683280E-03
28.31 	 .3870586E-03
28.32 	 .1190666E-03
28.33 	 -.3346379E-04
28.34 	 -.3324749E-03
28.35 	 -.2338585E-03
28.36 	 -.2689587E-03
28.37 	 .1087701E-03
28.38 	 -.2846267E-03
28.39 	 -.4837915E-03
28.4 	 -.7338431E-03
28.41 	 -.8954348E-03
28.42 	 -.4534676E-03
28.43 	 -.5243888E-03
28.44 	 -.5575496E-03
28.45 	 -.5152917E-03
28.46 	 -.3664265E-03
28.47 	 -.1782621E-03
28.48 	 -.1977218E-03
28.49 	 -.5698988E-03
28.5 	 -.6105416E-03
28.51 	 -.7995578E-03
28.52 	 -.1071712E-02
28.53 	 -.1004125E-02
28.54 	 -.9536306E-03
28.55 	 -.8513335E-03
28.56 	 -.8648136E-03
28.57 	 -.8046610E-03
28.58 	 -.7487018E-03
28.59 	 -.7432194E-03
28.6 	 -.5607185E-03
28.61 	 -.6440133E-03
28.62 	 -.5747930E-03
28.63 	 -.5571050E-03
28.64 	 -.6197361E-03
28.65 	 -.5947459E-03
28.66 	 -.6310253E-03
28.67 	 -.3378776E-03
28.68 	 -.2086823E-03
28.69 	 -.1330105E-03
28.7 	 -.8245031E-05
28.71 	 -.4398311E-04
28.72 	 .1515653E-03
28.73 	 .5698329E-04
28.74 	 -.1043631E-04
28.75 	 -.1245095E-03
28.76 	 -.1374317E-03
28.77 	 -.2046793E-04
28.78 	 .1092980E-04
28.79 	 .1145826E-03
28.8 	 .4627249E-04
28.81 	 .1126160E-03
28.82 	 .1407831E-03
28.83 	 .6443282E-04
28.84 	 .1360077E-03
28.85 	 .1508874E-03
28.86 	 .1030653E-03
28.87 	 .1007208E-03
28.88 	 .1444737E-03
28.89 	 .1983366E-03
28.9 	 .2509975E-03
28.91 	 .2568050E-03
28.92 	 .3012315E-03
28.93 	 .3543645E-03
28.94 	 .3595063E-03
28.95 	 .3232975E-03
28.96 	 .3804377E-03
28.97 	 .3851293E-03
28.98 	 .3556788E-03
28.99 	 .2954826E-03
29.0 	 .2441747E-03
29.01 	 .2656819E-03
29.02 	 .1636830E-03
29.03 	 .1722977E-03
29.04 	 .1261472E-03
29.05 	 .9552451E-04
29.06 	 .6804538E-04
29.07 	 -.3927975E-04
29.08 	 -.4965177E-04
29.09 	 -.8563833E-04
29.1 	 -.9564975E-04
29.11 	 -.9482447E-04
29.12 	 -.7908002E-04
29.13 	 -.5419722E-04
29.14 	 -.3671650E-04
29.15 	 -.3430124E-04
29.16 	 -.2476855E-04
29.17 	 -.1484959E-04
29.18 	 -.1167394E-04
29.19 	 -.9922755E-05
29.2 	 -.3951813E-05
29.21 	 .6456383E-05
29.22 	 .1689257E-04
29.23 	 .9008852E-05
29.24 	 -.1405787E-04
29.25 	 .2293760E-04
29.26 	 .2880063E-04
29.27 	 .4010544E-05
29.28 	 .3741891E-05
29.29 	 -.3022728E-05
29.3 	 -.4144618E-05
29.31 	 .1071511E-04
29.32 	 -.3090767E-05
29.33 	 -.6119606E-05
29.34 	 -.9111111E-05
29.35 	 -.6646062E-05
29.36 	 -.1483490E-04
29.37 	 -.2326096E-04
29.38 	 -.2284659E-04
29.39 	 -.2305936E-04
29.4 	 -.2212928E-04
29.41 	 -.3257696E-04
29.42 	 -.2167978E-04
29.43 	 -.1580440E-04
29.44 	 -.1637924E-04
29.45 	 -.1062491E-04
29.46 	 -.8306565E-05
29.47 	 -.9321349E-05
29.48 	 -.1104097E-04
29.49 	 -.1512236E-04
29.5 	 -.1283188E-04
29.51 	 -.1201875E-04
29.52 	 -.7264990E-05
29.53 	 -.2276659E-05
29.54 	 -.3687231E-05
29.55 	 -.3510568E-05
29.56 	 -.4607348E-05
29.57 	 -.4750676E-05
29.58 	 -.5718094E-05
29.59 	 -.5789959E-05
29.6 	 -.6692814E-05
29.61 	 -.6721187E-05
29.62 	 -.7283368E-05
29.63 	 -.8254593E-05
29.64 	 -.8422390E-05
29.65 	 -.9981736E-05
29.66 	 -.1086904E-04
29.67 	 -.1128047E-04
29.68 	 -.1174343E-04
29.69 	 -.1247698E-04
29.7 	 -.1368342E-04
29.71 	 -.1447366E-04
29.72 	 -.1468177E-04
29.73 	 -.1571810E-04
29.74 	 -.1653939E-04
29.75 	 -.1711317E-04
29.76 	 -.1772639E-04
29.77 	 -.1795615E-04
29.78 	 -.1841252E-04
29.79 	 -.1895743E-04
29.8 	 -.1950234E-04
29.81 	 -.2011590E-04
29.82 	 -.2072699E-04
29.83 	 -.2136724E-04
29.84 	 -.2202256E-04
29.85 	 -.2268225E-04
29.86 	 -.2334060E-04
29.87 	 -.2401817E-04
29.88 	 -.2470382E-04
29.89 	 -.2541113E-04
29.9 	 -.2612587E-04
29.91 	 -.2686263E-04
29.92 	 -.2761249E-04
29.93 	 -.2838469E-04
29.94 	 -.2917959E-04
29.95 	 -.2999617E-04
29.96 	 -.3083589E-04
29.97 	 -.3169954E-04
29.98 	 -.3258786E-04
29.99 	 -.3350150E-04
