0.0 	 .0000000E+00
0.01 	 .3281133E-04
0.02 	 .2875392E-04
0.03 	 -.3802909E-05
0.04 	 -.7435818E-05
0.05 	 -.4924324E-04
0.06 	 -.2106807E-03
0.07 	 -.4941822E-03
0.08 	 -.9099456E-03
0.09 	 -.1081842E-02
0.1 	 -.3562160E-03
0.11 	 .8169589E-03
0.12 	 .1743523E-02
0.13 	 .2609256E-02
0.14 	 .2715063E-02
0.15 	 .2620186E-02
0.16 	 .3295877E-02
0.17 	 .3970066E-02
0.18 	 .4840100E-02
0.19 	 .5932115E-02
0.2 	 .5263567E-02
0.21 	 .3893943E-02
0.22 	 .3866431E-02
0.23 	 .3068112E-02
0.24 	 -.1850654E-03
0.25 	 -.4868612E-02
0.26 	 -.1021384E-01
0.27 	 -.1642892E-01
0.28 	 -.1956283E-01
0.29 	 -.1937077E-01
0.3 	 -.1938045E-01
0.31 	 -.2165867E-01
0.32 	 -.2697086E-01
0.33 	 -.3042323E-01
0.34 	 -.3166018E-01
0.35 	 -.3181302E-01
0.36 	 -.2339863E-01
0.37 	 -.5936558E-02
0.38 	 .9276317E-02
0.39 	 .1780629E-01
0.4 	 .2065017E-01
0.41 	 .1931395E-01
0.42 	 .2326035E-01
0.43 	 .3578009E-01
0.44 	 .5546617E-01
0.45 	 .7941482E-01
0.46 	 .9731585E-01
0.47 	 .1113805E+00
0.48 	 .1197991E+00
0.49 	 .1079960E+00
0.5 	 .7964397E-01
0.51 	 .4867637E-01
0.52 	 .2566482E-01
0.53 	 .8571065E-02
0.54 	 -.1668967E-01
0.55 	 -.4301424E-01
0.56 	 -.5406969E-01
0.57 	 -.4233180E-01
0.58 	 -.1454292E-01
0.59 	 .2755868E-02
0.6 	 -.1427924E-01
0.61 	 -.4819286E-01
0.62 	 -.7383741E-01
0.63 	 -.9922403E-01
0.64 	 -.1143363E+00
0.65 	 -.1092512E+00
0.66 	 -.9797956E-01
0.67 	 -.7590548E-01
0.68 	 -.4882628E-01
0.69 	 -.5192489E-01
0.7 	 -.8161514E-01
0.71 	 -.1002191E+00
0.72 	 -.9485175E-01
0.73 	 -.7412554E-01
0.74 	 -.5126151E-01
0.75 	 -.1857047E-01
0.76 	 .1052551E-01
0.77 	 .6706185E-02
0.78 	 .8122465E-02
0.79 	 .2794169E-01
0.8 	 .3261609E-01
0.81 	 .2376227E-01
0.82 	 .2179938E-01
0.83 	 .1094345E-01
0.84 	 -.4500977E-02
0.85 	 .1058193E-01
0.86 	 .3972983E-01
0.87 	 .6177438E-01
0.88 	 .6968858E-01
0.89 	 .7517230E-01
0.9 	 .8982510E-01
0.91 	 .7792801E-01
0.92 	 .4185450E-01
0.93 	 .1404217E-01
0.94 	 .1547347E-01
0.95 	 .6340907E-01
0.96 	 .1209388E+00
0.97 	 .1346001E+00
0.98 	 .8568793E-01
0.99 	 .1142484E-01
1.0 	 -.3467653E-01
1.01 	 -.4880251E-01
1.02 	 -.6453125E-01
1.03 	 -.8408063E-01
1.04 	 -.9763810E-01
1.05 	 -.8780896E-01
1.06 	 -.4873419E-01
1.07 	 .4897011E-02
1.08 	 .7250617E-01
1.09 	 .1126904E+00
1.1 	 .1087854E+00
1.11 	 .6511841E-01
1.12 	 -.3535598E-01
1.13 	 -.1350082E+00
1.14 	 -.1460565E+00
1.15 	 -.6394030E-01
1.16 	 .2484849E-01
1.17 	 .4235014E-01
1.18 	 -.3654740E-01
1.19 	 -.1882598E+00
1.2 	 -.3155012E+00
1.21 	 -.3638674E+00
1.22 	 -.3331396E+00
1.23 	 -.2111592E+00
1.24 	 -.3849621E-01
1.25 	 .1301876E+00
1.26 	 .3037781E+00
1.27 	 .4226436E+00
1.28 	 .3923221E+00
1.29 	 .2697656E+00
1.3 	 .1695859E+00
1.31 	 .1284089E+00
1.32 	 .1743484E+00
1.33 	 .2773908E+00
1.34 	 .3753585E+00
1.35 	 .4462116E+00
1.36 	 .4512844E+00
1.37 	 .4255142E+00
1.38 	 .3583751E+00
1.39 	 .2152172E+00
1.4 	 .8495815E-01
1.41 	 .4943666E-01
1.42 	 .1460477E+00
1.43 	 .3313474E+00
1.44 	 .4642936E+00
1.45 	 .4823646E+00
1.46 	 .3921154E+00
1.47 	 .2396518E+00
1.48 	 .7081800E-01
1.49 	 -.1410634E+00
1.5 	 -.3563840E+00
1.51 	 -.5021439E+00
1.52 	 -.5396722E+00
1.53 	 -.5148752E+00
1.54 	 -.5354355E+00
1.55 	 -.6799465E+00
1.56 	 -.9308786E+00
1.57 	 -.1140834E+01
1.58 	 -.1208674E+01
1.59 	 -.1095642E+01
1.6 	 -.8787135E+00
1.61 	 -.7244003E+00
1.62 	 -.7100579E+00
1.63 	 -.8264367E+00
1.64 	 -.1030011E+01
1.65 	 -.1236741E+01
1.66 	 -.1315956E+01
1.67 	 -.1218136E+01
1.68 	 -.8981056E+00
1.69 	 -.4349997E+00
1.7 	 -.1001229E+00
1.71 	 -.1321354E-01
1.72 	 -.1107466E+00
1.73 	 -.2067238E+00
1.74 	 -.1281562E+00
1.75 	 .7088432E-01
1.76 	 .2446364E+00
1.77 	 .3301098E+00
1.78 	 .3236837E+00
1.79 	 .2657268E+00
1.8 	 .2314055E+00
1.81 	 .2943900E+00
1.82 	 .4387480E+00
1.83 	 .6173173E+00
1.84 	 .7875566E+00
1.85 	 .8816045E+00
1.86 	 .8979193E+00
1.87 	 .8866738E+00
1.88 	 .8911702E+00
1.89 	 .8970780E+00
1.9 	 .8355212E+00
1.91 	 .6920544E+00
1.92 	 .5476547E+00
1.93 	 .4626610E+00
1.94 	 .4366122E+00
1.95 	 .4658182E+00
1.96 	 .5071494E+00
1.97 	 .5464388E+00
1.98 	 .5958425E+00
1.99 	 .5969498E+00
2.0 	 .5660763E+00
2.01 	 .5310653E+00
2.02 	 .4468868E+00
2.03 	 .2739528E+00
2.04 	 .9709982E-01
2.05 	 .9586154E-01
2.06 	 .2203627E+00
2.07 	 .2987361E+00
2.08 	 .2461138E+00
2.09 	 .5487334E-01
2.1 	 -.2605991E+00
2.11 	 -.5741111E+00
2.12 	 -.6696134E+00
2.13 	 -.5185363E+00
2.14 	 -.1976286E+00
2.15 	 .1539741E+00
2.16 	 .4195527E+00
2.17 	 .5623335E+00
2.18 	 .5560709E+00
2.19 	 .5010625E+00
2.2 	 .5138318E+00
2.21 	 .6142506E+00
2.22 	 .7659433E+00
2.23 	 .8493345E+00
2.24 	 .7694104E+00
2.25 	 .5687584E+00
2.26 	 .2743320E+00
2.27 	 -.1587473E+00
2.28 	 -.6134105E+00
2.29 	 -.8488496E+00
2.3 	 -.8083892E+00
2.31 	 -.5862349E+00
2.32 	 -.3628554E+00
2.33 	 -.2789740E+00
2.34 	 -.2236296E+00
2.35 	 -.8826845E-01
2.36 	 .1216204E+00
2.37 	 .3323486E+00
2.38 	 .4523791E+00
2.39 	 .4192809E+00
2.4 	 .2308911E+00
2.41 	 .6204653E-02
2.42 	 -.1455704E+00
2.43 	 -.1853834E+00
2.44 	 -.2022128E+00
2.45 	 -.3216479E+00
2.46 	 -.5187649E+00
2.47 	 -.7417959E+00
2.48 	 -.9518067E+00
2.49 	 -.1023777E+01
2.5 	 -.8630290E+00
2.51 	 -.5108673E+00
2.52 	 -.7426014E-01
2.53 	 .3291026E+00
2.54 	 .5763927E+00
2.55 	 .6131334E+00
2.56 	 .4733767E+00
2.57 	 .3011826E+00
2.58 	 .1837385E+00
2.59 	 .1044901E+00
2.6 	 .4200191E-01
2.61 	 -.8956406E-01
2.62 	 -.3076664E+00
2.63 	 -.5845450E+00
2.64 	 -.9465356E+00
2.65 	 -.1301949E+01
2.66 	 -.1571326E+01
2.67 	 -.1788298E+01
2.68 	 -.1890714E+01
2.69 	 -.1755692E+01
2.7 	 -.1326032E+01
2.71 	 -.7856013E+00
2.72 	 -.3349578E+00
2.73 	 .7467603E-01
2.74 	 .4862044E+00
2.75 	 .8274534E+00
2.76 	 .1008327E+01
2.77 	 .9967012E+00
2.78 	 .8018913E+00
2.79 	 .5458417E+00
2.8 	 .3678388E+00
2.81 	 .2906189E+00
2.82 	 .3207189E+00
2.83 	 .4251127E+00
2.84 	 .5149080E+00
2.85 	 .5337070E+00
2.86 	 .5401620E+00
2.87 	 .5965713E+00
2.88 	 .6670900E+00
2.89 	 .6668875E+00
2.9 	 .4980891E+00
2.91 	 .1134163E+00
2.92 	 -.3727248E+00
2.93 	 -.7300726E+00
2.94 	 -.8075077E+00
2.95 	 -.6179505E+00
2.96 	 -.3092696E+00
2.97 	 -.3206811E-01
2.98 	 .1355777E+00
2.99 	 .1512254E+00
3.0 	 .4374664E-01
3.01 	 -.6487223E-01
3.02 	 -.1953213E-01
3.03 	 .2036601E+00
3.04 	 .4663370E+00
3.05 	 .6940367E+00
3.06 	 .8380300E+00
3.07 	 .7894106E+00
3.08 	 .5056406E+00
3.09 	 .4870264E-01
3.1 	 -.3160766E+00
3.11 	 -.3214489E+00
3.12 	 .5630840E-01
3.13 	 .5698766E+00
3.14 	 .9142133E+00
3.15 	 .1043478E+01
3.16 	 .1026003E+01
3.17 	 .9843767E+00
3.18 	 .9778818E+00
3.19 	 .9223520E+00
3.2 	 .7339761E+00
3.21 	 .4719385E+00
3.22 	 .2702150E+00
3.23 	 .1669839E+00
3.24 	 .1030912E+00
3.25 	 .6142755E-02
3.26 	 -.1004535E+00
3.27 	 -.1963888E+00
3.28 	 -.3141017E+00
3.29 	 -.4362991E+00
3.3 	 -.5232275E+00
3.31 	 -.5599263E+00
3.32 	 -.5635630E+00
3.33 	 -.5798086E+00
3.34 	 -.5687920E+00
3.35 	 -.4907717E+00
3.36 	 -.4157106E+00
3.37 	 -.4482797E+00
3.38 	 -.5746267E+00
3.39 	 -.6413017E+00
3.4 	 -.4948611E+00
3.41 	 -.9352353E-01
3.42 	 .3891363E+00
3.43 	 .8071170E+00
3.44 	 .1104791E+01
3.45 	 .1159872E+01
3.46 	 .9655115E+00
3.47 	 .6379463E+00
3.48 	 .2824741E+00
3.49 	 -.5101495E-01
3.5 	 -.3184694E+00
3.51 	 -.4629997E+00
3.52 	 -.4039805E+00
3.53 	 -.1389794E+00
3.54 	 .1346622E+00
3.55 	 .2281041E+00
3.56 	 .1169412E+00
3.57 	 -.1595080E+00
3.58 	 -.5534543E+00
3.59 	 -.9003945E+00
3.6 	 -.1064882E+01
3.61 	 -.1061762E+01
3.62 	 -.9650011E+00
3.63 	 -.9271762E+00
3.64 	 -.1039384E+01
3.65 	 -.1186012E+01
3.66 	 -.1268033E+01
3.67 	 -.1236327E+01
3.68 	 -.1034794E+01
3.69 	 -.7229258E+00
3.7 	 -.4070501E+00
3.71 	 -.1722141E+00
3.72 	 -.7621505E-01
3.73 	 -.1718249E+00
3.74 	 -.4013044E+00
3.75 	 -.5852493E+00
3.76 	 -.5997457E+00
3.77 	 -.4954416E+00
3.78 	 -.3998267E+00
3.79 	 -.2605827E+00
3.8 	 .8454233E-01
3.81 	 .6821255E+00
3.82 	 .1284770E+01
3.83 	 .1590626E+01
3.84 	 .1546508E+01
3.85 	 .1232860E+01
3.86 	 .8617744E+00
3.87 	 .6310765E+00
3.88 	 .5978622E+00
3.89 	 .7678796E+00
3.9 	 .1037733E+01
3.91 	 .1288604E+01
3.92 	 .1457287E+01
3.93 	 .1503098E+01
3.94 	 .1460130E+01
3.95 	 .1306836E+01
3.96 	 .1023075E+01
3.97 	 .7350150E+00
3.98 	 .5403468E+00
3.99 	 .4578491E+00
4.0 	 .4361246E+00
4.01 	 .4192419E+00
4.02 	 .4047033E+00
4.03 	 .2731645E+00
4.04 	 -.4646383E-01
4.05 	 -.4011119E+00
4.06 	 -.6158290E+00
4.07 	 -.5901638E+00
4.08 	 -.2468358E+00
4.09 	 .3868356E+00
4.1 	 .1100897E+01
4.11 	 .1682205E+01
4.12 	 .1989459E+01
4.13 	 .1950194E+01
4.14 	 .1623011E+01
4.15 	 .1113903E+01
4.16 	 .5865785E+00
4.17 	 .1671150E+00
4.18 	 -.1202138E+00
4.19 	 -.2173450E+00
4.2 	 -.2341792E+00
4.21 	 -.3735470E+00
4.22 	 -.6472988E+00
4.23 	 -.9781550E+00
4.24 	 -.1291040E+01
4.25 	 -.1538536E+01
4.26 	 -.1708901E+01
4.27 	 -.1895437E+01
4.28 	 -.2142964E+01
4.29 	 -.2253911E+01
4.3 	 -.2109149E+01
4.31 	 -.1877794E+01
4.32 	 -.1686957E+01
4.33 	 -.1553666E+01
4.34 	 -.1522194E+01
4.35 	 -.1531614E+01
4.36 	 -.1456165E+01
4.37 	 -.1315025E+01
4.38 	 -.1293812E+01
4.39 	 -.1487884E+01
4.4 	 -.1854882E+01
4.41 	 -.2209095E+01
4.42 	 -.2332621E+01
4.43 	 -.2152062E+01
4.44 	 -.1792379E+01
4.45 	 -.1540741E+01
4.46 	 -.1506172E+01
4.47 	 -.1627694E+01
4.48 	 -.1805143E+01
4.49 	 -.1926257E+01
4.5 	 -.1853050E+01
4.51 	 -.1471520E+01
4.52 	 -.7666657E+00
4.53 	 .1222536E+00
4.54 	 .8842702E+00
4.55 	 .1309316E+01
4.56 	 .1373092E+01
4.57 	 .1201674E+01
4.58 	 .1040575E+01
4.59 	 .9723762E+00
4.6 	 .9488546E+00
4.61 	 .9971929E+00
4.62 	 .1114824E+01
4.63 	 .1245757E+01
4.64 	 .1307456E+01
4.65 	 .1293626E+01
4.66 	 .1319073E+01
4.67 	 .1400049E+01
4.68 	 .1371640E+01
4.69 	 .1140054E+01
4.7 	 .8419538E+00
4.71 	 .6244048E+00
4.72 	 .5133976E+00
4.73 	 .5152794E+00
4.74 	 .5691702E+00
4.75 	 .6696257E+00
4.76 	 .9344043E+00
4.77 	 .1281599E+01
4.78 	 .1494403E+01
4.79 	 .1533733E+01
4.8 	 .1530794E+01
4.81 	 .1626070E+01
4.82 	 .1842472E+01
4.83 	 .2072100E+01
4.84 	 .2272825E+01
4.85 	 .2509073E+01
4.86 	 .2801849E+01
4.87 	 .3014212E+01
4.88 	 .2926419E+01
4.89 	 .2455783E+01
4.9 	 .1676575E+01
4.91 	 .7819078E+00
4.92 	 -.4758688E-01
4.93 	 -.6846475E+00
4.94 	 -.1116660E+01
4.95 	 -.1525493E+01
4.96 	 -.2060202E+01
4.97 	 -.2743381E+01
4.98 	 -.3479635E+01
4.99 	 -.4112915E+01
5.0 	 -.4344867E+01
5.01 	 -.4000035E+01
5.02 	 -.3369029E+01
5.03 	 -.2785564E+01
5.04 	 -.2390516E+01
5.05 	 -.2213507E+01
5.06 	 -.2168022E+01
5.07 	 -.1974607E+01
5.08 	 -.1383050E+01
5.09 	 -.5408486E+00
5.1 	 .1246023E+00
5.11 	 .3278841E+00
5.12 	 .2669529E-01
5.13 	 -.6030984E+00
5.14 	 -.1213182E+01
5.15 	 -.1637158E+01
5.16 	 -.1907063E+01
5.17 	 -.2003373E+01
5.18 	 -.1895048E+01
5.19 	 -.1707890E+01
5.2 	 -.1589613E+01
5.21 	 -.1521362E+01
5.22 	 -.1452279E+01
5.23 	 -.1394967E+01
5.24 	 -.1328439E+01
5.25 	 -.1130377E+01
5.26 	 -.6590263E+00
5.27 	 -.4826806E-01
5.28 	 .4151820E+00
5.29 	 .6591052E+00
5.3 	 .8016744E+00
5.31 	 .9770867E+00
5.32 	 .1142662E+01
5.33 	 .1196182E+01
5.34 	 .1126138E+01
5.35 	 .9986292E+00
5.36 	 .8992843E+00
5.37 	 .9140621E+00
5.38 	 .1054061E+01
5.39 	 .1234942E+01
5.4 	 .1381911E+01
5.41 	 .1475880E+01
5.42 	 .1584672E+01
5.43 	 .1733544E+01
5.44 	 .1876679E+01
5.45 	 .1953820E+01
5.46 	 .1919806E+01
5.47 	 .1782824E+01
5.48 	 .1582480E+01
5.49 	 .1338598E+01
5.5 	 .1043255E+01
5.51 	 .8038933E+00
5.52 	 .7340939E+00
5.53 	 .7737548E+00
5.54 	 .8122848E+00
5.55 	 .7959694E+00
5.56 	 .7730623E+00
5.57 	 .8871834E+00
5.58 	 .1233627E+01
5.59 	 .1752181E+01
5.6 	 .2324699E+01
5.61 	 .2917585E+01
5.62 	 .3527827E+01
5.63 	 .3981437E+01
5.64 	 .4054970E+01
5.65 	 .3743096E+01
5.66 	 .3304349E+01
5.67 	 .3051063E+01
5.68 	 .3115992E+01
5.69 	 .3336863E+01
5.7 	 .3451878E+01
5.71 	 .3358142E+01
5.72 	 .3076241E+01
5.73 	 .2769594E+01
5.74 	 .2538059E+01
5.75 	 .2286201E+01
5.76 	 .1941690E+01
5.77 	 .1481262E+01
5.78 	 .8441201E+00
5.79 	 .4855979E-01
5.8 	 -.6814675E+00
5.81 	 -.1152120E+01
5.82 	 -.1378934E+01
5.83 	 -.1369110E+01
5.84 	 -.1235167E+01
5.85 	 -.1207459E+01
5.86 	 -.1359255E+01
5.87 	 -.1571496E+01
5.88 	 -.1677107E+01
5.89 	 -.1646910E+01
5.9 	 -.1521904E+01
5.91 	 -.1298846E+01
5.92 	 -.9237921E+00
5.93 	 -.4783127E+00
5.94 	 -.2304239E+00
5.95 	 -.3341048E+00
5.96 	 -.7736185E+00
5.97 	 -.1382249E+01
5.98 	 -.1879533E+01
5.99 	 -.2162594E+01
6.0 	 -.2322801E+01
6.01 	 -.2512953E+01
6.02 	 -.2818975E+01
6.03 	 -.3308622E+01
6.04 	 -.3860905E+01
6.05 	 -.4149807E+01
6.06 	 -.4049930E+01
6.07 	 -.3694621E+01
6.08 	 -.3330003E+01
6.09 	 -.3041345E+01
6.1 	 -.2755910E+01
6.11 	 -.2385793E+01
6.12 	 -.1984927E+01
6.13 	 -.1668394E+01
6.14 	 -.1456826E+01
6.15 	 -.1273317E+01
6.16 	 -.1010119E+01
6.17 	 -.5902654E+00
6.18 	 -.6921438E-01
6.19 	 .3094593E+00
6.2 	 .4408972E+00
6.21 	 .3426506E+00
6.22 	 .1104839E+00
6.23 	 -.1233443E+00
6.24 	 -.2757665E+00
6.25 	 -.2491658E+00
6.26 	 -.1221235E+00
6.27 	 -.6643077E-01
6.28 	 -.1426984E+00
6.29 	 -.2846644E+00
6.3 	 -.3321575E+00
6.31 	 -.1825898E+00
6.32 	 .1505075E+00
6.33 	 .5493826E+00
6.34 	 .8410770E+00
6.35 	 .9925512E+00
6.36 	 .1136712E+01
6.37 	 .1368187E+01
6.38 	 .1733730E+01
6.39 	 .2161386E+01
6.4 	 .2459111E+01
6.41 	 .2557902E+01
6.42 	 .2492072E+01
6.43 	 .2264084E+01
6.44 	 .1870586E+01
6.45 	 .1399021E+01
6.46 	 .9463490E+00
6.47 	 .4530671E+00
6.48 	 -.1215628E+00
6.49 	 -.6666165E+00
6.5 	 -.1109305E+01
6.51 	 -.1360988E+01
6.52 	 -.1365191E+01
6.53 	 -.1244033E+01
6.54 	 -.1116525E+01
6.55 	 -.1011376E+01
6.56 	 -.9344515E+00
6.57 	 -.8688070E+00
6.58 	 -.7932221E+00
6.59 	 -.7322409E+00
6.6 	 -.7271545E+00
6.61 	 -.7499881E+00
6.62 	 -.6497909E+00
6.63 	 -.3087347E+00
6.64 	 .1962573E+00
6.65 	 .6566939E+00
6.66 	 .9429782E+00
6.67 	 .1044829E+01
6.68 	 .9613148E+00
6.69 	 .7366532E+00
6.7 	 .4073906E+00
6.71 	 -.4515156E-01
6.72 	 -.6447360E+00
6.73 	 -.1385706E+01
6.74 	 -.2187055E+01
6.75 	 -.2815095E+01
6.76 	 -.3005823E+01
6.77 	 -.2708734E+01
6.78 	 -.2124528E+01
6.79 	 -.1558619E+01
6.8 	 -.1098344E+01
6.81 	 -.7010816E+00
6.82 	 -.3707099E+00
6.83 	 -.1161882E+00
6.84 	 .1660149E-01
6.85 	 .7261651E-02
6.86 	 -.1093645E+00
6.87 	 -.2994012E+00
6.88 	 -.5734274E+00
6.89 	 -.9854371E+00
6.9 	 -.1501273E+01
6.91 	 -.1898864E+01
6.92 	 -.2004935E+01
6.93 	 -.1789319E+01
6.94 	 -.1313377E+01
6.95 	 -.7784630E+00
6.96 	 -.4291273E+00
6.97 	 -.3333650E+00
6.98 	 -.4143422E+00
6.99 	 -.5956351E+00
7.0 	 -.8344388E+00
7.01 	 -.1015311E+01
7.02 	 -.9525931E+00
7.03 	 -.5737170E+00
7.04 	 -.8248457E-01
7.05 	 .2566969E+00
7.06 	 .4190095E+00
7.07 	 .3877405E+00
7.08 	 .1834749E+00
7.09 	 -.1166323E+00
7.1 	 -.4185176E+00
7.11 	 -.5887907E+00
7.12 	 -.5471062E+00
7.13 	 -.2536173E+00
7.14 	 .2461932E+00
7.15 	 .7876266E+00
7.16 	 .1288953E+01
7.17 	 .1800995E+01
7.18 	 .2231815E+01
7.19 	 .2491300E+01
7.2 	 .2648494E+01
7.21 	 .2805302E+01
7.22 	 .3029793E+01
7.23 	 .3383601E+01
7.24 	 .3844186E+01
7.25 	 .4281845E+01
7.26 	 .4533507E+01
7.27 	 .4489238E+01
7.28 	 .4171911E+01
7.29 	 .3675818E+01
7.3 	 .3118338E+01
7.31 	 .2591690E+01
7.32 	 .2138796E+01
7.33 	 .1757707E+01
7.34 	 .1436986E+01
7.35 	 .1189279E+01
7.36 	 .1046399E+01
7.37 	 .9802235E+00
7.38 	 .9321077E+00
7.39 	 .9019767E+00
7.4 	 .9190494E+00
7.41 	 .9442503E+00
7.42 	 .9038927E+00
7.43 	 .7721894E+00
7.44 	 .5712737E+00
7.45 	 .3487419E+00
7.46 	 .1792251E+00
7.47 	 .1033952E+00
7.48 	 .1253270E+00
7.49 	 .2576054E+00
7.5 	 .4679654E+00
7.51 	 .6711639E+00
7.52 	 .7860359E+00
7.53 	 .8295873E+00
7.54 	 .8380173E+00
7.55 	 .8093526E+00
7.56 	 .6996670E+00
7.57 	 .5083548E+00
7.58 	 .2902926E+00
7.59 	 .6846641E-01
7.6 	 -.9749644E-01
7.61 	 -.2260221E+00
7.62 	 -.4088552E+00
7.63 	 -.6527392E+00
7.64 	 -.9337956E+00
7.65 	 -.1195393E+01
7.66 	 -.1387094E+01
7.67 	 -.1517095E+01
7.68 	 -.1546474E+01
7.69 	 -.1491906E+01
7.7 	 -.1418069E+01
7.71 	 -.1349355E+01
7.72 	 -.1282986E+01
7.73 	 -.1224490E+01
7.74 	 -.1201684E+01
7.75 	 -.1140351E+01
7.76 	 -.9641046E+00
7.77 	 -.6613286E+00
7.78 	 -.2027229E+00
7.79 	 .2869120E+00
7.8 	 .6151215E+00
7.81 	 .8103171E+00
7.82 	 .9300337E+00
7.83 	 .1008126E+01
7.84 	 .1097862E+01
7.85 	 .1172536E+01
7.86 	 .1195316E+01
7.87 	 .1126985E+01
7.88 	 .8949818E+00
7.89 	 .4939737E+00
7.9 	 -.3597089E-01
7.91 	 -.6786223E+00
7.92 	 -.1360705E+01
7.93 	 -.1957592E+01
7.94 	 -.2402264E+01
7.95 	 -.2701413E+01
7.96 	 -.2889509E+01
7.97 	 -.3000586E+01
7.98 	 -.3066285E+01
7.99 	 -.3102133E+01
8.0 	 -.3080080E+01
8.01 	 -.2978351E+01
8.02 	 -.2747821E+01
8.03 	 -.2343342E+01
8.04 	 -.1783489E+01
8.05 	 -.1121870E+01
8.06 	 -.4558860E+00
8.07 	 .1625646E+00
8.08 	 .6744410E+00
8.09 	 .1009537E+01
8.1 	 .1150308E+01
8.11 	 .1173203E+01
8.12 	 .1264846E+01
8.13 	 .1512962E+01
8.14 	 .1852957E+01
8.15 	 .2165981E+01
8.16 	 .2352205E+01
8.17 	 .2353087E+01
8.18 	 .2196825E+01
8.19 	 .1974038E+01
8.2 	 .1758172E+01
8.21 	 .1601301E+01
8.22 	 .1513284E+01
8.23 	 .1441361E+01
8.24 	 .1332172E+01
8.25 	 .1173676E+01
8.26 	 .9743286E+00
8.27 	 .7794588E+00
8.28 	 .6247677E+00
8.29 	 .4773101E+00
8.3 	 .2862804E+00
8.31 	 .1933944E-01
8.32 	 -.3497221E+00
8.33 	 -.7933689E+00
8.34 	 -.1261942E+01
8.35 	 -.1746152E+01
8.36 	 -.2223799E+01
8.37 	 -.2654385E+01
8.38 	 -.2939121E+01
8.39 	 -.3016680E+01
8.4 	 -.2945923E+01
8.41 	 -.2776957E+01
8.42 	 -.2553785E+01
8.43 	 -.2303477E+01
8.44 	 -.1994562E+01
8.45 	 -.1560267E+01
8.46 	 -.1017928E+01
8.47 	 -.4382287E+00
8.48 	 .1245775E+00
8.49 	 .5771169E+00
8.5 	 .8952911E+00
8.51 	 .1144511E+01
8.52 	 .1327030E+01
8.53 	 .1370030E+01
8.54 	 .1213721E+01
8.55 	 .9003149E+00
8.56 	 .5294060E+00
8.57 	 .1531031E+00
8.58 	 -.2390495E+00
8.59 	 -.6777859E+00
8.6 	 -.1117949E+01
8.61 	 -.1527572E+01
8.62 	 -.1903712E+01
8.63 	 -.2238057E+01
8.64 	 -.2473661E+01
8.65 	 -.2571572E+01
8.66 	 -.2598785E+01
8.67 	 -.2581830E+01
8.68 	 -.2495178E+01
8.69 	 -.2365128E+01
8.7 	 -.2201285E+01
8.71 	 -.1981481E+01
8.72 	 -.1808330E+01
8.73 	 -.1744736E+01
8.74 	 -.1773575E+01
8.75 	 -.1887585E+01
8.76 	 -.2017355E+01
8.77 	 -.2112363E+01
8.78 	 -.2132809E+01
8.79 	 -.2050584E+01
8.8 	 -.1877424E+01
8.81 	 -.1566780E+01
8.82 	 -.1199397E+01
8.83 	 -.9137734E+00
8.84 	 -.6876844E+00
8.85 	 -.5330818E+00
8.86 	 -.4866063E+00
8.87 	 -.5528890E+00
8.88 	 -.7366179E+00
8.89 	 -.9707074E+00
8.9 	 -.1132327E+01
8.91 	 -.1124123E+01
8.92 	 -.9752581E+00
8.93 	 -.7405385E+00
8.94 	 -.4152072E+00
8.95 	 -.5551290E-01
8.96 	 .3089250E+00
8.97 	 .7162377E+00
8.98 	 .1164672E+01
8.99 	 .1594672E+01
9.0 	 .1943748E+01
9.01 	 .2200425E+01
9.02 	 .2373277E+01
9.03 	 .2490613E+01
9.04 	 .2616123E+01
9.05 	 .2783624E+01
9.06 	 .2980509E+01
9.07 	 .3206947E+01
9.08 	 .3403710E+01
9.09 	 .3464705E+01
9.1 	 .3401647E+01
9.11 	 .3267486E+01
9.12 	 .3110562E+01
9.13 	 .2978617E+01
9.14 	 .2827514E+01
9.15 	 .2636743E+01
9.16 	 .2424547E+01
9.17 	 .2165897E+01
9.18 	 .1852140E+01
9.19 	 .1511360E+01
9.2 	 .1217426E+01
9.21 	 .1018503E+01
9.22 	 .8692937E+00
9.23 	 .7374288E+00
9.24 	 .6290189E+00
9.25 	 .5209604E+00
9.26 	 .3909952E+00
9.27 	 .2408952E+00
9.28 	 .8265894E-01
9.29 	 -.2958789E-01
9.3 	 -.4929639E-01
9.31 	 -.4695673E-01
9.32 	 -.5262836E-01
9.33 	 -.6395883E-02
9.34 	 .8619675E-01
9.35 	 .1631974E+00
9.36 	 .1775957E+00
9.37 	 .1625347E+00
9.38 	 .1626059E+00
9.39 	 .2371256E+00
9.4 	 .4305646E+00
9.41 	 .6809911E+00
9.42 	 .8700752E+00
9.43 	 .8839927E+00
9.44 	 .7372118E+00
9.45 	 .5304723E+00
9.46 	 .2976612E+00
9.47 	 .2479650E-01
9.48 	 -.2373547E+00
9.49 	 -.4450138E+00
9.5 	 -.6111259E+00
9.51 	 -.6993771E+00
9.52 	 -.7094238E+00
9.53 	 -.7091565E+00
9.54 	 -.7501175E+00
9.55 	 -.8307466E+00
9.56 	 -.8949609E+00
9.57 	 -.8708725E+00
9.58 	 -.7414008E+00
9.59 	 -.5464950E+00
9.6 	 -.2962367E+00
9.61 	 .1752174E-02
9.62 	 .2831125E+00
9.63 	 .4879524E+00
9.64 	 .6053490E+00
9.65 	 .6409825E+00
9.66 	 .6068717E+00
9.67 	 .5792849E+00
9.68 	 .6424666E+00
9.69 	 .7843056E+00
9.7 	 .9699725E+00
9.71 	 .1174364E+01
9.72 	 .1330256E+01
9.73 	 .1419543E+01
9.74 	 .1479479E+01
9.75 	 .1482378E+01
9.76 	 .1417191E+01
9.77 	 .1305873E+01
9.78 	 .1180575E+01
9.79 	 .1099781E+01
9.8 	 .1050205E+01
9.81 	 .9919423E+00
9.82 	 .8739969E+00
9.83 	 .6808385E+00
9.84 	 .4943284E+00
9.85 	 .3546387E+00
9.86 	 .2399321E+00
9.87 	 .1546455E+00
9.88 	 .1558633E+00
9.89 	 .1936269E+00
9.9 	 .1915291E+00
9.91 	 .1567617E+00
9.92 	 .1318503E+00
9.93 	 .1543379E+00
9.94 	 .1736095E+00
9.95 	 .1954191E+00
9.96 	 .2442728E+00
9.97 	 .2764036E+00
9.98 	 .2980041E+00
9.99 	 .3127950E+00
10.0 	 .2878376E+00
10.01 	 .2842466E+00
10.02 	 .3550608E+00
10.03 	 .4840635E+00
10.04 	 .6338150E+00
10.05 	 .7378017E+00
10.06 	 .7647612E+00
10.07 	 .7431436E+00
10.08 	 .7216248E+00
10.09 	 .7249692E+00
10.1 	 .7618152E+00
10.11 	 .8199561E+00
10.12 	 .8391443E+00
10.13 	 .7735236E+00
10.14 	 .6521713E+00
10.15 	 .5134862E+00
10.16 	 .3504050E+00
10.17 	 .1345695E+00
10.18 	 -.1470290E+00
10.19 	 -.4790175E+00
10.2 	 -.8226229E+00
10.21 	 -.1150573E+01
10.22 	 -.1438672E+01
10.23 	 -.1685707E+01
10.24 	 -.1904976E+01
10.25 	 -.2067555E+01
10.26 	 -.2163074E+01
10.27 	 -.2194048E+01
10.28 	 -.2175328E+01
10.29 	 -.2142317E+01
10.3 	 -.2085894E+01
10.31 	 -.2004284E+01
10.32 	 -.1943416E+01
10.33 	 -.1923089E+01
10.34 	 -.1914778E+01
10.35 	 -.1881014E+01
10.36 	 -.1803484E+01
10.37 	 -.1707251E+01
10.38 	 -.1600050E+01
10.39 	 -.1492946E+01
10.4 	 -.1420294E+01
10.41 	 -.1396496E+01
10.42 	 -.1376069E+01
10.43 	 -.1325011E+01
10.44 	 -.1277971E+01
10.45 	 -.1208191E+01
10.46 	 -.1106904E+01
10.47 	 -.1025397E+01
10.48 	 -.9773336E+00
10.49 	 -.9183656E+00
10.5 	 -.8040745E+00
10.51 	 -.6320291E+00
10.52 	 -.4002623E+00
10.53 	 -.1426868E+00
10.54 	 .7306864E-01
10.55 	 .2050673E+00
10.56 	 .2622219E+00
10.57 	 .2495934E+00
10.58 	 .1587060E+00
10.59 	 .5052424E-01
10.6 	 -.2870698E-01
10.61 	 -.8374080E-01
10.62 	 -.1409353E+00
10.63 	 -.2165740E+00
10.64 	 -.2958899E+00
10.65 	 -.3986135E+00
10.66 	 -.5454979E+00
10.67 	 -.7198693E+00
10.68 	 -.8654359E+00
10.69 	 -.9355256E+00
10.7 	 -.9183482E+00
10.71 	 -.8064397E+00
10.72 	 -.6365589E+00
10.73 	 -.4642171E+00
10.74 	 -.2979565E+00
10.75 	 -.1704862E+00
10.76 	 -.1189193E+00
10.77 	 -.1113806E+00
10.78 	 -.1286508E+00
10.79 	 -.1418154E+00
10.8 	 -.1137701E+00
10.81 	 -.3637711E-01
10.82 	 .7741918E-01
10.83 	 .1956761E+00
10.84 	 .2891206E+00
10.85 	 .3510276E+00
10.86 	 .4107374E+00
10.87 	 .4692311E+00
10.88 	 .5064113E+00
10.89 	 .5188477E+00
10.9 	 .5272678E+00
10.91 	 .5412156E+00
10.92 	 .5945969E+00
10.93 	 .7087447E+00
10.94 	 .7877386E+00
10.95 	 .7534417E+00
10.96 	 .5950542E+00
10.97 	 .3795169E+00
10.98 	 .1719205E+00
10.99 	 -.2020554E-01
11.0 	 -.1847471E+00
11.01 	 -.3353473E+00
11.02 	 -.4628423E+00
11.03 	 -.5793671E+00
11.04 	 -.7108385E+00
11.05 	 -.8086977E+00
11.06 	 -.8050947E+00
11.07 	 -.6976243E+00
11.08 	 -.5680135E+00
11.09 	 -.4785026E+00
11.1 	 -.4044091E+00
11.11 	 -.2865459E+00
11.12 	 -.1262243E+00
11.13 	 .2634856E-01
11.14 	 .1465130E+00
11.15 	 .2215445E+00
11.16 	 .2570428E+00
11.17 	 .2697400E+00
11.18 	 .2898213E+00
11.19 	 .3161169E+00
11.2 	 .2887507E+00
11.21 	 .1926102E+00
11.22 	 .1116887E+00
11.23 	 .1095545E+00
11.24 	 .1545390E+00
11.25 	 .2299944E+00
11.26 	 .3009404E+00
11.27 	 .3264969E+00
11.28 	 .3125465E+00
11.29 	 .2728380E+00
11.3 	 .2465993E+00
11.31 	 .2494469E+00
11.32 	 .2608354E+00
11.33 	 .2969104E+00
11.34 	 .3718243E+00
11.35 	 .4552465E+00
11.36 	 .5770839E+00
11.37 	 .7444104E+00
11.38 	 .9137531E+00
11.39 	 .1077568E+01
11.4 	 .1207891E+01
11.41 	 .1268187E+01
11.42 	 .1249096E+01
11.43 	 .1136861E+01
11.44 	 .9363910E+00
11.45 	 .7042752E+00
11.46 	 .4743867E+00
11.47 	 .2497069E+00
11.48 	 .3818432E-01
11.49 	 -.1526216E+00
11.5 	 -.3256566E+00
11.51 	 -.4771690E+00
11.52 	 -.6025896E+00
11.53 	 -.7001789E+00
11.54 	 -.7701089E+00
11.55 	 -.8179164E+00
11.56 	 -.8502342E+00
11.57 	 -.8707482E+00
11.58 	 -.8930118E+00
11.59 	 -.9168831E+00
11.6 	 -.8744021E+00
11.61 	 -.7211695E+00
11.62 	 -.5162960E+00
11.63 	 -.3395576E+00
11.64 	 -.2249041E+00
11.65 	 -.1792279E+00
11.66 	 -.1952559E+00
11.67 	 -.2150516E+00
11.68 	 -.2087475E+00
11.69 	 -.2171494E+00
11.7 	 -.2604939E+00
11.71 	 -.3191203E+00
11.72 	 -.3386779E+00
11.73 	 -.3043940E+00
11.74 	 -.2068493E+00
11.75 	 -.6172634E-01
11.76 	 .6323595E-01
11.77 	 .1399904E+00
11.78 	 .1466138E+00
11.79 	 .9473167E-01
11.8 	 .1584606E-01
11.81 	 -.7613106E-01
11.82 	 -.1602571E+00
11.83 	 -.2056825E+00
11.84 	 -.2228031E+00
11.85 	 -.2235868E+00
11.86 	 -.1963991E+00
11.87 	 -.1326521E+00
11.88 	 -.1947168E-01
11.89 	 .9734140E-01
11.9 	 .2221155E+00
11.91 	 .3830169E+00
11.92 	 .5701637E+00
11.93 	 .8002585E+00
11.94 	 .1070396E+01
11.95 	 .1337038E+01
11.96 	 .1557809E+01
11.97 	 .1728557E+01
11.98 	 .1847483E+01
11.99 	 .1951397E+01
12.0 	 .2059828E+01
12.01 	 .2142159E+01
12.02 	 .2186506E+01
12.03 	 .2157543E+01
12.04 	 .2036383E+01
12.05 	 .1866953E+01
12.06 	 .1707801E+01
12.07 	 .1572889E+01
12.08 	 .1479978E+01
12.09 	 .1405866E+01
12.1 	 .1311160E+01
12.11 	 .1212390E+01
12.12 	 .1123059E+01
12.13 	 .1051945E+01
12.14 	 .9945226E+00
12.15 	 .9518155E+00
12.16 	 .9118401E+00
12.17 	 .8518293E+00
12.18 	 .7834356E+00
12.19 	 .7021712E+00
12.2 	 .5805401E+00
12.21 	 .4071175E+00
12.22 	 .1994885E+00
12.23 	 -.5591425E-02
12.24 	 -.2045522E+00
12.25 	 -.3984241E+00
12.26 	 -.5789932E+00
12.27 	 -.7305185E+00
12.28 	 -.8261612E+00
12.29 	 -.8451903E+00
12.3 	 -.8005509E+00
12.31 	 -.7415048E+00
12.32 	 -.7103830E+00
12.33 	 -.7245589E+00
12.34 	 -.8095908E+00
12.35 	 -.9540091E+00
12.36 	 -.1094145E+01
12.37 	 -.1192589E+01
12.38 	 -.1221392E+01
12.39 	 -.1200914E+01
12.4 	 -.1176624E+01
12.41 	 -.1153317E+01
12.42 	 -.1112933E+01
12.43 	 -.1042107E+01
12.44 	 -.9704995E+00
12.45 	 -.8971024E+00
12.46 	 -.8402451E+00
12.47 	 -.8210241E+00
12.48 	 -.7992787E+00
12.49 	 -.7712496E+00
12.5 	 -.7266470E+00
12.51 	 -.6786991E+00
12.52 	 -.6466061E+00
12.53 	 -.6182198E+00
12.54 	 -.5752070E+00
12.55 	 -.5073058E+00
12.56 	 -.4156999E+00
12.57 	 -.2902596E+00
12.58 	 -.1446446E+00
12.59 	 .2220903E-02
12.6 	 .1309643E+00
12.61 	 .2504965E+00
12.62 	 .3663637E+00
12.63 	 .4704156E+00
12.64 	 .5781524E+00
12.65 	 .7043705E+00
12.66 	 .8316300E+00
12.67 	 .9543339E+00
12.68 	 .1061975E+01
12.69 	 .1127812E+01
12.7 	 .1174837E+01
12.71 	 .1207970E+01
12.72 	 .1206977E+01
12.73 	 .1167235E+01
12.74 	 .1094520E+01
12.75 	 .9834768E+00
12.76 	 .8506666E+00
12.77 	 .7310131E+00
12.78 	 .6170134E+00
12.79 	 .4951238E+00
12.8 	 .3576733E+00
12.81 	 .1731697E+00
12.82 	 -.6020947E-01
12.83 	 -.2983144E+00
12.84 	 -.4941800E+00
12.85 	 -.6489632E+00
12.86 	 -.7708884E+00
12.87 	 -.8437915E+00
12.88 	 -.8999415E+00
12.89 	 -.9439241E+00
12.9 	 -.9712932E+00
12.91 	 -.1017071E+01
12.92 	 -.1058106E+01
12.93 	 -.1106446E+01
12.94 	 -.1163503E+01
12.95 	 -.1193185E+01
12.96 	 -.1180682E+01
12.97 	 -.1140380E+01
12.98 	 -.1136327E+01
12.99 	 -.1173348E+01
13.0 	 -.1243485E+01
13.01 	 -.1324987E+01
13.02 	 -.1394164E+01
13.03 	 -.1439867E+01
13.04 	 -.1430755E+01
13.05 	 -.1337962E+01
13.06 	 -.1178509E+01
13.07 	 -.1009951E+01
13.08 	 -.8465931E+00
13.09 	 -.6786335E+00
13.1 	 -.5117972E+00
13.11 	 -.3736925E+00
13.12 	 -.2481803E+00
13.13 	 -.1185799E+00
13.14 	 .1249838E-01
13.15 	 .1441700E+00
13.16 	 .2753183E+00
13.17 	 .4208806E+00
13.18 	 .5619809E+00
13.19 	 .6930090E+00
13.2 	 .7986926E+00
13.21 	 .8674139E+00
13.22 	 .9201986E+00
13.23 	 .9335427E+00
13.24 	 .9080030E+00
13.25 	 .8448970E+00
13.26 	 .7362032E+00
13.27 	 .6145368E+00
13.28 	 .5110554E+00
13.29 	 .4383276E+00
13.3 	 .3895519E+00
13.31 	 .3616858E+00
13.32 	 .3249367E+00
13.33 	 .2788456E+00
13.34 	 .2288836E+00
13.35 	 .1583506E+00
13.36 	 .7854713E-01
13.37 	 -.1790851E-02
13.38 	 -.9669108E-01
13.39 	 -.1985407E+00
13.4 	 -.2688226E+00
13.41 	 -.3189772E+00
13.42 	 -.3880004E+00
13.43 	 -.4836364E+00
13.44 	 -.5912187E+00
13.45 	 -.6789575E+00
13.46 	 -.7079834E+00
13.47 	 -.6763845E+00
13.48 	 -.5958655E+00
13.49 	 -.4949982E+00
13.5 	 -.3968620E+00
13.51 	 -.3172565E+00
13.52 	 -.2479123E+00
13.53 	 -.1742145E+00
13.54 	 -.1309706E+00
13.55 	 -.8771817E-01
13.56 	 -.4673249E-01
13.57 	 -.8465790E-02
13.58 	 .6098739E-01
13.59 	 .1314185E+00
13.6 	 .2100597E+00
13.61 	 .2792494E+00
13.62 	 .3414984E+00
13.63 	 .4206281E+00
13.64 	 .4901918E+00
13.65 	 .5343157E+00
13.66 	 .5768401E+00
13.67 	 .6309629E+00
13.68 	 .6620949E+00
13.69 	 .6460905E+00
13.7 	 .6358567E+00
13.71 	 .6810112E+00
13.72 	 .7677722E+00
13.73 	 .8847641E+00
13.74 	 .1010184E+01
13.75 	 .1125221E+01
13.76 	 .1205956E+01
13.77 	 .1267080E+01
13.78 	 .1329550E+01
13.79 	 .1405345E+01
13.8 	 .1458727E+01
13.81 	 .1461419E+01
13.82 	 .1440759E+01
13.83 	 .1364453E+01
13.84 	 .1257962E+01
13.85 	 .1177635E+01
13.86 	 .1106348E+01
13.87 	 .1013795E+01
13.88 	 .8931024E+00
13.89 	 .7498938E+00
13.9 	 .5692192E+00
13.91 	 .3697591E+00
13.92 	 .1748428E+00
13.93 	 -.8382766E-02
13.94 	 -.1587765E+00
13.95 	 -.3062244E+00
13.96 	 -.4550370E+00
13.97 	 -.6055325E+00
13.98 	 -.7494139E+00
13.99 	 -.8478104E+00
14.0 	 -.9185703E+00
14.01 	 -.9601975E+00
14.02 	 -.9598852E+00
14.03 	 -.9673184E+00
14.04 	 -.9810296E+00
14.05 	 -.9889297E+00
14.06 	 -.9883145E+00
14.07 	 -.9833112E+00
14.08 	 -.1001205E+01
14.09 	 -.1037102E+01
14.1 	 -.1109011E+01
14.11 	 -.1193151E+01
14.12 	 -.1273707E+01
14.13 	 -.1360729E+01
14.14 	 -.1436509E+01
14.15 	 -.1470834E+01
14.16 	 -.1446186E+01
14.17 	 -.1378807E+01
14.18 	 -.1285147E+01
14.19 	 -.1176276E+01
14.2 	 -.1053004E+01
14.21 	 -.9179305E+00
14.22 	 -.7654892E+00
14.23 	 -.6039003E+00
14.24 	 -.4811611E+00
14.25 	 -.4198876E+00
14.26 	 -.3764346E+00
14.27 	 -.3172184E+00
14.28 	 -.2567328E+00
14.29 	 -.1936024E+00
14.3 	 -.1508465E+00
14.31 	 -.1433648E+00
14.32 	 -.1373208E+00
14.33 	 -.1246126E+00
14.34 	 -.1269271E+00
14.35 	 -.1459989E+00
14.36 	 -.1631375E+00
14.37 	 -.1649596E+00
14.38 	 -.1260675E+00
14.39 	 -.3656816E-01
14.4 	 .7602333E-01
14.41 	 .1645281E+00
14.42 	 .2278455E+00
14.43 	 .2886536E+00
14.44 	 .3549564E+00
14.45 	 .4319619E+00
14.46 	 .5283441E+00
14.47 	 .6327808E+00
14.48 	 .6924373E+00
14.49 	 .7120759E+00
14.5 	 .7296701E+00
14.51 	 .7342520E+00
14.52 	 .6991410E+00
14.53 	 .6274832E+00
14.54 	 .5492905E+00
14.55 	 .4749316E+00
14.56 	 .4150354E+00
14.57 	 .3919916E+00
14.58 	 .3719792E+00
14.59 	 .3026874E+00
14.6 	 .2142558E+00
14.61 	 .1254700E+00
14.62 	 .2132330E-01
14.63 	 -.6099770E-01
14.64 	 -.1038629E+00
14.65 	 -.1420531E+00
14.66 	 -.1666578E+00
14.67 	 -.1628915E+00
14.68 	 -.1663371E+00
14.69 	 -.1879068E+00
14.7 	 -.2285232E+00
14.71 	 -.2834187E+00
14.72 	 -.3442787E+00
14.73 	 -.3852802E+00
14.74 	 -.3717141E+00
14.75 	 -.3312682E+00
14.76 	 -.2961666E+00
14.77 	 -.2503020E+00
14.78 	 -.2017194E+00
14.79 	 -.1495730E+00
14.8 	 -.1101814E+00
14.81 	 -.1293668E+00
14.82 	 -.1768771E+00
14.83 	 -.2303786E+00
14.84 	 -.2763948E+00
14.85 	 -.2957067E+00
14.86 	 -.2962298E+00
14.87 	 -.2796960E+00
14.88 	 -.2357667E+00
14.89 	 -.1630811E+00
14.9 	 -.8028567E-01
14.91 	 -.7235555E-05
14.92 	 .8232331E-01
14.93 	 .1944556E+00
14.94 	 .3065005E+00
14.95 	 .3742455E+00
14.96 	 .4350060E+00
14.97 	 .5013706E+00
14.98 	 .5427541E+00
14.99 	 .5640595E+00
15.0 	 .5625639E+00
15.01 	 .5510950E+00
15.02 	 .5598340E+00
15.03 	 .5665534E+00
15.04 	 .5589893E+00
15.05 	 .5338418E+00
15.06 	 .4813362E+00
15.07 	 .4379171E+00
15.08 	 .4377251E+00
15.09 	 .4478947E+00
15.1 	 .4649031E+00
15.11 	 .4955668E+00
15.12 	 .5281099E+00
15.13 	 .5405802E+00
15.14 	 .5465520E+00
15.15 	 .5684174E+00
15.16 	 .5842904E+00
15.17 	 .5909018E+00
15.18 	 .5682531E+00
15.19 	 .5278209E+00
15.2 	 .4834801E+00
15.21 	 .4287291E+00
15.22 	 .3545587E+00
15.23 	 .2765912E+00
15.24 	 .2022382E+00
15.25 	 .1424873E+00
15.26 	 .1043956E+00
15.27 	 .4983479E-01
15.28 	 .1179782E-01
15.29 	 -.1979739E-01
15.3 	 -.6109724E-01
15.31 	 -.9718282E-01
15.32 	 -.1415051E+00
15.33 	 -.1819528E+00
15.34 	 -.1967216E+00
15.35 	 -.2057678E+00
15.36 	 -.2541098E+00
15.37 	 -.3065902E+00
15.38 	 -.3497271E+00
15.39 	 -.3871972E+00
15.4 	 -.3984115E+00
15.41 	 -.3857344E+00
15.42 	 -.3740338E+00
15.43 	 -.3791057E+00
15.44 	 -.3998266E+00
15.45 	 -.4495987E+00
15.46 	 -.5103599E+00
15.47 	 -.5367209E+00
15.48 	 -.5273865E+00
15.49 	 -.4845623E+00
15.5 	 -.4122169E+00
15.51 	 -.3279818E+00
15.52 	 -.2289107E+00
15.53 	 -.1301762E+00
15.54 	 -.2579202E-01
15.55 	 .1031227E+00
15.56 	 .2459896E+00
15.57 	 .3899052E+00
15.58 	 .5425054E+00
15.59 	 .6795380E+00
15.6 	 .7896778E+00
15.61 	 .8674407E+00
15.62 	 .9165427E+00
15.63 	 .9618986E+00
15.64 	 .9799517E+00
15.65 	 .9678871E+00
15.66 	 .9272614E+00
15.67 	 .8623702E+00
15.68 	 .7859023E+00
15.69 	 .7000123E+00
15.7 	 .6037802E+00
15.71 	 .5295465E+00
15.72 	 .4816270E+00
15.73 	 .4153333E+00
15.74 	 .3546302E+00
15.75 	 .3140848E+00
15.76 	 .2785470E+00
15.77 	 .2383769E+00
15.78 	 .1957619E+00
15.79 	 .1601833E+00
15.8 	 .1180769E+00
15.81 	 .6326810E-01
15.82 	 -.1448838E-01
15.83 	 -.1212669E+00
15.84 	 -.2427789E+00
15.85 	 -.3476039E+00
15.86 	 -.4376167E+00
15.87 	 -.5318679E+00
15.88 	 -.6027842E+00
15.89 	 -.6320864E+00
15.9 	 -.6411415E+00
15.91 	 -.6436827E+00
15.92 	 -.6323154E+00
15.93 	 -.6158109E+00
15.94 	 -.6099356E+00
15.95 	 -.6075748E+00
15.96 	 -.6062012E+00
15.97 	 -.5973973E+00
15.98 	 -.5863815E+00
15.99 	 -.5951440E+00
16.0 	 -.5866199E+00
16.01 	 -.5365242E+00
16.02 	 -.4635811E+00
16.03 	 -.3892046E+00
16.04 	 -.3285058E+00
16.05 	 -.2835693E+00
16.06 	 -.2483109E+00
16.07 	 -.2459192E+00
16.08 	 -.2617799E+00
16.09 	 -.2533068E+00
16.1 	 -.2424642E+00
16.11 	 -.2493878E+00
16.12 	 -.2789874E+00
16.13 	 -.3211992E+00
16.14 	 -.3536550E+00
16.15 	 -.3569110E+00
16.16 	 -.3506635E+00
16.17 	 -.3374240E+00
16.18 	 -.2933902E+00
16.19 	 -.2268373E+00
16.2 	 -.1668039E+00
16.21 	 -.1324844E+00
16.22 	 -.1006379E+00
16.23 	 -.7309777E-01
16.24 	 -.7683867E-01
16.25 	 -.6306661E-01
16.26 	 -.2181784E-01
16.27 	 -.1129662E-01
16.28 	 -.2947581E-02
16.29 	 .1660952E-01
16.3 	 .2443630E-01
16.31 	 .2889009E-01
16.32 	 .6010182E-01
16.33 	 .1019605E+00
16.34 	 .1562952E+00
16.35 	 .2497152E+00
16.36 	 .3333440E+00
16.37 	 .3866915E+00
16.38 	 .4315587E+00
16.39 	 .4615424E+00
16.4 	 .4452900E+00
16.41 	 .4216810E+00
16.42 	 .4202428E+00
16.43 	 .4245528E+00
16.44 	 .4307657E+00
16.45 	 .4295630E+00
16.46 	 .4132282E+00
16.47 	 .3783216E+00
16.48 	 .3140187E+00
16.49 	 .2134165E+00
16.5 	 .1209192E+00
16.51 	 .6344842E-01
16.52 	 .1677595E-01
16.53 	 -.1450131E-01
16.54 	 -.3293614E-01
16.55 	 -.6192380E-01
16.56 	 -.9750513E-01
16.57 	 -.1159806E+00
16.58 	 -.8176614E-01
16.59 	 -.5164819E-02
16.6 	 .8791420E-01
16.61 	 .2019127E+00
16.62 	 .3114387E+00
16.63 	 .3861644E+00
16.64 	 .4271538E+00
16.65 	 .4366260E+00
16.66 	 .4175481E+00
16.67 	 .3780261E+00
16.68 	 .3343309E+00
16.69 	 .3054817E+00
16.7 	 .3087761E+00
16.71 	 .3587332E+00
16.72 	 .4016444E+00
16.73 	 .3957072E+00
16.74 	 .3813532E+00
16.75 	 .3220981E+00
16.76 	 .2124168E+00
16.77 	 .7459746E-01
16.78 	 -.8450465E-01
16.79 	 -.2020923E+00
16.8 	 -.2728341E+00
16.81 	 -.3267301E+00
16.82 	 -.3740502E+00
16.83 	 -.4056452E+00
16.84 	 -.4486367E+00
16.85 	 -.5024869E+00
16.86 	 -.5530226E+00
16.87 	 -.6242869E+00
16.88 	 -.6946463E+00
16.89 	 -.7345620E+00
16.9 	 -.7560479E+00
16.91 	 -.7760131E+00
16.92 	 -.7765861E+00
16.93 	 -.7616551E+00
16.94 	 -.7350877E+00
16.95 	 -.6920622E+00
16.96 	 -.6543406E+00
16.97 	 -.6399759E+00
16.98 	 -.6399063E+00
16.99 	 -.6448321E+00
17.0 	 -.6667653E+00
17.01 	 -.6920916E+00
17.02 	 -.7188599E+00
17.03 	 -.7485007E+00
17.04 	 -.7709348E+00
17.05 	 -.7870062E+00
17.06 	 -.8074022E+00
17.07 	 -.8556373E+00
17.08 	 -.8814646E+00
17.09 	 -.8531909E+00
17.1 	 -.8201213E+00
17.11 	 -.7870213E+00
17.12 	 -.7442927E+00
17.13 	 -.6940814E+00
17.14 	 -.6384884E+00
17.15 	 -.6117011E+00
17.16 	 -.5973952E+00
17.17 	 -.5701106E+00
17.18 	 -.5395178E+00
17.19 	 -.4698432E+00
17.2 	 -.3719015E+00
17.21 	 -.2851638E+00
17.22 	 -.2017003E+00
17.23 	 -.9920472E-01
17.24 	 .2029714E-01
17.25 	 .1555086E+00
17.26 	 .2857563E+00
17.27 	 .3914855E+00
17.28 	 .4484324E+00
17.29 	 .4439432E+00
17.3 	 .4262889E+00
17.31 	 .4157563E+00
17.32 	 .4365073E+00
17.33 	 .4681839E+00
17.34 	 .4818182E+00
17.35 	 .5100034E+00
17.36 	 .5423022E+00
17.37 	 .5543113E+00
17.38 	 .5525988E+00
17.39 	 .5285264E+00
17.4 	 .4663663E+00
17.41 	 .3983393E+00
17.42 	 .3488933E+00
17.43 	 .2854993E+00
17.44 	 .1843969E+00
17.45 	 .6519064E-01
17.46 	 -.3331063E-01
17.47 	 -.9525492E-01
17.48 	 -.1308125E+00
17.49 	 -.1386366E+00
17.5 	 -.1059293E+00
17.51 	 -.3991669E-01
17.52 	 .2790726E-01
17.53 	 .9662029E-01
17.54 	 .1967692E+00
17.55 	 .3101721E+00
17.56 	 .4066492E+00
17.57 	 .4931891E+00
17.58 	 .5941949E+00
17.59 	 .6965670E+00
17.6 	 .7739329E+00
17.61 	 .8282297E+00
17.62 	 .8325094E+00
17.63 	 .8148036E+00
17.64 	 .8173962E+00
17.65 	 .8130131E+00
17.66 	 .7911000E+00
17.67 	 .7764628E+00
17.68 	 .7585700E+00
17.69 	 .7277765E+00
17.7 	 .6879217E+00
17.71 	 .6217932E+00
17.72 	 .5517442E+00
17.73 	 .4938988E+00
17.74 	 .4359347E+00
17.75 	 .4018672E+00
17.76 	 .4110309E+00
17.77 	 .4473278E+00
17.78 	 .4899388E+00
17.79 	 .5182297E+00
17.8 	 .5582344E+00
17.81 	 .5997442E+00
17.82 	 .6328295E+00
17.83 	 .6828213E+00
17.84 	 .7250334E+00
17.85 	 .7426729E+00
17.86 	 .7388643E+00
17.87 	 .6904914E+00
17.88 	 .5813679E+00
17.89 	 .4558412E+00
17.9 	 .3541053E+00
17.91 	 .2607035E+00
17.92 	 .1493183E+00
17.93 	 .3879207E-01
17.94 	 -.6263703E-01
17.95 	 -.1757531E+00
17.96 	 -.2911378E+00
17.97 	 -.3974037E+00
17.98 	 -.4910469E+00
17.99 	 -.5718057E+00
18.0 	 -.6556858E+00
18.01 	 -.7289991E+00
18.02 	 -.7712349E+00
18.03 	 -.8087505E+00
18.04 	 -.8312994E+00
18.05 	 -.8081537E+00
18.06 	 -.7734955E+00
18.07 	 -.7394677E+00
18.08 	 -.6972471E+00
18.09 	 -.6697274E+00
18.1 	 -.6465839E+00
18.11 	 -.6026567E+00
18.12 	 -.5455096E+00
18.13 	 -.4841123E+00
18.14 	 -.4104863E+00
18.15 	 -.3178451E+00
18.16 	 -.2142316E+00
18.17 	 -.1215349E+00
18.18 	 -.4879896E-01
18.19 	 .2775259E-01
18.2 	 .1033950E+00
18.21 	 .1717102E+00
18.22 	 .2335398E+00
18.23 	 .2801387E+00
18.24 	 .3215749E+00
18.25 	 .3552377E+00
18.26 	 .3887908E+00
18.27 	 .4209607E+00
18.28 	 .4505156E+00
18.29 	 .4829259E+00
18.3 	 .5106633E+00
18.31 	 .5376022E+00
18.32 	 .5692701E+00
18.33 	 .5946733E+00
18.34 	 .6215760E+00
18.35 	 .6727218E+00
18.36 	 .7179723E+00
18.37 	 .7390209E+00
18.38 	 .7453628E+00
18.39 	 .7385329E+00
18.4 	 .7217806E+00
18.41 	 .6942157E+00
18.42 	 .6874179E+00
18.43 	 .6772994E+00
18.44 	 .6145207E+00
18.45 	 .5302389E+00
18.46 	 .4482665E+00
18.47 	 .3740858E+00
18.48 	 .2817610E+00
18.49 	 .1398968E+00
18.5 	 -.2255258E-01
18.51 	 -.1664537E+00
18.52 	 -.3028552E+00
18.53 	 -.4349667E+00
18.54 	 -.5526828E+00
18.55 	 -.6770255E+00
18.56 	 -.7921887E+00
18.57 	 -.8970360E+00
18.58 	 -.9997753E+00
18.59 	 -.1073874E+01
18.6 	 -.1113940E+01
18.61 	 -.1150999E+01
18.62 	 -.1187433E+01
18.63 	 -.1190171E+01
18.64 	 -.1167876E+01
18.65 	 -.1134465E+01
18.66 	 -.1081217E+01
18.67 	 -.1018048E+01
18.68 	 -.9409962E+00
18.69 	 -.8430633E+00
18.7 	 -.7484486E+00
18.71 	 -.6511205E+00
18.72 	 -.5380176E+00
18.73 	 -.4390040E+00
18.74 	 -.3692254E+00
18.75 	 -.3166380E+00
18.76 	 -.2707837E+00
18.77 	 -.2202848E+00
18.78 	 -.1546084E+00
18.79 	 -.8180995E-01
18.8 	 -.7449920E-02
18.81 	 .9230554E-01
18.82 	 .2122601E+00
18.83 	 .3281520E+00
18.84 	 .4288467E+00
18.85 	 .5194816E+00
18.86 	 .5900557E+00
18.87 	 .6284318E+00
18.88 	 .6479339E+00
18.89 	 .6506332E+00
18.9 	 .6395798E+00
18.91 	 .6181513E+00
18.92 	 .6052211E+00
18.93 	 .6349410E+00
18.94 	 .6678654E+00
18.95 	 .6853146E+00
18.96 	 .6985685E+00
18.97 	 .6949915E+00
18.98 	 .6798008E+00
18.99 	 .6317750E+00
19.0 	 .5768213E+00
19.01 	 .5364127E+00
19.02 	 .5065482E+00
19.03 	 .4886665E+00
19.04 	 .4614671E+00
19.05 	 .4244170E+00
19.06 	 .3860918E+00
19.07 	 .3330069E+00
19.08 	 .2724398E+00
19.09 	 .2001438E+00
19.1 	 .1275434E+00
19.11 	 .9127307E-01
19.12 	 .6448372E-01
19.13 	 .2971432E-01
19.14 	 -.3648607E-01
19.15 	 -.1185699E+00
19.16 	 -.1729974E+00
19.17 	 -.2280530E+00
19.18 	 -.2752646E+00
19.19 	 -.2926405E+00
19.2 	 -.3128376E+00
19.21 	 -.3390962E+00
19.22 	 -.3524506E+00
19.23 	 -.3646894E+00
19.24 	 -.3715936E+00
19.25 	 -.3715659E+00
19.26 	 -.3849657E+00
19.27 	 -.4033141E+00
19.28 	 -.4034343E+00
19.29 	 -.3857464E+00
19.3 	 -.3611198E+00
19.31 	 -.3339675E+00
19.32 	 -.2997663E+00
19.33 	 -.2604264E+00
19.34 	 -.2166985E+00
19.35 	 -.1803102E+00
19.36 	 -.1518304E+00
19.37 	 -.1169310E+00
19.38 	 -.9559816E-01
19.39 	 -.8187784E-01
19.4 	 -.7460984E-01
19.41 	 -.6885477E-01
19.42 	 -.6635545E-01
19.43 	 -.7882393E-01
19.44 	 -.9057575E-01
19.45 	 -.1011508E+00
19.46 	 -.1148758E+00
19.47 	 -.1315259E+00
19.48 	 -.1433269E+00
19.49 	 -.1425267E+00
19.5 	 -.1403383E+00
19.51 	 -.1311160E+00
19.52 	 -.1056962E+00
19.53 	 -.7897443E-01
19.54 	 -.5702649E-01
19.55 	 -.4807017E-01
19.56 	 -.4148896E-01
19.57 	 -.4092702E-01
19.58 	 -.4479395E-01
19.59 	 -.4221584E-01
19.6 	 -.5600450E-01
19.61 	 -.7158782E-01
19.62 	 -.7953472E-01
19.63 	 -.9375093E-01
19.64 	 -.1099944E+00
19.65 	 -.1188020E+00
19.66 	 -.1321293E+00
19.67 	 -.2006205E+00
19.68 	 -.2881573E+00
19.69 	 -.3383320E+00
19.7 	 -.3635856E+00
19.71 	 -.3625664E+00
19.72 	 -.3551781E+00
19.73 	 -.3590871E+00
19.74 	 -.3846541E+00
19.75 	 -.4105646E+00
19.76 	 -.4137579E+00
19.77 	 -.4240033E+00
19.78 	 -.4179732E+00
19.79 	 -.3790137E+00
19.8 	 -.3437902E+00
19.81 	 -.3037085E+00
19.82 	 -.2658538E+00
19.83 	 -.2424415E+00
19.84 	 -.2433703E+00
19.85 	 -.2670958E+00
19.86 	 -.2763427E+00
19.87 	 -.2734164E+00
19.88 	 -.2667838E+00
19.89 	 -.2546496E+00
19.9 	 -.2128788E+00
19.91 	 -.1566945E+00
19.92 	 -.1193794E+00
19.93 	 -.9384044E-01
19.94 	 -.5175597E-01
19.95 	 .1393259E-01
19.96 	 .6669115E-01
19.97 	 .1090147E+00
19.98 	 .1478899E+00
19.99 	 .1634555E+00
20.0 	 .1810082E+00
20.01 	 .1973944E+00
20.02 	 .1835673E+00
20.03 	 .1604237E+00
20.04 	 .1266067E+00
20.05 	 .9207736E-01
20.06 	 .7355555E-01
20.07 	 .7800023E-01
20.08 	 .9849098E-01
20.09 	 .1140983E+00
20.1 	 .1192639E+00
20.11 	 .1111307E+00
20.12 	 .8815866E-01
20.13 	 .7095996E-01
20.14 	 .6508719E-01
20.15 	 .4715112E-01
20.16 	 .2543520E-01
20.17 	 .1224424E-01
20.18 	 .3199908E-02
20.19 	 -.3842945E-02
20.2 	 -.1690384E-02
20.21 	 -.5262480E-02
20.22 	 -.6227241E-02
20.23 	 .1733704E-02
20.24 	 .1842112E-01
20.25 	 .3613707E-01
20.26 	 .3848759E-01
20.27 	 .5558196E-01
20.28 	 .8339292E-01
20.29 	 .1093946E+00
20.3 	 .1391053E+00
20.31 	 .1633276E+00
20.32 	 .1721121E+00
20.33 	 .1816092E+00
20.34 	 .1958310E+00
20.35 	 .2067223E+00
20.36 	 .2122402E+00
20.37 	 .2145996E+00
20.38 	 .2284952E+00
20.39 	 .2281407E+00
20.4 	 .2071467E+00
20.41 	 .1978634E+00
20.42 	 .2058244E+00
20.43 	 .2194997E+00
20.44 	 .2342699E+00
20.45 	 .2542610E+00
20.46 	 .2847738E+00
20.47 	 .3274035E+00
20.48 	 .3589422E+00
20.49 	 .3635346E+00
20.5 	 .3489212E+00
20.51 	 .3310547E+00
20.52 	 .3238148E+00
20.53 	 .3262290E+00
20.54 	 .3317011E+00
20.55 	 .3239330E+00
20.56 	 .3122439E+00
20.57 	 .2941346E+00
20.58 	 .2606783E+00
20.59 	 .2346593E+00
20.6 	 .2043038E+00
20.61 	 .1681536E+00
20.62 	 .1365763E+00
20.63 	 .1016143E+00
20.64 	 .7208576E-01
20.65 	 .3738342E-01
20.66 	 -.1258744E-01
20.67 	 -.4921368E-01
20.68 	 -.6539651E-01
20.69 	 -.8089871E-01
20.7 	 -.7985478E-01
20.71 	 -.7226291E-01
20.72 	 -.7706431E-01
20.73 	 -.7554631E-01
20.74 	 -.6223199E-01
20.75 	 -.4675003E-01
20.76 	 -.4413263E-01
20.77 	 -.5829354E-01
20.78 	 -.7332671E-01
20.79 	 -.9664173E-01
20.8 	 -.1276223E+00
20.81 	 -.1384144E+00
20.82 	 -.1345169E+00
20.83 	 -.1269540E+00
20.84 	 -.1287504E+00
20.85 	 -.1256074E+00
20.86 	 -.1223563E+00
20.87 	 -.1223911E+00
20.88 	 -.1045785E+00
20.89 	 -.8353329E-01
20.9 	 -.6525944E-01
20.91 	 -.5093551E-01
20.92 	 -.3449999E-01
20.93 	 .3970452E-02
20.94 	 .4873081E-01
20.95 	 .7020596E-01
20.96 	 .9262465E-01
20.97 	 .1271791E+00
20.98 	 .1539825E+00
20.99 	 .1570841E+00
21.0 	 .1188773E+00
21.01 	 .5768712E-01
21.02 	 .1897052E-01
21.03 	 .7552223E-02
21.04 	 .4316322E-02
21.05 	 .1734151E-01
21.06 	 .4279424E-01
21.07 	 .6199475E-01
21.08 	 .9554640E-01
21.09 	 .1498683E+00
21.1 	 .1969229E+00
21.11 	 .2173605E+00
21.12 	 .2113825E+00
21.13 	 .2038853E+00
21.14 	 .1999773E+00
21.15 	 .1826048E+00
21.16 	 .1594905E+00
21.17 	 .1209772E+00
21.18 	 .5539604E-01
21.19 	 -.1350630E-01
21.2 	 -.9368945E-01
21.21 	 -.1766214E+00
21.22 	 -.2423331E+00
21.23 	 -.2896876E+00
21.24 	 -.3088858E+00
21.25 	 -.3071906E+00
21.26 	 -.2829386E+00
21.27 	 -.2497585E+00
21.28 	 -.2167904E+00
21.29 	 -.1860168E+00
21.3 	 -.1629824E+00
21.31 	 -.1422528E+00
21.32 	 -.1420454E+00
21.33 	 -.1599886E+00
21.34 	 -.1935816E+00
21.35 	 -.2268457E+00
21.36 	 -.2286160E+00
21.37 	 -.2004624E+00
21.38 	 -.1513990E+00
21.39 	 -.1034408E+00
21.4 	 -.6790695E-01
21.41 	 -.3988771E-01
21.42 	 -.6718477E-02
21.43 	 .3712646E-01
21.44 	 .7784720E-01
21.45 	 .1210929E+00
21.46 	 .1673641E+00
21.47 	 .1966335E+00
21.48 	 .2107978E+00
21.49 	 .2062994E+00
21.5 	 .1753399E+00
21.51 	 .1369486E+00
21.52 	 .1117977E+00
21.53 	 .1054609E+00
21.54 	 .1144813E+00
21.55 	 .1407858E+00
21.56 	 .1770795E+00
21.57 	 .2102892E+00
21.58 	 .2401092E+00
21.59 	 .2640731E+00
21.6 	 .2747346E+00
21.61 	 .2739102E+00
21.62 	 .2621940E+00
21.63 	 .2417180E+00
21.64 	 .2163851E+00
21.65 	 .1898277E+00
21.66 	 .1719296E+00
21.67 	 .1613928E+00
21.68 	 .1627862E+00
21.69 	 .1720033E+00
21.7 	 .1764178E+00
21.71 	 .1766401E+00
21.72 	 .1663971E+00
21.73 	 .1502887E+00
21.74 	 .1351250E+00
21.75 	 .1304581E+00
21.76 	 .1397867E+00
21.77 	 .1474892E+00
21.78 	 .1545120E+00
21.79 	 .1642383E+00
21.8 	 .1745200E+00
21.81 	 .1838279E+00
21.82 	 .1842230E+00
21.83 	 .1742104E+00
21.84 	 .1585764E+00
21.85 	 .1355787E+00
21.86 	 .1205755E+00
21.87 	 .1286812E+00
21.88 	 .1493966E+00
21.89 	 .1747678E+00
21.9 	 .2013052E+00
21.91 	 .2426049E+00
21.92 	 .2894199E+00
21.93 	 .3226872E+00
21.94 	 .3481014E+00
21.95 	 .3694538E+00
21.96 	 .3929687E+00
21.97 	 .4156466E+00
21.98 	 .4336415E+00
21.99 	 .4482143E+00
22.0 	 .4625676E+00
22.01 	 .4752421E+00
22.02 	 .4761885E+00
22.03 	 .4717040E+00
22.04 	 .4730442E+00
22.05 	 .4603396E+00
22.06 	 .4236930E+00
22.07 	 .3784691E+00
22.08 	 .3308065E+00
22.09 	 .2891809E+00
22.1 	 .2479452E+00
22.11 	 .1904571E+00
22.12 	 .1185891E+00
22.13 	 .3350008E-01
22.14 	 -.5877584E-01
22.15 	 -.1556431E+00
22.16 	 -.2551480E+00
22.17 	 -.3587977E+00
22.18 	 -.4708982E+00
22.19 	 -.5862992E+00
22.2 	 -.6967563E+00
22.21 	 -.7919048E+00
22.22 	 -.8755801E+00
22.23 	 -.9588692E+00
22.24 	 -.1046617E+01
22.25 	 -.1138738E+01
22.26 	 -.1223746E+01
22.27 	 -.1281494E+01
22.28 	 -.1318085E+01
22.29 	 -.1344185E+01
22.3 	 -.1356477E+01
22.31 	 -.1364482E+01
22.32 	 -.1370666E+01
22.33 	 -.1360592E+01
22.34 	 -.1330893E+01
22.35 	 -.1279010E+01
22.36 	 -.1219527E+01
22.37 	 -.1157865E+01
22.38 	 -.1080656E+01
22.39 	 -.9978799E+00
22.4 	 -.9132298E+00
22.41 	 -.8228069E+00
22.42 	 -.7213630E+00
22.43 	 -.6138923E+00
22.44 	 -.4986914E+00
22.45 	 -.3638073E+00
22.46 	 -.2228048E+00
22.47 	 -.8342610E-01
22.48 	 .5139452E-01
22.49 	 .1685762E+00
22.5 	 .2636367E+00
22.51 	 .3299907E+00
22.52 	 .3781736E+00
22.53 	 .4224142E+00
22.54 	 .4667986E+00
22.55 	 .5234645E+00
22.56 	 .5736701E+00
22.57 	 .6188456E+00
22.58 	 .6593852E+00
22.59 	 .6726325E+00
22.6 	 .6612041E+00
22.61 	 .6374462E+00
22.62 	 .6231841E+00
22.63 	 .5784511E+00
22.64 	 .4921589E+00
22.65 	 .4156644E+00
22.66 	 .3595759E+00
22.67 	 .3033160E+00
22.68 	 .2365277E+00
22.69 	 .1829551E+00
22.7 	 .1508996E+00
22.71 	 .1212798E+00
22.72 	 .1064062E+00
22.73 	 .1127843E+00
22.74 	 .1036559E+00
22.75 	 .7628237E-01
22.76 	 .4889881E-01
22.77 	 .4867025E-01
22.78 	 .7615199E-01
22.79 	 .1016796E+00
22.8 	 .1132343E+00
22.81 	 .9325007E-01
22.82 	 .7421425E-01
22.83 	 .7705765E-01
22.84 	 .6266360E-01
22.85 	 .4183315E-01
22.86 	 .1555847E-01
22.87 	 -.1080970E-01
22.88 	 -.2564764E-01
22.89 	 -.4947973E-01
22.9 	 -.7307015E-01
22.91 	 -.9541735E-01
22.92 	 -.1206241E+00
22.93 	 -.1438981E+00
22.94 	 -.1593135E+00
22.95 	 -.1743570E+00
22.96 	 -.1901498E+00
22.97 	 -.2007279E+00
22.98 	 -.2089495E+00
22.99 	 -.2366098E+00
23.0 	 -.2787905E+00
23.01 	 -.3106213E+00
23.02 	 -.3420982E+00
23.03 	 -.3611281E+00
23.04 	 -.3499671E+00
23.05 	 -.3309418E+00
23.06 	 -.3154897E+00
23.07 	 -.2877927E+00
23.08 	 -.2618595E+00
23.09 	 -.2439270E+00
23.1 	 -.2150161E+00
23.11 	 -.1648740E+00
23.12 	 -.9730772E-01
23.13 	 -.5995289E-02
23.14 	 .1084425E+00
23.15 	 .2220777E+00
23.16 	 .3266284E+00
23.17 	 .4188899E+00
23.18 	 .4929243E+00
23.19 	 .5581218E+00
23.2 	 .6208750E+00
23.21 	 .6737966E+00
23.22 	 .7086759E+00
23.23 	 .7226520E+00
23.24 	 .7256163E+00
23.25 	 .7229836E+00
23.26 	 .7141255E+00
23.27 	 .6927105E+00
23.28 	 .6578756E+00
23.29 	 .6097934E+00
23.3 	 .5491360E+00
23.31 	 .4926198E+00
23.32 	 .4520426E+00
23.33 	 .4338795E+00
23.34 	 .4239324E+00
23.35 	 .4082635E+00
23.36 	 .3851690E+00
23.37 	 .3517700E+00
23.38 	 .3221116E+00
23.39 	 .3003260E+00
23.4 	 .2779204E+00
23.41 	 .2531139E+00
23.42 	 .2237659E+00
23.43 	 .1927540E+00
23.44 	 .1613699E+00
23.45 	 .1329181E+00
23.46 	 .1189932E+00
23.47 	 .1144714E+00
23.48 	 .1055543E+00
23.49 	 .9778849E-01
23.5 	 .8958252E-01
23.51 	 .5986585E-01
23.52 	 .2045203E-01
23.53 	 -.2370049E-01
23.54 	 -.7712976E-01
23.55 	 -.1190670E+00
23.56 	 -.1442853E+00
23.57 	 -.1616764E+00
23.58 	 -.1739703E+00
23.59 	 -.1836687E+00
23.6 	 -.1917443E+00
23.61 	 -.1970741E+00
23.62 	 -.1953027E+00
23.63 	 -.1899625E+00
23.64 	 -.1867787E+00
23.65 	 -.1793707E+00
23.66 	 -.1736581E+00
23.67 	 -.1635937E+00
23.68 	 -.1538126E+00
23.69 	 -.1531530E+00
23.7 	 -.1630250E+00
23.71 	 -.1915712E+00
23.72 	 -.2395310E+00
23.73 	 -.3021400E+00
23.74 	 -.3596855E+00
23.75 	 -.4047363E+00
23.76 	 -.4397961E+00
23.77 	 -.4715288E+00
23.78 	 -.4870222E+00
23.79 	 -.4845414E+00
23.8 	 -.4815377E+00
23.81 	 -.4544666E+00
23.82 	 -.4045279E+00
23.83 	 -.3637208E+00
23.84 	 -.3286545E+00
23.85 	 -.2919429E+00
23.86 	 -.2579498E+00
23.87 	 -.2180947E+00
23.88 	 -.1677831E+00
23.89 	 -.1066551E+00
23.9 	 -.4604513E-01
23.91 	 .7104352E-02
23.92 	 .6551244E-01
23.93 	 .1212690E+00
23.94 	 .1697040E+00
23.95 	 .2139866E+00
23.96 	 .2568773E+00
23.97 	 .2991910E+00
23.98 	 .3337903E+00
23.99 	 .3600288E+00
24.0 	 .3833300E+00
24.01 	 .4019311E+00
24.02 	 .4086221E+00
24.03 	 .4126355E+00
24.04 	 .4127131E+00
24.05 	 .4011195E+00
24.06 	 .3829818E+00
24.07 	 .3756678E+00
24.08 	 .3783027E+00
24.09 	 .3924457E+00
24.1 	 .4173316E+00
24.11 	 .4326908E+00
24.12 	 .4472881E+00
24.13 	 .4587278E+00
24.14 	 .4594984E+00
24.15 	 .4517220E+00
24.16 	 .4284796E+00
24.17 	 .3904892E+00
24.18 	 .3561239E+00
24.19 	 .3402890E+00
24.2 	 .3320287E+00
24.21 	 .3356536E+00
24.22 	 .3366811E+00
24.23 	 .3278539E+00
24.24 	 .3272146E+00
24.25 	 .3153533E+00
24.26 	 .2758848E+00
24.27 	 .2169864E+00
24.28 	 .1667536E+00
24.29 	 .1269333E+00
24.3 	 .9311528E-01
24.31 	 .7183612E-01
24.32 	 .6314056E-01
24.33 	 .5972905E-01
24.34 	 .5409086E-01
24.35 	 .6469839E-01
24.36 	 .7122927E-01
24.37 	 .6148652E-01
24.38 	 .4177695E-01
24.39 	 .1272942E-01
24.4 	 -.1136231E-01
24.41 	 -.3272976E-01
24.42 	 -.4200106E-01
24.43 	 -.4900307E-01
24.44 	 -.5793073E-01
24.45 	 -.6249418E-01
24.46 	 -.9423714E-01
24.47 	 -.1540161E+00
24.48 	 -.2164188E+00
24.49 	 -.2814072E+00
24.5 	 -.3564084E+00
24.51 	 -.4374431E+00
24.52 	 -.5091963E+00
24.53 	 -.5588271E+00
24.54 	 -.5864713E+00
24.55 	 -.6043784E+00
24.56 	 -.6338279E+00
24.57 	 -.6715049E+00
24.58 	 -.6976719E+00
24.59 	 -.7260790E+00
24.6 	 -.7558764E+00
24.61 	 -.7770638E+00
24.62 	 -.7899656E+00
24.63 	 -.7882671E+00
24.64 	 -.7750129E+00
24.65 	 -.7631501E+00
24.66 	 -.7521211E+00
24.67 	 -.7247635E+00
24.68 	 -.6907572E+00
24.69 	 -.6600076E+00
24.7 	 -.6194686E+00
24.71 	 -.5786165E+00
24.72 	 -.5490072E+00
24.73 	 -.5269232E+00
24.74 	 -.5066720E+00
24.75 	 -.4821987E+00
24.76 	 -.4564842E+00
24.77 	 -.4308347E+00
24.78 	 -.4026380E+00
24.79 	 -.3667545E+00
24.8 	 -.3220434E+00
24.81 	 -.2605909E+00
24.82 	 -.1936436E+00
24.83 	 -.1333574E+00
24.84 	 -.7998510E-01
24.85 	 -.3181203E-01
24.86 	 .2285253E-01
24.87 	 .7632883E-01
24.88 	 .1236622E+00
24.89 	 .1613963E+00
24.9 	 .1751453E+00
24.91 	 .1718937E+00
24.92 	 .1806858E+00
24.93 	 .2073203E+00
24.94 	 .2437913E+00
24.95 	 .2868146E+00
24.96 	 .3351500E+00
24.97 	 .3782281E+00
24.98 	 .4010686E+00
24.99 	 .4036134E+00
25.0 	 .3869012E+00
25.01 	 .3589853E+00
25.02 	 .3298595E+00
25.03 	 .3036037E+00
25.04 	 .2794722E+00
25.05 	 .2552406E+00
25.06 	 .2279637E+00
25.07 	 .2037711E+00
25.08 	 .1893965E+00
25.09 	 .1699217E+00
25.1 	 .1404972E+00
25.11 	 .1163794E+00
25.12 	 .1059289E+00
25.13 	 .9503982E-01
25.14 	 .8037819E-01
25.15 	 .6434716E-01
25.16 	 .3670640E-01
25.17 	 .2267876E-01
25.18 	 .2942181E-01
25.19 	 .3644515E-01
25.2 	 .4746307E-01
25.21 	 .5569767E-01
25.22 	 .5468488E-01
25.23 	 .5840094E-01
25.24 	 .7037793E-01
25.25 	 .8096674E-01
25.26 	 .8854537E-01
25.27 	 .1045782E+00
25.28 	 .1183519E+00
25.29 	 .1125691E+00
25.3 	 .1108608E+00
25.31 	 .1241567E+00
25.32 	 .1522833E+00
25.33 	 .1914358E+00
25.34 	 .2183480E+00
25.35 	 .2293796E+00
25.36 	 .2313500E+00
25.37 	 .2343204E+00
25.38 	 .2418544E+00
25.39 	 .2492442E+00
25.4 	 .2541117E+00
25.41 	 .2565335E+00
25.42 	 .2567849E+00
25.43 	 .2556367E+00
25.44 	 .2642184E+00
25.45 	 .2792139E+00
25.46 	 .2870710E+00
25.47 	 .2927742E+00
25.48 	 .2958248E+00
25.49 	 .2923763E+00
25.5 	 .2872932E+00
25.51 	 .2793184E+00
25.52 	 .2700724E+00
25.53 	 .2422878E+00
25.54 	 .1937181E+00
25.55 	 .1515797E+00
25.56 	 .1200932E+00
25.57 	 .8291747E-01
25.58 	 .3046793E-01
25.59 	 -.1995660E-01
25.6 	 -.6798379E-01
25.61 	 -.1108642E+00
25.62 	 -.1326638E+00
25.63 	 -.1522347E+00
25.64 	 -.1684806E+00
25.65 	 -.1738845E+00
25.66 	 -.1818969E+00
25.67 	 -.1748773E+00
25.68 	 -.1586793E+00
25.69 	 -.1499492E+00
25.7 	 -.1335703E+00
25.71 	 -.1180193E+00
25.72 	 -.1024799E+00
25.73 	 -.9049651E-01
25.74 	 -.8411006E-01
25.75 	 -.7219079E-01
25.76 	 -.6476203E-01
25.77 	 -.5748784E-01
25.78 	 -.4533016E-01
25.79 	 -.4648009E-01
25.8 	 -.5753578E-01
25.81 	 -.6861453E-01
25.82 	 -.7557123E-01
25.83 	 -.6480876E-01
25.84 	 -.4796829E-01
25.85 	 -.3478128E-01
25.86 	 -.1913265E-01
25.87 	 .2105142E-02
25.88 	 .2333467E-01
25.89 	 .4285361E-01
25.9 	 .5426130E-01
25.91 	 .5622486E-01
25.92 	 .5455577E-01
25.93 	 .4859744E-01
25.94 	 .3658678E-01
25.95 	 .2339971E-01
25.96 	 .1081887E-01
25.97 	 .1538598E-02
25.98 	 -.5166150E-02
25.99 	 -.2443393E-01
26.0 	 -.4816320E-01
26.01 	 -.6557775E-01
26.02 	 -.6932237E-01
26.03 	 -.6005267E-01
26.04 	 -.4496691E-01
26.05 	 -.2940715E-01
26.06 	 -.2575083E-01
26.07 	 -.2319156E-01
26.08 	 -.5081192E-02
26.09 	 .2309457E-01
26.1 	 .4726676E-01
26.11 	 .6830079E-01
26.12 	 .9237867E-01
26.13 	 .1227526E+00
26.14 	 .1614200E+00
26.15 	 .1968922E+00
26.16 	 .2255659E+00
26.17 	 .2517530E+00
26.18 	 .2676123E+00
26.19 	 .2628652E+00
26.2 	 .2496206E+00
26.21 	 .2315769E+00
26.22 	 .2064049E+00
26.23 	 .1744330E+00
26.24 	 .1412833E+00
26.25 	 .1178299E+00
26.26 	 .9416895E-01
26.27 	 .6379180E-01
26.28 	 .3569080E-01
26.29 	 .2247965E-01
26.3 	 .1608282E-01
26.31 	 .6465283E-02
26.32 	 -.1395881E-01
26.33 	 -.4976753E-01
26.34 	 -.8746812E-01
26.35 	 -.1194825E+00
26.36 	 -.1565578E+00
26.37 	 -.1926215E+00
26.38 	 -.2202705E+00
26.39 	 -.2552096E+00
26.4 	 -.3023268E+00
26.41 	 -.3447445E+00
26.42 	 -.3659035E+00
26.43 	 -.3777033E+00
26.44 	 -.3864974E+00
26.45 	 -.3981846E+00
26.46 	 -.4134494E+00
26.47 	 -.4193506E+00
26.48 	 -.4245029E+00
26.49 	 -.4346109E+00
26.5 	 -.4444173E+00
26.51 	 -.4589594E+00
26.52 	 -.4683338E+00
26.53 	 -.4526468E+00
26.54 	 -.4052652E+00
26.55 	 -.3446781E+00
26.56 	 -.2983383E+00
26.57 	 -.2500329E+00
26.58 	 -.1944217E+00
26.59 	 -.1498000E+00
26.6 	 -.1127661E+00
26.61 	 -.8042146E-01
26.62 	 -.5743454E-01
26.63 	 -.3793953E-01
26.64 	 -.7956527E-02
26.65 	 .2242514E-01
26.66 	 .3718758E-01
26.67 	 .4512630E-01
26.68 	 .5938240E-01
26.69 	 .6578758E-01
26.7 	 .5402211E-01
26.71 	 .3088389E-01
26.72 	 .4199859E-02
26.73 	 -.1108128E-01
26.74 	 -.1465154E-01
26.75 	 -.1944216E-01
26.76 	 -.2135768E-01
26.77 	 -.2450279E-02
26.78 	 .2142586E-01
26.79 	 .4226060E-01
26.8 	 .6741824E-01
26.81 	 .8024798E-01
26.82 	 .8126336E-01
26.83 	 .8391539E-01
26.84 	 .9942724E-01
26.85 	 .1305103E+00
26.86 	 .1591611E+00
26.87 	 .1885391E+00
26.88 	 .2181412E+00
26.89 	 .2542054E+00
26.9 	 .3074898E+00
26.91 	 .3511592E+00
26.92 	 .3902017E+00
26.93 	 .4334124E+00
26.94 	 .4768506E+00
26.95 	 .5229841E+00
26.96 	 .5551236E+00
26.97 	 .5792186E+00
26.98 	 .6076899E+00
26.99 	 .6243543E+00
27.0 	 .6309222E+00
27.01 	 .6250294E+00
27.02 	 .6051684E+00
27.03 	 .5757310E+00
27.04 	 .5348856E+00
27.05 	 .4879874E+00
27.06 	 .4416705E+00
27.07 	 .4026091E+00
27.08 	 .3654256E+00
27.09 	 .3268621E+00
27.1 	 .2854832E+00
27.11 	 .2338496E+00
27.12 	 .1714590E+00
27.13 	 .1254839E+00
27.14 	 .1012826E+00
27.15 	 .7249052E-01
27.16 	 .2534312E-01
27.17 	 -.2612319E-01
27.18 	 -.8211020E-01
27.19 	 -.1409891E+00
27.2 	 -.1850621E+00
27.21 	 -.2258247E+00
27.22 	 -.2611616E+00
27.23 	 -.2912523E+00
27.24 	 -.3160751E+00
27.25 	 -.3280881E+00
27.26 	 -.3389468E+00
27.27 	 -.3457598E+00
27.28 	 -.3415968E+00
27.29 	 -.3252574E+00
27.3 	 -.2981621E+00
27.31 	 -.2704336E+00
27.32 	 -.2455690E+00
27.33 	 -.2161769E+00
27.34 	 -.1907789E+00
27.35 	 -.1759867E+00
27.36 	 -.1697819E+00
27.37 	 -.1745454E+00
27.38 	 -.1779199E+00
27.39 	 -.1985938E+00
27.4 	 -.2274198E+00
27.41 	 -.2477134E+00
27.42 	 -.2795025E+00
27.43 	 -.3043781E+00
27.44 	 -.3198499E+00
27.45 	 -.3387458E+00
27.46 	 -.3459827E+00
27.47 	 -.3360972E+00
27.48 	 -.3196501E+00
27.49 	 -.2968163E+00
27.5 	 -.2661255E+00
27.51 	 -.2292207E+00
27.52 	 -.1968455E+00
27.53 	 -.1698383E+00
27.54 	 -.1459745E+00
27.55 	 -.1233353E+00
27.56 	 -.9086238E-01
27.57 	 -.6034448E-01
27.58 	 -.3849068E-01
27.59 	 -.2403455E-01
27.6 	 -.4299687E-02
27.61 	 .1815397E-01
27.62 	 .3830630E-01
27.63 	 .5246109E-01
27.64 	 .5810027E-01
27.65 	 .6657217E-01
27.66 	 .6376632E-01
27.67 	 .4745430E-01
27.68 	 .2071859E-01
27.69 	 -.1284328E-01
27.7 	 -.3871980E-01
27.71 	 -.5637215E-01
27.72 	 -.7497488E-01
27.73 	 -.8301075E-01
27.74 	 -.8051012E-01
27.75 	 -.7863386E-01
27.76 	 -.8290908E-01
27.77 	 -.7862089E-01
27.78 	 -.6714848E-01
27.79 	 -.5900715E-01
27.8 	 -.3455530E-01
27.81 	 -.9270620E-02
27.82 	 .9649612E-02
27.83 	 .1512368E-01
27.84 	 .1483434E-01
27.85 	 .2003805E-01
27.86 	 .2299570E-01
27.87 	 .2603190E-01
27.88 	 .3258605E-01
27.89 	 .3718954E-01
27.9 	 .3020078E-01
27.91 	 .2438138E-01
27.92 	 .1905920E-01
27.93 	 .9409529E-02
27.94 	 .7156790E-02
27.95 	 .1773992E-01
27.96 	 .2946837E-01
27.97 	 .3975265E-01
27.98 	 .4557359E-01
27.99 	 .4827728E-01
28.0 	 .5303441E-01
28.01 	 .5880486E-01
28.02 	 .6570003E-01
28.03 	 .6788821E-01
28.04 	 .6669803E-01
28.05 	 .6643212E-01
28.06 	 .7211879E-01
28.07 	 .8097060E-01
28.08 	 .8795975E-01
28.09 	 .9018309E-01
28.1 	 .9065620E-01
28.11 	 .9299130E-01
28.12 	 .9028065E-01
28.13 	 .8198457E-01
28.14 	 .7256785E-01
28.15 	 .5904091E-01
28.16 	 .4211595E-01
28.17 	 .2416778E-01
28.18 	 .6729156E-02
28.19 	 -.9376634E-02
28.2 	 -.2653050E-01
28.21 	 -.4134843E-01
28.22 	 -.5147787E-01
28.23 	 -.5724842E-01
28.24 	 -.6635728E-01
28.25 	 -.7721539E-01
28.26 	 -.8442511E-01
28.27 	 -.8718136E-01
28.28 	 -.8778270E-01
28.29 	 -.8744040E-01
28.3 	 -.8307335E-01
28.31 	 -.8007000E-01
28.32 	 -.7695513E-01
28.33 	 -.7172625E-01
28.34 	 -.6653014E-01
28.35 	 -.6082453E-01
28.36 	 -.5705581E-01
28.37 	 -.5182213E-01
28.38 	 -.4378565E-01
28.39 	 -.3610511E-01
28.4 	 -.2802764E-01
28.41 	 -.2425753E-01
28.42 	 -.2116258E-01
28.43 	 -.1549907E-01
28.44 	 -.1199535E-01
28.45 	 -.8133357E-02
28.46 	 -.3650408E-02
28.47 	 -.4684162E-03
28.48 	 .2502172E-02
28.49 	 .5424941E-02
28.5 	 .9328308E-02
28.51 	 .1376163E-01
28.52 	 .1738689E-01
28.53 	 .2245030E-01
28.54 	 .2604729E-01
28.55 	 .2748235E-01
28.56 	 .2915664E-01
28.57 	 .2736148E-01
28.58 	 .2640902E-01
28.59 	 .2720175E-01
28.6 	 .2915250E-01
28.61 	 .3310910E-01
28.62 	 .3543489E-01
28.63 	 .3921125E-01
28.64 	 .4316793E-01
28.65 	 .4663554E-01
28.66 	 .5233858E-01
28.67 	 .5745719E-01
28.68 	 .6176222E-01
28.69 	 .6575536E-01
28.7 	 .6791467E-01
28.71 	 .6973962E-01
28.72 	 .7221109E-01
28.73 	 .7384685E-01
28.74 	 .7461348E-01
28.75 	 .7543600E-01
28.76 	 .7596694E-01
28.77 	 .7637961E-01
28.78 	 .7721727E-01
28.79 	 .7764582E-01
28.8 	 .7648431E-01
28.81 	 .7493485E-01
28.82 	 .7159382E-01
28.83 	 .6638289E-01
28.84 	 .6299546E-01
28.85 	 .6032068E-01
28.86 	 .5668177E-01
28.87 	 .5281355E-01
28.88 	 .4839264E-01
28.89 	 .4297619E-01
28.9 	 .3704892E-01
28.91 	 .3157741E-01
28.92 	 .2733286E-01
28.93 	 .2376999E-01
28.94 	 .2077642E-01
28.95 	 .1851528E-01
28.96 	 .1665062E-01
28.97 	 .1486065E-01
28.98 	 .1285989E-01
28.99 	 .1127765E-01
29.0 	 .9449535E-02
29.01 	 .7120733E-02
29.02 	 .5827970E-02
29.03 	 .5060807E-02
29.04 	 .4016784E-02
29.05 	 .3179072E-02
29.06 	 .2344011E-02
29.07 	 .1418011E-02
29.08 	 .6362194E-03
29.09 	 -.1039120E-03
29.1 	 -.8363982E-03
29.11 	 -.1502388E-02
29.12 	 -.2362098E-02
29.13 	 -.3512055E-02
29.14 	 -.4475801E-02
29.15 	 -.5222824E-02
29.16 	 -.5865115E-02
29.17 	 -.6325950E-02
29.18 	 -.6592451E-02
29.19 	 -.6946543E-02
29.2 	 -.7430796E-02
29.21 	 -.7906109E-02
29.22 	 -.8246097E-02
29.23 	 -.8476088E-02
29.24 	 -.8768017E-02
29.25 	 -.8975032E-02
29.26 	 -.9029444E-02
29.27 	 -.9035877E-02
29.28 	 -.9049196E-02
29.29 	 -.9064178E-02
29.3 	 -.9087211E-02
29.31 	 -.9109038E-02
29.32 	 -.9121308E-02
29.33 	 -.9075982E-02
29.34 	 -.8975200E-02
29.35 	 -.8838005E-02
29.36 	 -.8663575E-02
29.37 	 -.8467657E-02
29.38 	 -.8219863E-02
29.39 	 -.7974108E-02
29.4 	 -.7784053E-02
29.41 	 -.7586963E-02
29.42 	 -.7367715E-02
29.43 	 -.7139199E-02
29.44 	 -.6924060E-02
29.45 	 -.6716371E-02
29.46 	 -.6498134E-02
29.47 	 -.6289899E-02
29.48 	 -.6067433E-02
29.49 	 -.5812849E-02
29.5 	 -.5556142E-02
29.51 	 -.5304342E-02
29.52 	 -.5045084E-02
29.53 	 -.4780696E-02
29.54 	 -.4517986E-02
29.55 	 -.4260642E-02
29.56 	 -.4006409E-02
29.57 	 -.3756149E-02
29.58 	 -.3515867E-02
29.59 	 -.3288558E-02
29.6 	 -.3071584E-02
29.61 	 -.2863405E-02
29.62 	 -.2666486E-02
29.63 	 -.2481517E-02
29.64 	 -.2305832E-02
29.65 	 -.2139161E-02
29.66 	 -.1981458E-02
29.67 	 -.1833058E-02
29.68 	 -.1694890E-02
29.69 	 -.1565118E-02
29.7 	 -.1442743E-02
29.71 	 -.1328559E-02
29.72 	 -.1222284E-02
29.73 	 -.1123323E-02
29.74 	 -.1031424E-02
29.75 	 -.9466325E-03
29.76 	 -.8682109E-03
29.77 	 -.7954247E-03
29.78 	 -.7280801E-03
29.79 	 -.6658064E-03
29.8 	 -.6080506E-03
29.81 	 -.5543461E-03
29.82 	 -.5044008E-03
29.83 	 -.4577981E-03
29.84 	 -.4141940E-03
29.85 	 -.3732500E-03
29.86 	 -.3346179E-03
29.87 	 -.2980349E-03
29.88 	 -.2632628E-03
29.89 	 -.2300657E-03
29.9 	 -.1982321E-03
29.91 	 -.1675760E-03
29.92 	 -.1379332E-03
29.93 	 -.1091619E-03
29.94 	 -.8114091E-04
29.95 	 -.5376930E-04
29.96 	 -.2696688E-04
29.97 	 -.6734950E-06
29.98 	 .2515128E-04
29.99 	 .5052858E-04
