0.0 	 .1789155E-05
0.01 	 .1557233E-05
0.02 	 -.1971043E-05
0.03 	 -.1349389E-05
0.04 	 .9788726E-06
0.05 	 -.5242761E-05
0.06 	 -.1122205E-04
0.07 	 -.1769192E-04
0.08 	 -.2471129E-04
0.09 	 .7179776E-05
0.1 	 .6682595E-04
0.11 	 .5282473E-04
0.12 	 .4167444E-04
0.13 	 .4662055E-04
0.14 	 -.3582936E-04
0.15 	 .2615294E-04
0.16 	 .4275995E-04
0.17 	 .2599979E-04
0.18 	 .6273386E-04
0.19 	 .4863946E-04
0.2 	 -.1168238E-03
0.21 	 -.2286243E-04
0.22 	 .2005650E-04
0.23 	 -.1014761E-03
0.24 	 -.2303114E-03
0.25 	 -.2473578E-03
0.26 	 -.2977959E-03
0.27 	 -.3360722E-03
0.28 	 .1644910E-04
0.29 	 .3138569E-05
0.3 	 -.4126152E-05
0.31 	 -.2282261E-03
0.32 	 -.3135578E-03
0.33 	 -.3854538E-04
0.34 	 -.8760990E-04
0.35 	 .7202159E-04
0.36 	 .7861519E-03
0.37 	 .9947838E-03
0.38 	 .5567588E-03
0.39 	 .3132029E-03
0.4 	 -.2315960E-04
0.41 	 -.1131195E-03
0.42 	 .5156081E-03
0.43 	 .7612646E-03
0.44 	 .1246495E-02
0.45 	 .1196000E-02
0.46 	 .6297043E-03
0.47 	 .8047305E-03
0.48 	 .5387031E-04
0.49 	 -.1257651E-02
0.5 	 -.1633938E-02
0.51 	 -.1524410E-02
0.52 	 -.8225106E-03
0.53 	 -.9208602E-03
0.54 	 -.1655452E-02
0.55 	 -.1029359E-02
0.56 	 -.9817371E-04
0.57 	 .1295307E-02
0.58 	 .1538847E-02
0.59 	 .2254357E-03
0.6 	 -.1962825E-02
0.61 	 -.1495984E-02
0.62 	 -.1119472E-02
0.63 	 -.1469679E-02
0.64 	 -.7159876E-04
0.65 	 .5902168E-03
0.66 	 .5593656E-03
0.67 	 .1691942E-02
0.68 	 .1069833E-02
0.69 	 -.1385855E-02
0.7 	 -.1642218E-02
0.71 	 -.2551761E-03
0.72 	 .8025844E-03
0.73 	 .1311257E-02
0.74 	 .1020618E-02
0.75 	 .2313501E-02
0.76 	 .6539630E-03
0.77 	 -.1043491E-02
0.78 	 .1187936E-02
0.79 	 .8334029E-03
0.8 	 -.3566662E-03
0.81 	 -.5463242E-03
0.82 	 .3461316E-03
0.83 	 -.1453316E-02
0.84 	 -.1218423E-03
0.85 	 .1660130E-02
0.86 	 .1312629E-02
0.87 	 .9356670E-03
0.88 	 -.1285072E-03
0.89 	 .6877856E-03
0.9 	 .8066349E-03
0.91 	 -.2020004E-02
0.92 	 -.1659090E-02
0.93 	 -.1177456E-02
0.94 	 .1323433E-02
0.95 	 .3565460E-02
0.96 	 .2301927E-02
0.97 	 -.9086242E-03
0.98 	 -.4079873E-02
0.99 	 -.3494129E-02
1.0 	 -.1207693E-02
1.01 	 -.2329988E-03
1.02 	 -.1371156E-02
1.03 	 -.6226620E-03
1.04 	 -.7600474E-03
1.05 	 .1762509E-02
1.06 	 .2222679E-02
1.07 	 .3247102E-02
1.08 	 .3648274E-02
1.09 	 .4500625E-03
1.1 	 -.8483232E-03
1.11 	 -.3605221E-02
1.12 	 -.6642040E-02
1.13 	 -.3521371E-02
1.14 	 .2394568E-02
1.15 	 .5980364E-02
1.16 	 .3075096E-02
1.17 	 -.1290124E-02
1.18 	 -.6756541E-02
1.19 	 -.8716427E-02
1.2 	 -.4260762E-02
1.21 	 -.6720457E-03
1.22 	 .3805930E-02
1.23 	 .8634710E-02
1.24 	 .8974974E-02
1.25 	 .8228882E-02
1.26 	 .9475396E-02
1.27 	 .2647554E-02
1.28 	 -.5740001E-02
1.29 	 -.6759394E-02
1.3 	 -.3457809E-02
1.31 	 -.7417781E-03
1.32 	 .5427085E-02
1.33 	 .5082091E-02
1.34 	 .4909511E-02
1.35 	 .2316715E-02
1.36 	 -.1799349E-02
1.37 	 -.8289277E-03
1.38 	 -.6018507E-02
1.39 	 -.8581995E-02
1.4 	 -.4702962E-02
1.41 	 .1080168E-02
1.42 	 .8773079E-02
1.43 	 .1012540E-01
1.44 	 .3433618E-02
1.45 	 -.1590576E-02
1.46 	 -.7613835E-02
1.47 	 -.7935742E-02
1.48 	 -.9283407E-02
1.49 	 -.1232612E-01
1.5 	 -.9634172E-02
1.51 	 -.5231703E-02
1.52 	 .1404246E-02
1.53 	 .1124769E-02
1.54 	 -.3221695E-02
1.55 	 -.1151680E-01
1.56 	 -.1407546E-01
1.57 	 -.7337628E-02
1.58 	 .4186587E-03
1.59 	 .1110940E-01
1.6 	 .1101485E-01
1.61 	 .4723363E-02
1.62 	 -.3260599E-02
1.63 	 -.8608732E-02
1.64 	 -.1215361E-01
1.65 	 -.8930505E-02
1.66 	 .8515188E-03
1.67 	 .9124952E-02
1.68 	 .2351460E-01
1.69 	 .2371700E-01
1.7 	 .1043668E-01
1.71 	 -.1572899E-02
1.72 	 -.8374383E-02
1.73 	 -.1414209E-02
1.74 	 .9427225E-02
1.75 	 .1087267E-01
1.76 	 .6848095E-02
1.77 	 .1869233E-02
1.78 	 -.2524623E-02
1.79 	 -.3386331E-02
1.8 	 -.1140634E-03
1.81 	 .6537783E-02
1.82 	 .8185115E-02
1.83 	 .1002694E-01
1.84 	 .7335557E-02
1.85 	 .2256279E-02
1.86 	 -.5923489E-03
1.87 	 -.5545737E-03
1.88 	 .1013158E-02
1.89 	 -.4106231E-03
1.9 	 -.5867478E-02
1.91 	 -.8764532E-02
1.92 	 -.5962616E-02
1.93 	 -.2705791E-02
1.94 	 .4911194E-04
1.95 	 .2929569E-02
1.96 	 .1285752E-02
1.97 	 .2721324E-02
1.98 	 .2317305E-02
1.99 	 -.2204380E-02
2.0 	 -.9443713E-03
2.01 	 -.2626360E-02
2.02 	 -.5958896E-02
2.03 	 -.1167844E-01
2.04 	 -.6358575E-02
2.05 	 .6232284E-02
2.06 	 .6465437E-02
2.07 	 .1527768E-02
2.08 	 -.6894652E-02
2.09 	 -.1260973E-01
2.1 	 -.1956493E-01
2.11 	 -.1240977E-01
2.12 	 .2669607E-02
2.13 	 .1273857E-01
2.14 	 .1999042E-01
2.15 	 .1586912E-01
2.16 	 .1121692E-01
2.17 	 .3345117E-02
2.18 	 -.3983832E-02
2.19 	 -.1626407E-02
2.2 	 .2928734E-02
2.21 	 .7312858E-02
2.22 	 .8158097E-02
2.23 	 .3468713E-03
2.24 	 -.8498236E-02
2.25 	 -.1196601E-01
2.26 	 -.1806217E-01
2.27 	 -.2610706E-01
2.28 	 -.2026348E-01
2.29 	 -.3748657E-02
2.3 	 .7875160E-02
2.31 	 .1478209E-01
2.32 	 .8000112E-02
2.33 	 .5548482E-03
2.34 	 .5089658E-02
2.35 	 .8715662E-02
2.36 	 .1269064E-01
2.37 	 .8801267E-02
2.38 	 .3440500E-02
2.39 	 -.6816146E-02
2.4 	 -.1239750E-01
2.41 	 -.1051799E-01
2.42 	 -.4961366E-02
2.43 	 .9008890E-03
2.44 	 -.2617297E-02
2.45 	 -.9563744E-02
2.46 	 -.1053998E-01
2.47 	 -.1220669E-01
2.48 	 -.9212059E-02
2.49 	 .1871886E-02
2.5 	 .1452262E-01
2.51 	 .2139393E-01
2.52 	 .2313510E-01
2.53 	 .1800337E-01
2.54 	 .7217451E-02
2.55 	 -.3470317E-02
2.56 	 -.1078330E-01
2.57 	 -.6778568E-02
2.58 	 -.5199417E-02
2.59 	 -.2883023E-02
2.6 	 -.3490073E-02
2.61 	 -.9928179E-02
2.62 	 -.1231581E-01
2.63 	 -.1592270E-01
2.64 	 -.2099629E-01
2.65 	 -.1525189E-01
2.66 	 -.1222159E-01
2.67 	 -.9907055E-02
2.68 	 -.5382613E-03
2.69 	 .1430899E-01
2.7 	 .2951154E-01
2.71 	 .2560631E-01
2.72 	 .2035427E-01
2.73 	 .2142378E-01
2.74 	 .2054749E-01
2.75 	 .1425607E-01
2.76 	 .4191019E-02
2.77 	 -.5376728E-02
2.78 	 -.1449170E-01
2.79 	 -.1162248E-01
2.8 	 -.6531823E-02
2.81 	 -.1343735E-02
2.82 	 .4413597E-02
2.83 	 .6233404E-02
2.84 	 .2924706E-02
2.85 	 -.1007420E-02
2.86 	 .1665757E-02
2.87 	 .4087360E-02
2.88 	 .3104761E-02
2.89 	 -.3125420E-02
2.9 	 -.1409012E-01
2.91 	 -.2514220E-01
2.92 	 -.2443875E-01
2.93 	 -.1200672E-01
2.94 	 .4109213E-02
2.95 	 .1522350E-01
2.96 	 .1625849E-01
2.97 	 .1201295E-01
2.98 	 .5085037E-02
2.99 	 -.3489143E-02
3.0 	 -.7472485E-02
3.01 	 -.3605422E-02
3.02 	 .8229604E-02
3.03 	 .1453350E-01
3.04 	 .1225660E-01
3.05 	 .1096621E-01
3.06 	 .3719488E-02
3.07 	 -.8678113E-02
3.08 	 -.2026324E-01
3.09 	 -.2633930E-01
3.1 	 -.1086408E-01
3.11 	 .1031616E-01
3.12 	 .2821085E-01
3.13 	 .2416734E-01
3.14 	 .1095114E-01
3.15 	 .2232370E-02
3.16 	 -.4014597E-02
3.17 	 -.2308126E-03
3.18 	 -.4315922E-03
3.19 	 -.5231828E-02
3.2 	 -.1398040E-01
3.21 	 -.1274450E-01
3.22 	 -.7829034E-02
3.23 	 -.2699375E-02
3.24 	 -.3816964E-02
3.25 	 -.6070694E-02
3.26 	 -.4800926E-02
3.27 	 -.4983401E-02
3.28 	 -.7021988E-02
3.29 	 -.5440783E-02
3.3 	 -.3424934E-02
3.31 	 -.3179323E-03
3.32 	 -.5297235E-04
3.33 	 -.1603898E-02
3.34 	 .2727466E-02
3.35 	 .5229737E-02
3.36 	 .2425648E-02
3.37 	 -.5747328E-02
3.38 	 -.7138652E-02
3.39 	 .3385466E-03
3.4 	 .1459676E-01
3.41 	 .2633517E-01
3.42 	 .2289072E-01
3.43 	 .1973862E-01
3.44 	 .1062074E-01
3.45 	 -.5003046E-02
3.46 	 -.1481956E-01
3.47 	 -.1858841E-01
3.48 	 -.1766576E-01
3.49 	 -.1634638E-01
3.5 	 -.1093098E-01
3.51 	 -.3809487E-02
3.52 	 .9828781E-02
3.53 	 .1719837E-01
3.54 	 .1071001E-01
3.55 	 -.1179987E-02
3.56 	 -.1015738E-01
3.57 	 -.1803734E-01
3.58 	 -.2214077E-01
3.59 	 -.1324324E-01
3.6 	 -.3532623E-02
3.61 	 .3850757E-02
3.62 	 .6017814E-02
3.63 	 -.2160099E-02
3.64 	 -.9283800E-02
3.65 	 -.5670654E-02
3.66 	 -.2694571E-02
3.67 	 .5928266E-02
3.68 	 .1462578E-01
3.69 	 .1718132E-01
3.7 	 .1503446E-01
3.71 	 .8916175E-02
3.72 	 .8746527E-03
3.73 	 -.1062579E-01
3.74 	 -.1277855E-01
3.75 	 -.5981776E-02
3.76 	 .4503308E-02
3.77 	 .6134545E-02
3.78 	 .3617095E-02
3.79 	 .1058423E-01
3.8 	 .2461465E-01
3.81 	 .3633212E-01
3.82 	 .2513090E-01
3.83 	 .6062931E-02
3.84 	 -.1056245E-01
3.85 	 -.2142610E-01
3.86 	 -.1642050E-01
3.87 	 -.7108104E-02
3.88 	 .3720622E-02
3.89 	 .1361925E-01
3.9 	 .1390282E-01
3.91 	 .1168320E-01
3.92 	 .5520532E-02
3.93 	 -.8483604E-03
3.94 	 -.3533867E-02
3.95 	 -.1210041E-01
3.96 	 -.1683996E-01
3.97 	 -.1253898E-01
3.98 	 -.7314984E-02
3.99 	 -.1098861E-02
4.0 	 -.1116791E-02
4.01 	 -.6050490E-03
4.02 	 -.8777343E-03
4.03 	 -.1253775E-01
4.04 	 -.2006075E-01
4.05 	 -.1610937E-01
4.06 	 -.5789353E-02
4.07 	 .8406911E-02
4.08 	 .2660869E-01
4.09 	 .3801868E-01
4.1 	 .3480760E-01
4.11 	 .2447930E-01
4.12 	 .6857115E-02
4.13 	 -.1086174E-01
4.14 	 -.2250726E-01
4.15 	 -.2941595E-01
4.16 	 -.2436528E-01
4.17 	 -.1841529E-01
4.18 	 -.1088903E-01
4.19 	 .9827281E-03
4.2 	 -.2699630E-02
4.21 	 -.1151432E-01
4.22 	 -.1640529E-01
4.23 	 -.1733832E-01
4.24 	 -.1457240E-01
4.25 	 -.1066947E-01
4.26 	 -.6705839E-02
4.27 	 -.1231876E-01
4.28 	 -.1292616E-01
4.29 	 .1610782E-02
4.3 	 .1315335E-01
4.31 	 .1044219E-01
4.32 	 .9021080E-02
4.33 	 .4573081E-02
4.34 	 -.1363220E-02
4.35 	 .4024387E-03
4.36 	 .7292514E-02
4.37 	 .7102147E-02
4.38 	 -.4938602E-02
4.39 	 -.1485457E-01
4.4 	 -.2257511E-01
4.41 	 -.1355069E-01
4.42 	 .9524622E-03
4.43 	 .1746249E-01
4.44 	 .1922121E-01
4.45 	 .6443027E-02
4.46 	 -.2917405E-02
4.47 	 -.9476502E-02
4.48 	 -.8621230E-02
4.49 	 -.3731109E-02
4.5 	 .1119744E-01
4.51 	 .2771437E-01
4.52 	 .4417281E-01
4.53 	 .4648700E-01
4.54 	 .3123015E-01
4.55 	 .1211974E-01
4.56 	 -.5615268E-02
4.57 	 -.1186742E-01
4.58 	 -.4562886E-02
4.59 	 -.2392662E-02
4.6 	 -.6272588E-05
4.61 	 .4936234E-02
4.62 	 .7060828E-02
4.63 	 .6292898E-02
4.64 	 -.3457075E-06
4.65 	 -.1410121E-02
4.66 	 .4005456E-02
4.67 	 .4253090E-02
4.68 	 -.7150449E-02
4.69 	 -.1646874E-01
4.7 	 -.1393410E-01
4.71 	 -.8253456E-02
4.72 	 -.3068031E-02
4.73 	 .3259954E-02
4.74 	 .2236307E-02
4.75 	 .8009021E-02
4.76 	 .1899543E-01
4.77 	 .1641452E-01
4.78 	 .5289051E-02
4.79 	 -.1277804E-02
4.8 	 .9780838E-03
4.81 	 .8738947E-02
4.82 	 .1333169E-01
4.83 	 .1008773E-01
4.84 	 .1038401E-01
4.85 	 .1371061E-01
4.86 	 .1614930E-01
4.87 	 .5509306E-02
4.88 	 -.1446321E-01
4.89 	 -.3353636E-01
4.9 	 -.4593411E-01
4.91 	 -.4531189E-01
4.92 	 -.3928726E-01
4.93 	 -.2568578E-01
4.94 	 -.1837469E-01
4.95 	 -.2332168E-01
4.96 	 -.3121262E-01
4.97 	 -.3846394E-01
4.98 	 -.3662578E-01
4.99 	 -.2796158E-01
5.0 	 .4305005E-02
5.01 	 .3086399E-01
5.02 	 .3349156E-01
5.03 	 .2601536E-01
5.04 	 .1427513E-01
5.05 	 .3777764E-02
5.06 	 .8611436E-03
5.07 	 .1886502E-01
5.08 	 .4146720E-01
5.09 	 .4442788E-01
5.1 	 .2344065E-01
5.11 	 -.2708180E-02
5.12 	 -.2800970E-01
5.13 	 -.3622219E-01
5.14 	 -.2599952E-01
5.15 	 -.1724125E-01
5.16 	 -.1028600E-01
5.17 	 .4634582E-03
5.18 	 .1058440E-01
5.19 	 .8503668E-02
5.2 	 .3559239E-02
5.21 	 .3401572E-02
5.22 	 .3644107E-02
5.23 	 .2201103E-02
5.24 	 .4583987E-02
5.25 	 .1561619E-01
5.26 	 .3245625E-01
5.27 	 .2983424E-01
5.28 	 .1743246E-01
5.29 	 .7444974E-02
5.3 	 .7095487E-02
5.31 	 .1079459E-01
5.32 	 .6092205E-02
5.33 	 -.6337262E-03
5.34 	 -.6509995E-02
5.35 	 -.6494462E-02
5.36 	 -.3637613E-02
5.37 	 .5144791E-02
5.38 	 .9133528E-02
5.39 	 .9314321E-02
5.4 	 .5674821E-02
5.41 	 .3908991E-02
5.42 	 .7186598E-02
5.43 	 .7996694E-02
5.44 	 .6601469E-02
5.45 	 .1265976E-02
5.46 	 -.4735026E-02
5.47 	 -.9235618E-02
5.48 	 -.1119716E-01
5.49 	 -.1367606E-01
5.5 	 -.1644561E-01
5.51 	 -.7966611E-02
5.52 	 .8478529E-03
5.53 	 .3197120E-02
5.54 	 .7325090E-03
5.55 	 -.2396498E-02
5.56 	 .6022888E-04
5.57 	 .1157884E-01
5.58 	 .2375450E-01
5.59 	 .2913217E-01
5.6 	 .2925830E-01
5.61 	 .3120937E-01
5.62 	 .3102846E-01
5.63 	 .1523472E-01
5.64 	 -.7735223E-02
5.65 	 -.2407236E-01
5.66 	 -.2067497E-01
5.67 	 -.5157318E-02
5.68 	 .1177931E-01
5.69 	 .1074709E-01
5.7 	 .9831041E-03
5.71 	 -.1054308E-01
5.72 	 -.1820771E-01
5.73 	 -.1306679E-01
5.74 	 -.1054722E-01
5.75 	 -.1513947E-01
5.76 	 -.1999676E-01
5.77 	 -.2696172E-01
5.78 	 -.3801963E-01
5.79 	 -.4311859E-01
5.8 	 -.3133600E-01
5.81 	 -.1666529E-01
5.82 	 -.6467164E-02
5.83 	 .7469147E-02
5.84 	 .6191479E-02
5.85 	 -.3365566E-02
5.86 	 -.1211592E-01
5.87 	 -.9530253E-02
5.88 	 -.1240938E-02
5.89 	 .4320717E-02
5.9 	 .8428480E-02
5.91 	 .1432097E-01
5.92 	 .2393029E-01
5.93 	 .2150361E-01
5.94 	 .3778261E-02
5.95 	 -.1435255E-01
5.96 	 -.3047293E-01
5.97 	 -.3160060E-01
5.98 	 -.1911674E-01
5.99 	 -.9752295E-02
6.0 	 -.6587069E-02
6.01 	 -.1280632E-01
6.02 	 -.1840441E-01
6.03 	 -.3153410E-01
6.04 	 -.2479261E-01
6.05 	 -.4672154E-02
6.06 	 .1485850E-01
6.07 	 .2137910E-01
6.08 	 .1580784E-01
6.09 	 .1363196E-01
6.1 	 .1547924E-01
6.11 	 .2226856E-01
6.12 	 .1861523E-01
6.13 	 .1366767E-01
6.14 	 .7909848E-02
6.15 	 .1080606E-01
6.16 	 .1603718E-01
6.17 	 .2678312E-01
6.18 	 .2635824E-01
6.19 	 .1226222E-01
6.2 	 .1142968E-02
6.21 	 -.1116302E-01
6.22 	 -.1251538E-01
6.23 	 -.1133248E-01
6.24 	 -.4212880E-02
6.25 	 .6925854E-02
6.26 	 .6031037E-02
6.27 	 -.3510054E-03
6.28 	 -.7427439E-02
6.29 	 -.7051494E-02
6.3 	 .2207726E-02
6.31 	 .1304651E-01
6.32 	 .2092568E-01
6.33 	 .1975512E-01
6.34 	 .9994439E-02
6.35 	 .5454235E-02
6.36 	 .9248555E-02
6.37 	 .1435927E-01
6.38 	 .2292209E-01
6.39 	 .2069401E-01
6.4 	 .9670601E-02
6.41 	 .4050029E-03
6.42 	 -.7118998E-02
6.43 	 -.1613322E-01
6.44 	 -.2399910E-01
6.45 	 -.2409524E-01
6.46 	 -.2207224E-01
6.47 	 -.2823698E-01
6.48 	 -.3036881E-01
6.49 	 -.2522055E-01
6.5 	 -.1992873E-01
6.51 	 -.5740045E-02
6.52 	 .5311295E-02
6.53 	 .7045554E-02
6.54 	 .5958793E-02
6.55 	 .4765217E-02
6.56 	 .3080222E-02
6.57 	 .3614780E-02
6.58 	 .4094032E-02
6.59 	 .2125358E-02
6.6 	 -.1606600E-02
6.61 	 -.7221689E-03
6.62 	 .1094116E-01
6.63 	 .2384275E-01
6.64 	 .2766077E-01
6.65 	 .1929860E-01
6.66 	 .9899188E-02
6.67 	 .4884982E-03
6.68 	 -.9006058E-02
6.69 	 -.1390690E-01
6.7 	 -.1967419E-01
6.71 	 -.2648003E-01
6.72 	 -.3467085E-01
6.73 	 -.4089975E-01
6.74 	 -.4082885E-01
6.75 	 -.2322424E-01
6.76 	 .3772178E-02
6.77 	 .2652759E-01
6.78 	 .3305486E-01
6.79 	 .2466147E-01
6.8 	 .2228141E-01
6.81 	 .1823492E-01
6.82 	 .1545930E-01
6.83 	 .1049906E-01
6.84 	 .3043998E-02
6.85 	 -.3996557E-02
6.86 	 -.7898003E-02
6.87 	 -.1148360E-01
6.88 	 -.1646400E-01
6.89 	 -.2555636E-01
6.9 	 -.2705314E-01
6.91 	 -.1349667E-01
6.92 	 .2678680E-02
6.93 	 .1931168E-01
6.94 	 .2922909E-01
6.95 	 .2532615E-01
6.96 	 .1030219E-01
6.97 	 -.5355091E-03
6.98 	 -.7723263E-02
6.99 	 -.1076657E-01
7.0 	 -.1358873E-01
7.01 	 -.4858249E-02
7.02 	 .1125481E-01
7.03 	 .2738629E-01
7.04 	 .2271390E-01
7.05 	 .1187880E-01
7.06 	 .4675263E-02
7.07 	 -.7864352E-02
7.08 	 -.1296845E-01
7.09 	 -.1763913E-01
7.1 	 -.1314979E-01
7.11 	 -.4216154E-02
7.12 	 .8467505E-02
7.13 	 .2146507E-01
7.14 	 .2950999E-01
7.15 	 .2571014E-01
7.16 	 .2541954E-01
7.17 	 .2680301E-01
7.18 	 .1713579E-01
7.19 	 .9328716E-02
7.2 	 .6703292E-02
7.21 	 .9289373E-02
7.22 	 .1360623E-01
7.23 	 .2247818E-01
7.24 	 .2449632E-01
7.25 	 .2014005E-01
7.26 	 .5526675E-02
7.27 	 -.1004166E-01
7.28 	 -.2232216E-01
7.29 	 -.2827373E-01
7.3 	 -.2858300E-01
7.31 	 -.2512917E-01
7.32 	 -.2106086E-01
7.33 	 -.1780598E-01
7.34 	 -.1490397E-01
7.35 	 -.1035933E-01
7.36 	 -.4212897E-02
7.37 	 -.2536211E-02
7.38 	 -.2371067E-02
7.39 	 -.7019562E-03
7.4 	 .2443176E-02
7.41 	 .1270362E-03
7.42 	 -.4243059E-02
7.43 	 -.9189195E-02
7.44 	 -.1130196E-01
7.45 	 -.1139379E-01
7.46 	 -.5895016E-02
7.47 	 -.1838782E-02
7.48 	 .4075576E-02
7.49 	 .9415336E-02
7.5 	 .1203903E-01
7.51 	 .8684934E-02
7.52 	 .3030724E-02
7.53 	 .1411025E-02
7.54 	 -.5512548E-03
7.55 	 -.2372220E-02
7.56 	 -.8814487E-02
7.57 	 -.1069721E-01
7.58 	 -.1154270E-01
7.59 	 -.1108109E-01
7.6 	 -.5845262E-02
7.61 	 -.7262911E-02
7.62 	 -.1138402E-01
7.63 	 -.1348941E-01
7.64 	 -.1517520E-01
7.65 	 -.1150482E-01
7.66 	 -.8046489E-02
7.67 	 -.5212124E-02
7.68 	 .2215724E-02
7.69 	 .3349655E-02
7.7 	 .4180851E-02
7.71 	 .2827235E-02
7.72 	 .3941657E-02
7.73 	 .2024286E-02
7.74 	 .3016896E-03
7.75 	 .5953500E-02
7.76 	 .1202169E-01
7.77 	 .1885806E-01
7.78 	 .2791457E-01
7.79 	 .2202269E-01
7.8 	 .1145100E-01
7.81 	 .8456760E-02
7.82 	 .3752992E-02
7.83 	 .4211573E-02
7.84 	 .4940432E-02
7.85 	 .2675528E-02
7.86 	 -.3522426E-03
7.87 	 -.6616774E-02
7.88 	 -.1704493E-01
7.89 	 -.2385339E-01
7.9 	 -.3019500E-01
7.91 	 -.3534823E-01
7.92 	 -.3421657E-01
7.93 	 -.2665923E-01
7.94 	 -.1869236E-01
7.95 	 -.1181742E-01
7.96 	 -.7366283E-02
7.97 	 -.3962366E-02
7.98 	 -.2738193E-02
7.99 	 -.9178252E-03
8.0 	 .3166986E-02
8.01 	 .7208211E-02
8.02 	 .1630325E-01
8.03 	 .2494912E-01
8.04 	 .3214957E-01
8.05 	 .3532815E-01
8.06 	 .3259473E-01
8.07 	 .3048029E-01
8.08 	 .2172536E-01
8.09 	 .1245062E-01
8.1 	 .1906522E-02
8.11 	 .4284609E-03
8.12 	 .8918104E-02
8.13 	 .1638697E-01
8.14 	 .1828868E-01
8.15 	 .1363632E-01
8.16 	 .5356428E-02
8.17 	 -.5266491E-02
8.18 	 -.1067055E-01
8.19 	 -.1205121E-01
8.2 	 -.9964728E-02
8.21 	 -.6034294E-02
8.22 	 -.2942501E-02
8.23 	 -.4392815E-02
8.24 	 -.6743198E-02
8.25 	 -.9421668E-02
8.26 	 -.1090951E-01
8.27 	 -.8965015E-02
8.28 	 -.6811742E-02
8.29 	 -.8227282E-02
8.3 	 -.1125560E-01
8.31 	 -.1596938E-01
8.32 	 -.2167076E-01
8.33 	 -.2357625E-01
8.34 	 -.2421296E-01
8.35 	 -.2517103E-01
8.36 	 -.2354361E-01
8.37 	 -.2037133E-01
8.38 	 -.8668552E-02
8.39 	 .7584346E-03
8.4 	 .6457979E-02
8.41 	 .1077465E-01
8.42 	 .1198635E-01
8.43 	 .1354229E-01
8.44 	 .1796355E-01
8.45 	 .2632972E-01
8.46 	 .2898274E-01
8.47 	 .3014007E-01
8.48 	 .2725985E-01
8.49 	 .1889410E-01
8.5 	 .1355610E-01
8.51 	 .1186151E-01
8.52 	 .6753429E-02
8.53 	 -.2367950E-02
8.54 	 -.1357383E-01
8.55 	 -.1839005E-01
8.56 	 -.1943851E-01
8.57 	 -.1894016E-01
8.58 	 -.2105501E-01
8.59 	 -.2369118E-01
8.6 	 -.2120051E-01
8.61 	 -.2057642E-01
8.62 	 -.1778571E-01
8.63 	 -.1631369E-01
8.64 	 -.7715227E-02
8.65 	 -.2270661E-02
8.66 	 -.5046865E-03
8.67 	 .2233882E-02
8.68 	 .6603687E-02
8.69 	 .6659953E-02
8.7 	 .1005011E-01
8.71 	 .1236742E-01
8.72 	 .5292071E-02
8.73 	 .1193776E-02
8.74 	 -.4134990E-02
8.75 	 -.7492765E-02
8.76 	 -.5742261E-02
8.77 	 -.3947534E-02
8.78 	 .1862225E-02
8.79 	 .6523894E-02
8.8 	 .1113640E-01
8.81 	 .2054584E-01
8.82 	 .1692307E-01
8.83 	 .1220739E-01
8.84 	 .1085116E-01
8.85 	 .4916571E-02
8.86 	 -.1765933E-03
8.87 	 -.6583496E-02
8.88 	 -.1215479E-01
8.89 	 -.1171972E-01
8.9 	 -.4763669E-02
8.91 	 .5600418E-02
8.92 	 .9582098E-02
8.93 	 .1435668E-01
8.94 	 .1882347E-01
8.95 	 .1786131E-01
8.96 	 .1930726E-01
8.97 	 .2223406E-01
8.98 	 .2350118E-01
8.99 	 .2035400E-01
9.0 	 .1524785E-01
9.01 	 .1093033E-01
9.02 	 .6698612E-02
9.03 	 .5268319E-02
9.04 	 .7532361E-02
9.05 	 .9550800E-02
9.06 	 .1052930E-01
9.07 	 .1256488E-01
9.08 	 .7502707E-02
9.09 	 -.1281871E-02
9.1 	 -.5149416E-02
9.11 	 -.8533419E-02
9.12 	 -.7471153E-02
9.13 	 -.5985755E-02
9.14 	 -.9425046E-02
9.15 	 -.1003139E-01
9.16 	 -.1161024E-01
9.17 	 -.1476918E-01
9.18 	 -.1723053E-01
9.19 	 -.1752516E-01
9.2 	 -.1245289E-01
9.21 	 -.7835011E-02
9.22 	 -.7382634E-02
9.23 	 -.6066107E-02
9.24 	 -.4990490E-02
9.25 	 -.6030262E-02
9.26 	 -.7224729E-02
9.27 	 -.8083792E-02
9.28 	 -.8054530E-02
9.29 	 -.3393387E-02
9.3 	 .1383341E-02
9.31 	 -.1144722E-02
9.32 	 .5662794E-03
9.33 	 .4148915E-02
9.34 	 .5294496E-02
9.35 	 .2558705E-02
9.36 	 -.1090240E-02
9.37 	 -.4458158E-03
9.38 	 .4530752E-03
9.39 	 .7147102E-02
9.4 	 .1258151E-01
9.41 	 .1295918E-01
9.42 	 .6325281E-02
9.43 	 -.4905860E-02
9.44 	 -.1006414E-01
9.45 	 -.1102097E-01
9.46 	 -.1272315E-01
9.47 	 -.1510599E-01
9.48 	 -.1163049E-01
9.49 	 -.9548402E-02
9.5 	 -.7393171E-02
9.51 	 -.1607456E-02
9.52 	 .5828053E-03
9.53 	 -.5555446E-03
9.54 	 -.3622017E-02
9.55 	 -.4601250E-02
9.56 	 -.1947890E-02
9.57 	 .4404640E-02
9.58 	 .8800025E-02
9.59 	 .1107817E-01
9.6 	 .1444536E-01
9.61 	 .1594616E-01
9.62 	 .1274943E-01
9.63 	 .8141948E-02
9.64 	 .3831185E-02
9.65 	 -.1969617E-03
9.66 	 -.3281962E-02
9.67 	 .4684124E-03
9.68 	 .5975422E-02
9.69 	 .8490558E-02
9.7 	 .1044538E-01
9.71 	 .1040024E-01
9.72 	 .5499029E-02
9.73 	 .3607194E-02
9.74 	 .2505628E-02
9.75 	 -.2209941E-02
9.76 	 -.4438452E-02
9.77 	 -.6914643E-02
9.78 	 -.5864384E-02
9.79 	 -.2375725E-02
9.8 	 -.2680469E-02
9.81 	 -.3261660E-02
9.82 	 -.8767449E-02
9.83 	 -.1093254E-01
9.84 	 -.8089390E-02
9.85 	 -.6157395E-02
9.86 	 -.5541389E-02
9.87 	 -.3156888E-02
9.88 	 .3281089E-02
9.89 	 .5703757E-03
9.9 	 -.7843264E-03
9.91 	 -.2761560E-02
9.92 	 .2208706E-03
9.93 	 .2072614E-02
9.94 	 -.1071271E-03
9.95 	 .2331467E-02
9.96 	 .2651062E-02
9.97 	 .6259198E-03
9.98 	 .1577081E-02
9.99 	 -.6857299E-04
10.0 	 -.2476799E-02
10.01 	 .2110554E-02
10.02 	 .5111702E-02
10.03 	 .8045132E-02
10.04 	 .7227833E-02
10.05 	 .3377644E-02
10.06 	 -.6280710E-03
10.07 	 -.1576684E-02
10.08 	 -.6179970E-03
10.09 	 .9590970E-03
10.1 	 .2798773E-02
10.11 	 .3130947E-02
10.12 	 -.1173966E-02
10.13 	 -.5518604E-02
10.14 	 -.6857973E-02
10.15 	 -.7286354E-02
10.16 	 -.9346091E-02
10.17 	 -.1266671E-01
10.18 	 -.1605317E-01
10.19 	 -.1780593E-01
10.2 	 -.1723797E-01
10.21 	 -.1620929E-01
10.22 	 -.1317355E-01
10.23 	 -.1202128E-01
10.24 	 -.1034164E-01
10.25 	 -.6239597E-02
10.26 	 -.3502253E-02
10.27 	 .3432479E-03
10.28 	 .1565934E-02
10.29 	 .1800778E-02
10.3 	 .3953789E-02
10.31 	 .4369468E-02
10.32 	 .1838438E-02
10.33 	 .2346857E-03
10.34 	 .6129749E-03
10.35 	 .2830572E-02
10.36 	 .5076566E-02
10.37 	 .4738120E-02
10.38 	 .6195151E-02
10.39 	 .4728250E-02
10.4 	 .2681460E-02
10.41 	 -.2543038E-03
10.42 	 .2337655E-02
10.43 	 .2869619E-02
10.44 	 .1927944E-02
10.45 	 .5188854E-02
10.46 	 .5141340E-02
10.47 	 .3171373E-02
10.48 	 .1730591E-02
10.49 	 .4283489E-02
10.5 	 .7372913E-02
10.51 	 .1017379E-01
10.52 	 .1346383E-01
10.53 	 .1280598E-01
10.54 	 .9198655E-02
10.55 	 .4263730E-02
10.56 	 .1565398E-02
10.57 	 -.2853366E-02
10.58 	 -.6416126E-02
10.59 	 -.4617204E-02
10.6 	 -.3463492E-02
10.61 	 -.2149339E-02
10.62 	 -.3683856E-02
10.63 	 -.4030443E-02
10.64 	 -.4058888E-02
10.65 	 -.6417776E-02
10.66 	 -.8562781E-02
10.67 	 -.9221140E-02
10.68 	 -.5625022E-02
10.69 	 -.1523346E-02
10.7 	 .3275246E-02
10.71 	 .8138171E-02
10.72 	 .9187760E-02
10.73 	 .8389173E-02
10.74 	 .8567548E-02
10.75 	 .4432993E-02
10.76 	 .8262448E-03
10.77 	 -.5737883E-04
10.78 	 -.1703988E-02
10.79 	 .3613442E-03
10.8 	 .2498969E-02
10.81 	 .5394244E-02
10.82 	 .6211702E-02
10.83 	 .5849173E-02
10.84 	 .3681122E-02
10.85 	 .2632700E-02
10.86 	 .3457027E-02
10.87 	 .2508672E-02
10.88 	 .1283295E-02
10.89 	 -.1492093E-04
10.9 	 .8736765E-03
10.91 	 .5488362E-03
10.92 	 .4895457E-02
10.93 	 .6746344E-02
10.94 	 .1310143E-02
10.95 	 -.4808044E-02
10.96 	 -.1134570E-01
10.97 	 -.1063668E-01
10.98 	 -.1053582E-01
10.99 	 -.9058882E-02
11.0 	 -.7722512E-02
11.01 	 -.7637016E-02
11.02 	 -.5366040E-02
11.03 	 -.6518185E-02
11.04 	 -.6890423E-02
11.05 	 -.3090119E-02
11.06 	 .3457581E-02
11.07 	 .7503197E-02
11.08 	 .5715649E-02
11.09 	 .3413456E-02
11.1 	 .4143253E-02
11.11 	 .7877469E-02
11.12 	 .8473536E-02
11.13 	 .7087186E-02
11.14 	 .5168238E-02
11.15 	 .2484138E-02
11.16 	 .1136284E-02
11.17 	 .1586944E-03
11.18 	 .1889365E-02
11.19 	 .7924947E-03
11.2 	 -.3583541E-02
11.21 	 -.6221707E-02
11.22 	 -.2031387E-02
11.23 	 .1813729E-02
11.24 	 .2774187E-02
11.25 	 .4921412E-02
11.26 	 .2314282E-02
11.27 	 .2921985E-03
11.28 	 -.1714984E-02
11.29 	 -.2334835E-02
11.3 	 -.3412177E-03
11.31 	 .6316382E-03
11.32 	 .5298651E-03
11.33 	 .3149382E-02
11.34 	 .4490993E-02
11.35 	 .4017131E-02
11.36 	 .8408918E-02
11.37 	 .8656513E-02
11.38 	 .8614546E-02
11.39 	 .8092733E-02
11.4 	 .5198766E-02
11.41 	 .9507394E-03
11.42 	 -.2897809E-02
11.43 	 -.8548946E-02
11.44 	 -.1189670E-01
11.45 	 -.1177650E-01
11.46 	 -.1166956E-01
11.47 	 -.1124527E-01
11.48 	 -.1032766E-01
11.49 	 -.9132402E-02
11.5 	 -.8515227E-02
11.51 	 -.6937337E-02
11.52 	 -.5854155E-02
11.53 	 -.4098862E-02
11.54 	 -.3033212E-02
11.55 	 -.1842618E-02
11.56 	 -.1453437E-02
11.57 	 -.6387533E-03
11.58 	 -.1631888E-02
11.59 	 -.8027133E-03
11.6 	 .5135292E-02
11.61 	 .1049272E-01
11.62 	 .1040208E-01
11.63 	 .7623253E-02
11.64 	 .4070123E-02
11.65 	 .5883346E-03
11.66 	 -.2223016E-02
11.67 	 .2040828E-03
11.68 	 .4388621E-03
11.69 	 -.1295757E-02
11.7 	 -.3124895E-02
11.71 	 -.2854340E-02
11.72 	 .8596852E-03
11.73 	 .2636888E-02
11.74 	 .7311572E-02
11.75 	 .7489343E-02
11.76 	 .5255409E-02
11.77 	 .2572680E-02
11.78 	 -.1897161E-02
11.79 	 -.3394238E-02
11.8 	 -.4651210E-02
11.81 	 -.4729425E-02
11.82 	 -.3850483E-02
11.83 	 -.7823979E-03
11.84 	 -.9637126E-03
11.85 	 .8837864E-03
11.86 	 .1889051E-02
11.87 	 .4612428E-02
11.88 	 .6930703E-02
11.89 	 .4982920E-02
11.9 	 .7742634E-02
11.91 	 .8667513E-02
11.92 	 .1041936E-01
11.93 	 .1304772E-01
11.94 	 .1450323E-01
11.95 	 .1269135E-01
11.96 	 .9824771E-02
11.97 	 .7589581E-02
11.98 	 .4539565E-02
11.99 	 .6058504E-02
12.0 	 .5000200E-02
12.01 	 .3396729E-02
12.02 	 .1126163E-02
12.03 	 -.4080145E-02
12.04 	 -.8276796E-02
12.05 	 -.9003166E-02
12.06 	 -.7228497E-02
12.07 	 -.6531046E-02
12.08 	 -.2944813E-02
12.09 	 -.4613825E-02
12.1 	 -.5045056E-02
12.11 	 -.5028470E-02
12.12 	 -.4082291E-02
12.13 	 -.3170509E-02
12.14 	 -.2685912E-02
12.15 	 -.1669739E-02
12.16 	 -.2407300E-02
12.17 	 -.3713127E-02
12.18 	 -.3262262E-02
12.19 	 -.5025794E-02
12.2 	 -.7379215E-02
12.21 	 -.1030794E-01
12.22 	 -.1086789E-01
12.23 	 -.1004795E-01
12.24 	 -.1024381E-01
12.25 	 -.9528945E-02
12.26 	 -.8887071E-02
12.27 	 -.6566807E-02
12.28 	 -.3187678E-02
12.29 	 .1246918E-02
12.3 	 .3305807E-02
12.31 	 .2716232E-02
12.32 	 .4578390E-03
12.33 	 -.1903621E-02
12.34 	 -.6768682E-02
12.35 	 -.7960358E-02
12.36 	 -.6331941E-02
12.37 	 -.3708254E-02
12.38 	 .7707296E-03
12.39 	 .1317795E-02
12.4 	 .1159497E-02
12.41 	 .1217568E-02
12.42 	 .2901157E-02
12.43 	 .4322247E-02
12.44 	 .2980922E-02
12.45 	 .4504758E-02
12.46 	 .1294048E-02
12.47 	 .6662838E-03
12.48 	 .1551496E-02
12.49 	 .1307163E-02
12.5 	 .3241796E-02
12.51 	 .1648353E-02
12.52 	 .1624782E-02
12.53 	 .1270299E-02
12.54 	 .3116524E-02
12.55 	 .3808638E-02
12.56 	 .5534133E-02
12.57 	 .7259369E-02
12.58 	 .7591729E-02
12.59 	 .7386904E-02
12.6 	 .5743481E-02
12.61 	 .6447459E-02
12.62 	 .5369691E-02
12.63 	 .5242441E-02
12.64 	 .5745500E-02
12.65 	 .7127329E-02
12.66 	 .5851719E-02
12.67 	 .6662704E-02
12.68 	 .4315518E-02
12.69 	 .2399067E-02
12.7 	 .2397000E-02
12.71 	 .9821383E-03
12.72 	 -.1083416E-02
12.73 	 -.2969778E-02
12.74 	 -.4446366E-02
12.75 	 -.6878791E-02
12.76 	 -.6666353E-02
12.77 	 -.5536962E-02
12.78 	 -.6089735E-02
12.79 	 -.6341629E-02
12.8 	 -.7676788E-02
12.81 	 -.1114050E-01
12.82 	 -.1266156E-01
12.83 	 -.1162247E-01
12.84 	 -.8353616E-02
12.85 	 -.7432543E-02
12.86 	 -.5002455E-02
12.87 	 -.2432848E-02
12.88 	 -.3293816E-02
12.89 	 -.1191923E-02
12.9 	 -.1599418E-02
12.91 	 -.3069422E-02
12.92 	 -.1115639E-02
12.93 	 -.3814549E-02
12.94 	 -.2004595E-02
12.95 	 -.1022627E-02
12.96 	 .2297789E-02
12.97 	 .1812582E-02
12.98 	 -.1399270E-02
12.99 	 -.2376460E-02
13.0 	 -.4776755E-02
13.01 	 -.3535501E-02
13.02 	 -.3519772E-02
13.03 	 -.1141396E-02
13.04 	 .2070719E-02
13.05 	 .7393081E-02
13.06 	 .8869321E-02
13.07 	 .8321768E-02
13.08 	 .8338886E-02
13.09 	 .8791110E-02
13.1 	 .8224323E-02
13.11 	 .5860808E-02
13.12 	 .6940023E-02
13.13 	 .6277762E-02
13.14 	 .7090754E-02
13.15 	 .6338272E-02
13.16 	 .7037390E-02
13.17 	 .7808324E-02
13.18 	 .6582329E-02
13.19 	 .6781065E-02
13.2 	 .3997476E-02
13.21 	 .3011324E-02
13.22 	 .2372132E-02
13.23 	 -.1011187E-02
13.24 	 -.1593572E-02
13.25 	 -.4842535E-02
13.26 	 -.6243017E-02
13.27 	 -.6165585E-02
13.28 	 -.4388365E-02
13.29 	 -.3029051E-02
13.3 	 -.1945527E-02
13.31 	 -.8964967E-03
13.32 	 -.2851504E-02
13.33 	 -.1849270E-02
13.34 	 -.3246293E-02
13.35 	 -.3947284E-02
13.36 	 -.4191771E-02
13.37 	 -.4001802E-02
13.38 	 -.5676956E-02
13.39 	 -.4710563E-02
13.4 	 -.2457399E-02
13.41 	 -.2657812E-02
13.42 	 -.4381783E-02
13.43 	 -.5372008E-02
13.44 	 -.5600183E-02
13.45 	 -.3348194E-02
13.46 	 .3878770E-03
13.47 	 .2834857E-02
13.48 	 .5377179E-02
13.49 	 .4910152E-02
13.5 	 .5098641E-02
13.51 	 .3020231E-02
13.52 	 .4052099E-02
13.53 	 .3464244E-02
13.54 	 .9461496E-03
13.55 	 .3465118E-02
13.56 	 .7149610E-03
13.57 	 .3187813E-02
13.58 	 .3895633E-02
13.59 	 .3287549E-02
13.6 	 .4732968E-02
13.61 	 .2323612E-02
13.62 	 .4025083E-02
13.63 	 .4045257E-02
13.64 	 .3049460E-02
13.65 	 .1450681E-02
13.66 	 .2886340E-02
13.67 	 .2633579E-02
13.68 	 .5415329E-03
13.69 	 -.2173805E-02
13.7 	 .1130076E-02
13.71 	 .3475170E-02
13.72 	 .5373484E-02
13.73 	 .6558376E-02
13.74 	 .6233080E-02
13.75 	 .5499407E-02
13.76 	 .2734621E-02
13.77 	 .3499310E-02
13.78 	 .2871917E-02
13.79 	 .4858387E-02
13.8 	 .5859132E-03
13.81 	 -.3112791E-03
13.82 	 -.1795868E-02
13.83 	 -.5986466E-02
13.84 	 -.4874422E-02
13.85 	 -.3317985E-02
13.86 	 -.3952581E-02
13.87 	 -.5486726E-02
13.88 	 -.6822576E-02
13.89 	 -.7783095E-02
13.9 	 -.1064369E-01
13.91 	 -.9699003E-02
13.92 	 -.1018027E-01
13.93 	 -.8506683E-02
13.94 	 -.6831794E-02
13.95 	 -.8206233E-02
13.96 	 -.6970982E-02
13.97 	 -.8377871E-02
13.98 	 -.6296412E-02
13.99 	 -.3738927E-02
14.0 	 -.3477793E-02
14.01 	 -.7677098E-03
14.02 	 .7995590E-03
14.03 	 -.1557662E-02
14.04 	 .1592695E-03
14.05 	 -.9649889E-03
14.06 	 .1027727E-02
14.07 	 -.5174397E-03
14.08 	 -.1307483E-02
14.09 	 -.2353609E-02
14.1 	 -.4980390E-02
14.11 	 -.3600868E-02
14.12 	 -.4614956E-02
14.13 	 -.4260371E-02
14.14 	 -.3468257E-02
14.15 	 -.3257462E-04
14.16 	 .2546407E-02
14.17 	 .4325519E-02
14.18 	 .5226772E-02
14.19 	 .5876772E-02
14.2 	 .6695652E-02
14.21 	 .7080307E-02
14.22 	 .8467001E-02
14.23 	 .8013246E-02
14.24 	 .4504785E-02
14.25 	 .1744416E-02
14.26 	 .2687302E-02
14.27 	 .3352094E-02
14.28 	 .2816753E-02
14.29 	 .3621838E-02
14.3 	 .7387868E-03
14.31 	 .2426911E-04
14.32 	 .5921495E-03
14.33 	 .7039460E-03
14.34 	 -.9400038E-03
14.35 	 -.1005108E-02
14.36 	 -.7428342E-03
14.37 	 .5570047E-03
14.38 	 .3409547E-02
14.39 	 .5718382E-02
14.4 	 .5764687E-02
14.41 	 .3261809E-02
14.42 	 .3195851E-02
14.43 	 .3005893E-02
14.44 	 .3756255E-02
14.45 	 .4097435E-02
14.46 	 .5732474E-02
14.47 	 .4918900E-02
14.48 	 .1165388E-02
14.49 	 .8375274E-03
14.5 	 .9568852E-03
14.51 	 -.4895842E-03
14.52 	 -.3091340E-02
14.53 	 -.4216957E-02
14.54 	 -.3757821E-02
14.55 	 -.3825953E-02
14.56 	 -.2282781E-02
14.57 	 -.6742897E-04
14.58 	 -.1973612E-02
14.59 	 -.5093375E-02
14.6 	 -.3925652E-02
14.61 	 -.5129504E-02
14.62 	 -.5492294E-02
14.63 	 -.2903524E-02
14.64 	 -.1468251E-02
14.65 	 -.2426715E-02
14.66 	 -.8268831E-04
14.67 	 .4668089E-03
14.68 	 -.8182204E-03
14.69 	 -.1381649E-02
14.7 	 -.2760772E-02
14.71 	 -.2837953E-02
14.72 	 -.3369082E-02
14.73 	 -.8126095E-03
14.74 	 .2196199E-02
14.75 	 .1928831E-02
14.76 	 .1651139E-02
14.77 	 .3026531E-02
14.78 	 .1928347E-02
14.79 	 .3390000E-02
14.8 	 .6275061E-03
14.81 	 -.2584200E-02
14.82 	 -.2261314E-02
14.83 	 -.3195243E-02
14.84 	 -.1497894E-02
14.85 	 -.4717012E-03
14.86 	 .4183499E-03
14.87 	 .1267908E-02
14.88 	 .3212390E-02
14.89 	 .4200727E-02
14.9 	 .4243479E-02
14.91 	 .3944021E-02
14.92 	 .4452771E-02
14.93 	 .6983460E-02
14.94 	 .4443868E-02
14.95 	 .2465359E-02
14.96 	 .3731537E-02
14.97 	 .3036903E-02
14.98 	 .1183750E-02
14.99 	 .9891589E-03
15.0 	 -.1141695E-02
15.01 	 -.2800310E-04
15.02 	 .9192910E-03
15.03 	 -.2339917E-03
15.04 	 -.5374673E-03
15.05 	 -.2027296E-02
15.06 	 -.3327679E-02
15.07 	 -.1100580E-02
15.08 	 .1080994E-02
15.09 	 -.4380935E-04
15.1 	 .1778477E-02
15.11 	 .1348877E-02
15.12 	 .1970149E-02
15.13 	 -.6983126E-03
15.14 	 .1307367E-02
15.15 	 .9226571E-03
15.16 	 .6962139E-03
15.17 	 -.2192457E-04
15.18 	 -.2287993E-02
15.19 	 -.1835640E-02
15.2 	 -.2686624E-02
15.21 	 -.2897363E-02
15.22 	 -.4667185E-02
15.23 	 -.3284623E-02
15.24 	 -.4298550E-02
15.25 	 -.1795373E-02
15.26 	 -.2089548E-02
15.27 	 -.3475043E-02
15.28 	 -.4043007E-03
15.29 	 -.2818056E-02
15.3 	 -.1394066E-02
15.31 	 -.2286258E-02
15.32 	 -.2234115E-02
15.33 	 -.1891103E-02
15.34 	 .3848524E-03
15.35 	 -.1307463E-02
15.36 	 -.3622882E-02
15.37 	 -.1729529E-02
15.38 	 -.2669948E-02
15.39 	 -.1151577E-02
15.4 	 .7843035E-05
15.41 	 .1285075E-02
15.42 	 -.9174716E-04
15.43 	 -.4255224E-03
15.44 	 -.1687782E-02
15.45 	 -.3388410E-02
15.46 	 -.2808553E-02
15.47 	 .1200308E-03
15.48 	 .8319694E-03
15.49 	 .3535620E-02
15.5 	 .3842800E-02
15.51 	 .4748232E-02
15.52 	 .5355909E-02
15.53 	 .4713906E-02
15.54 	 .5932107E-02
15.55 	 .7215744E-02
15.56 	 .7355080E-02
15.57 	 .7322703E-02
15.58 	 .8240799E-02
15.59 	 .5734991E-02
15.6 	 .5498034E-02
15.61 	 .2432903E-02
15.62 	 .2574957E-02
15.63 	 .2050829E-02
15.64 	 -.2096059E-03
15.65 	 -.1020849E-02
15.66 	 -.3122518E-02
15.67 	 -.3495659E-02
15.68 	 -.4303206E-02
15.69 	 -.4456611E-02
15.7 	 -.5357990E-02
15.71 	 -.2213014E-02
15.72 	 -.2674232E-02
15.73 	 -.4086980E-02
15.74 	 -.2104057E-02
15.75 	 -.2031121E-02
15.76 	 -.1593335E-02
15.77 	 -.2503563E-02
15.78 	 -.1842687E-02
15.79 	 -.1785941E-02
15.8 	 -.2508430E-02
15.81 	 -.3081457E-02
15.82 	 -.4848831E-02
15.83 	 -.6041376E-02
15.84 	 -.6351487E-02
15.85 	 -.4339484E-02
15.86 	 -.4840813E-02
15.87 	 -.4771756E-02
15.88 	 -.2460905E-02
15.89 	 -.5275917E-03
15.9 	 -.3959225E-03
15.91 	 .1367390E-03
15.92 	 .1022601E-02
15.93 	 .6606731E-03
15.94 	 -.6146100E-04
15.95 	 .3022362E-03
15.96 	 -.1621440E-03
15.97 	 .1060048E-02
15.98 	 .6344014E-04
15.99 	 -.9571162E-03
16.0 	 .1826472E-02
16.01 	 .3282730E-02
16.02 	 .4156647E-02
16.03 	 .3428922E-02
16.04 	 .2761676E-02
16.05 	 .1821338E-02
16.06 	 .1774623E-02
16.07 	 -.1530696E-02
16.08 	 -.8691079E-04
16.09 	 .9510682E-03
16.1 	 .1547551E-03
16.11 	 -.8608826E-03
16.12 	 -.2157943E-02
16.13 	 -.2147185E-02
16.14 	 -.1162951E-02
16.15 	 .8308770E-03
16.16 	 -.1937026E-03
16.17 	 .1543988E-02
16.18 	 .2946964E-02
16.19 	 .3840681E-02
16.2 	 .2282054E-02
16.21 	 .1218152E-02
16.22 	 .2029830E-02
16.23 	 .7789578E-03
16.24 	 -.1160488E-02
16.25 	 .2565084E-02
16.26 	 .1641828E-02
16.27 	 -.5687826E-03
16.28 	 .1420291E-02
16.29 	 .5743131E-03
16.3 	 .2239315E-03
16.31 	 .2303047E-03
16.32 	 .2952942E-02
16.33 	 .1316172E-02
16.34 	 .4225364E-02
16.35 	 .5302424E-02
16.36 	 .3226772E-02
16.37 	 .2214078E-02
16.38 	 .2361867E-02
16.39 	 .6961360E-03
16.4 	 -.2353694E-02
16.41 	 -.5416136E-04
16.42 	 -.9251447E-04
16.43 	 .5320779E-03
16.44 	 .1015708E-03
16.45 	 -.2242319E-03
16.46 	 -.1441735E-02
16.47 	 -.2118346E-02
16.48 	 -.4439825E-02
16.49 	 -.5820473E-02
16.5 	 -.3613214E-02
16.51 	 -.2248162E-02
16.52 	 -.2511906E-02
16.53 	 -.6780242E-03
16.54 	 -.1202121E-02
16.55 	 -.1754295E-02
16.56 	 -.1874602E-02
16.57 	 -.9687405E-05
16.58 	 .3499178E-02
16.59 	 .4313298E-02
16.6 	 .5179718E-02
16.61 	 .6446849E-02
16.62 	 .4723575E-02
16.63 	 .2897605E-02
16.64 	 .1282858E-02
16.65 	 -.3167986E-03
16.66 	 -.1628935E-02
16.67 	 -.2401870E-02
16.68 	 -.2054551E-02
16.69 	 -.8877441E-03
16.7 	 .1223741E-02
16.71 	 .3871317E-02
16.72 	 .5051517E-03
16.73 	 -.1110680E-02
16.74 	 -.3532681E-03
16.75 	 -.5690092E-02
16.76 	 -.5496169E-02
16.77 	 -.8559855E-02
16.78 	 -.7666775E-02
16.79 	 -.4325842E-02
16.8 	 -.2889035E-02
16.81 	 -.2607749E-02
16.82 	 -.2218372E-02
16.83 	 -.1003961E-02
16.84 	 -.3380692E-02
16.85 	 -.2111420E-02
16.86 	 -.3042660E-02
16.87 	 -.4225499E-02
16.88 	 -.2950365E-02
16.89 	 -.1120592E-02
16.9 	 -.1070732E-02
16.91 	 -.9654903E-03
16.92 	 .9070515E-03
16.93 	 .6157416E-03
16.94 	 .2093835E-02
16.95 	 .2294285E-02
16.96 	 .1552895E-02
16.97 	 -.8786337E-04
16.98 	 .9496519E-04
16.99 	 -.5973464E-03
17.0 	 -.1639587E-02
17.01 	 -.9434196E-03
17.02 	 -.1786642E-02
17.03 	 -.1236389E-02
17.04 	 -.1051631E-02
17.05 	 -.5874707E-03
17.06 	 -.1492699E-02
17.07 	 -.3426734E-02
17.08 	 .7926321E-03
17.09 	 .2090977E-02
17.1 	 .1281749E-02
17.11 	 .2094078E-02
17.12 	 .2263757E-02
17.13 	 .2857236E-02
17.14 	 .2812626E-02
17.15 	 -.8062293E-04
17.16 	 .1539666E-02
17.17 	 .1243059E-02
17.18 	 .1877057E-02
17.19 	 .5228973E-02
17.2 	 .4759978E-02
17.21 	 .4086294E-02
17.22 	 .4426049E-02
17.23 	 .6027351E-02
17.24 	 .6160498E-02
17.25 	 .7629550E-02
17.26 	 .5654263E-02
17.27 	 .5128921E-02
17.28 	 .6790235E-03
17.29 	 -.1136869E-02
17.3 	 -.6636647E-03
17.31 	 -.4105478E-03
17.32 	 .2526914E-02
17.33 	 .7037478E-03
17.34 	 .6867933E-03
17.35 	 .2187782E-02
17.36 	 .1106338E-02
17.37 	 .1184523E-03
17.38 	 -.2931014E-03
17.39 	 -.2162022E-02
17.4 	 -.4177611E-02
17.41 	 -.2760377E-02
17.42 	 -.2282558E-02
17.43 	 -.4182917E-02
17.44 	 -.6128401E-02
17.45 	 -.6029296E-02
17.46 	 -.4016728E-02
17.47 	 -.2300895E-02
17.48 	 -.1325583E-02
17.49 	 .5276186E-03
17.5 	 .2808152E-02
17.51 	 .3924398E-02
17.52 	 .2992884E-02
17.53 	 .4015074E-02
17.54 	 .6198997E-02
17.55 	 .5366819E-02
17.56 	 .4472767E-02
17.57 	 .4353326E-02
17.58 	 .5948131E-02
17.59 	 .4492678E-02
17.6 	 .3397779E-02
17.61 	 .2139889E-02
17.62 	 -.1703412E-02
17.63 	 -.1023836E-03
17.64 	 .3668020E-03
17.65 	 -.8138283E-03
17.66 	 -.1421061E-02
17.67 	 -.7177320E-04
17.68 	 -.1753087E-02
17.69 	 -.1387504E-02
17.7 	 -.2677237E-02
17.71 	 -.4067129E-02
17.72 	 -.3077088E-02
17.73 	 -.2822493E-02
17.74 	 -.3089199E-02
17.75 	 -.3852965E-03
17.76 	 .1319886E-02
17.77 	 .2381996E-02
17.78 	 .1963844E-02
17.79 	 .9215081E-03
17.8 	 .3158530E-02
17.81 	 .1075003E-02
17.82 	 .2299325E-02
17.83 	 .2799272E-02
17.84 	 .1505894E-02
17.85 	 .2931386E-03
17.86 	 -.6815722E-03
17.87 	 -.4251924E-02
17.88 	 -.6877454E-02
17.89 	 -.5924855E-02
17.9 	 -.4451070E-02
17.91 	 -.5074866E-02
17.92 	 -.6285170E-02
17.93 	 -.4987267E-02
17.94 	 -.5357363E-02
17.95 	 -.6179204E-02
17.96 	 -.5588743E-02
17.97 	 -.5249189E-02
17.98 	 -.4301366E-02
17.99 	 -.3935128E-02
18.0 	 -.4619693E-02
18.01 	 -.2857440E-02
18.02 	 -.1450147E-02
18.03 	 -.2376017E-02
18.04 	 .7627875E-04
18.05 	 .2284324E-02
18.06 	 .1250428E-02
18.07 	 .2220026E-02
18.08 	 .2085992E-02
18.09 	 .7207102E-03
18.1 	 .1639673E-02
18.11 	 .2840410E-02
18.12 	 .2987944E-02
18.13 	 .3273897E-02
18.14 	 .4235123E-02
18.15 	 .5213246E-02
18.16 	 .5354167E-02
18.17 	 .4099851E-02
18.18 	 .3318403E-02
18.19 	 .4488996E-02
18.2 	 .3225685E-02
18.21 	 .3741699E-02
18.22 	 .2564224E-02
18.23 	 .2188338E-02
18.24 	 .2037690E-02
18.25 	 .1395540E-02
18.26 	 .2026497E-02
18.27 	 .1254477E-02
18.28 	 .1759782E-02
18.29 	 .1545713E-02
18.3 	 .1283183E-02
18.31 	 .1464291E-02
18.32 	 .1765474E-02
18.33 	 .8253706E-03
18.34 	 .1918397E-02
18.35 	 .3297908E-02
18.36 	 .1317132E-02
18.37 	 .8295906E-03
18.38 	 -.1827930E-03
18.39 	 -.5137741E-03
18.4 	 -.1194774E-02
18.41 	 -.1616542E-02
18.42 	 .9232478E-03
18.43 	 -.1955216E-02
18.44 	 -.4447509E-02
18.45 	 -.4148291E-02
18.46 	 -.4211969E-02
18.47 	 -.3353635E-02
18.48 	 -.6062456E-02
18.49 	 -.8406109E-02
18.5 	 -.8161902E-02
18.51 	 -.6514402E-02
18.52 	 -.7397014E-02
18.53 	 -.6076883E-02
18.54 	 -.5928840E-02
18.55 	 -.6752713E-02
18.56 	 -.4992645E-02
18.57 	 -.5700601E-02
18.58 	 -.4777653E-02
18.59 	 -.2779596E-02
18.6 	 -.1306727E-02
18.61 	 -.2472800E-02
18.62 	 -.1243038E-02
18.63 	 .9637106E-03
18.64 	 .1310216E-02
18.65 	 .2097292E-02
18.66 	 .3333445E-02
18.67 	 .3109013E-02
18.68 	 .4749429E-02
18.69 	 .5238629E-02
18.7 	 .4411007E-02
18.71 	 .5515366E-02
18.72 	 .6019858E-02
18.73 	 .4078423E-02
18.74 	 .3038216E-02
18.75 	 .2325102E-02
18.76 	 .2351529E-02
18.77 	 .2798792E-02
18.78 	 .3899459E-02
18.79 	 .3525166E-02
18.8 	 .4058723E-02
18.81 	 .6115215E-02
18.82 	 .6118803E-02
18.83 	 .5700871E-02
18.84 	 .4568858E-02
18.85 	 .4674891E-02
18.86 	 .2522869E-02
18.87 	 .1391069E-02
18.88 	 .5979249E-03
18.89 	 -.3226240E-03
18.9 	 -.8047078E-03
18.91 	 -.1380757E-02
18.92 	 .6202849E-04
18.93 	 .2969060E-02
18.94 	 .3888631E-03
18.95 	 .1390758E-02
18.96 	 -.3900343E-04
18.97 	 -.3258152E-03
18.98 	 -.1223461E-02
18.99 	 -.3674633E-02
19.0 	 -.1930033E-02
19.01 	 -.2191192E-02
19.02 	 -.8546516E-03
19.03 	 -.9690766E-03
19.04 	 -.1804959E-02
19.05 	 -.1973738E-02
19.06 	 -.1935002E-02
19.07 	 -.3479057E-02
19.08 	 -.2698113E-02
19.09 	 -.4675268E-02
19.1 	 -.2729153E-02
19.11 	 -.9700169E-03
19.12 	 -.1762196E-02
19.13 	 -.1783893E-02
19.14 	 -.4967805E-02
19.15 	 -.3403825E-02
19.16 	 -.2147174E-02
19.17 	 -.3467876E-02
19.18 	 -.1347173E-02
19.19 	 -.4249781E-03
19.2 	 -.1634898E-02
19.21 	 -.1043187E-02
19.22 	 -.3188143E-03
19.23 	 -.9293988E-03
19.24 	 .2252444E-03
19.25 	 -.2224190E-03
19.26 	 -.1144215E-02
19.27 	 -.7271083E-03
19.28 	 .7148399E-03
19.29 	 .1089131E-02
19.3 	 .1422511E-02
19.31 	 .1346711E-02
19.32 	 .2141431E-02
19.33 	 .1870802E-02
19.34 	 .2588953E-02
19.35 	 .1122239E-02
19.36 	 .1782389E-02
19.37 	 .1776952E-02
19.38 	 .3987609E-03
19.39 	 .1000558E-02
19.4 	 -.2593028E-03
19.41 	 .8462559E-03
19.42 	 -.5913534E-03
19.43 	 -.6802914E-03
19.44 	 -.5182629E-03
19.45 	 -.5602726E-03
19.46 	 -.8395219E-03
19.47 	 -.8586084E-03
19.48 	 -.3449568E-03
19.49 	 .4265664E-03
19.5 	 -.2033735E-03
19.51 	 .1143951E-02
19.52 	 .1448575E-02
19.53 	 .1276749E-02
19.54 	 .9616946E-03
19.55 	 -.4825045E-04
19.56 	 .7194607E-03
19.57 	 -.6621500E-03
19.58 	 .2677666E-03
19.59 	 -.4827656E-05
19.6 	 -.1401462E-02
19.61 	 -.1878621E-03
19.62 	 -.6226327E-03
19.63 	 -.8272612E-03
19.64 	 -.8293904E-03
19.65 	 -.6888716E-04
19.66 	 -.1290346E-02
19.67 	 -.5694990E-02
19.68 	 -.3232783E-02
19.69 	 -.1884473E-02
19.7 	 -.6911119E-03
19.71 	 .7950592E-03
19.72 	 -.4153735E-04
19.73 	 -.3571364E-03
19.74 	 -.2250403E-02
19.75 	 -.3921774E-03
19.76 	 .6649028E-04
19.77 	 -.1111406E-02
19.78 	 .1726415E-02
19.79 	 .2247009E-02
19.8 	 .1345394E-02
19.81 	 .2742497E-02
19.82 	 .1118249E-02
19.83 	 .1269544E-02
19.84 	 -.1364272E-02
19.85 	 -.1055464E-02
19.86 	 .1123857E-03
19.87 	 .1860626E-03
19.88 	 .4903872E-03
19.89 	 .7471661E-03
19.9 	 .3512987E-02
19.91 	 .2217179E-02
19.92 	 .1588542E-02
19.93 	 .1016149E-02
19.94 	 .3275995E-02
19.95 	 .3423502E-02
19.96 	 .1957280E-02
19.97 	 .2359246E-02
19.98 	 .1605588E-02
19.99 	 -.1807200E-04
20.0 	 .1808256E-02
20.01 	 -.1370462E-03
20.02 	 -.1273172E-02
20.03 	 -.1087217E-02
20.04 	 -.2361729E-02
20.05 	 -.1159880E-02
20.06 	 -.7291364E-03
20.07 	 .1182445E-02
20.08 	 .9073814E-03
20.09 	 .6843900E-03
20.1 	 -.1575528E-03
20.11 	 -.6719464E-03
20.12 	 -.1670944E-02
20.13 	 -.8313031E-04
20.14 	 -.5158264E-03
20.15 	 -.1313451E-02
20.16 	 -.9013298E-03
20.17 	 -.4439992E-03
20.18 	 -.4784217E-03
20.19 	 -.2398704E-03
20.2 	 .4594074E-03
20.21 	 -.8237211E-03
20.22 	 .7253263E-03
20.23 	 .8660075E-04
20.24 	 .1615328E-02
20.25 	 .1915007E-03
20.26 	 .4822638E-04
20.27 	 .1695207E-02
20.28 	 .1141200E-02
20.29 	 .1510684E-02
20.3 	 .1519472E-02
20.31 	 .9509250E-03
20.32 	 -.5499646E-04
20.33 	 .1023595E-02
20.34 	 .4268702E-03
20.35 	 .6839163E-03
20.36 	 -.1211548E-03
20.37 	 .3617865E-03
20.38 	 .1055414E-02
20.39 	 -.1091568E-02
20.4 	 -.1049592E-02
20.41 	 .1028047E-03
20.42 	 .7091220E-03
20.43 	 .6856098E-03
20.44 	 .8207813E-03
20.45 	 .1218093E-02
20.46 	 .1893871E-02
20.47 	 .2453874E-02
20.48 	 .7627212E-03
20.49 	 -.2943427E-03
20.5 	 -.1196070E-02
20.51 	 -.6261085E-03
20.52 	 -.1122778E-03
20.53 	 .3584989E-03
20.54 	 .1995963E-03
20.55 	 -.9918645E-03
20.56 	 -.2002876E-03
20.57 	 -.1646662E-02
20.58 	 -.1765505E-02
20.59 	 -.8881354E-03
20.6 	 -.2207785E-02
20.61 	 -.1479136E-02
20.62 	 -.1741387E-02
20.63 	 -.1824345E-02
20.64 	 -.1187238E-02
20.65 	 -.2352011E-02
20.66 	 -.2744456E-02
20.67 	 -.9910105E-03
20.68 	 -.6594560E-03
20.69 	 -.9215947E-03
20.7 	 .1028064E-02
20.71 	 -.2537783E-03
20.72 	 -.2359107E-03
20.73 	 .3907299E-03
20.74 	 .9671809E-03
20.75 	 .6118050E-03
20.76 	 -.3448591E-03
20.77 	 -.1099395E-02
20.78 	 -.4338199E-03
20.79 	 -.1944050E-02
20.8 	 -.1215620E-02
20.81 	 .1149422E-03
20.82 	 .2825602E-03
20.83 	 .4887703E-03
20.84 	 -.6719794E-03
20.85 	 .9925313E-03
20.86 	 -.6609611E-03
20.87 	 .6574150E-03
20.88 	 .1159270E-02
20.89 	 .9871061E-03
20.9 	 .8766216E-03
20.91 	 .5842592E-03
20.92 	 .1091979E-02
20.93 	 .2831574E-02
20.94 	 .1733480E-02
20.95 	 .4567434E-03
20.96 	 .1829712E-02
20.97 	 .1694453E-02
20.98 	 .1039197E-02
20.99 	 -.7228664E-03
21.0 	 -.3173802E-02
21.01 	 -.3066910E-02
21.02 	 -.8817495E-03
21.03 	 -.2827881E-03
21.04 	 -.4723754E-04
21.05 	 .1375660E-02
21.06 	 .1220233E-02
21.07 	 .7380040E-03
21.08 	 .2683888E-02
21.09 	 .2856333E-02
21.1 	 .1942708E-02
21.11 	 .1417007E-03
21.12 	 -.7513923E-03
21.13 	 -.1323204E-04
21.14 	 -.3853385E-03
21.15 	 -.1386468E-02
21.16 	 -.9709272E-03
21.17 	 -.2956993E-02
21.18 	 -.3731554E-02
21.19 	 -.3295712E-02
21.2 	 -.4882070E-02
21.21 	 -.3576064E-02
21.22 	 -.3125791E-02
21.23 	 -.1703829E-02
21.24 	 -.2541704E-03
21.25 	 .4270534E-03
21.26 	 .2046378E-02
21.27 	 .1337621E-02
21.28 	 .2024754E-02
21.29 	 .1113813E-02
21.3 	 .1235434E-02
21.31 	 .8787530E-03
21.32 	 -.8575999E-03
21.33 	 -.9724050E-03
21.34 	 -.2453708E-02
21.35 	 -.9388540E-03
21.36 	 .7583022E-03
21.37 	 .2113056E-02
21.38 	 .2890853E-02
21.39 	 .2000349E-02
21.4 	 .1623704E-02
21.41 	 .1233943E-02
21.42 	 .2148947E-02
21.43 	 .2322745E-02
21.44 	 .1830314E-02
21.45 	 .2580261E-02
21.46 	 .2138880E-02
21.47 	 .8462718E-03
21.48 	 .5983331E-03
21.49 	 -.1057124E-02
21.5 	 -.2100396E-02
21.51 	 -.1815087E-02
21.52 	 -.7500274E-03
21.53 	 .1037484E-03
21.54 	 .8162336E-03
21.55 	 .1866532E-02
21.56 	 .1835015E-02
21.57 	 .1551997E-02
21.58 	 .1489308E-02
21.59 	 .9547419E-03
21.6 	 .1326105E-03
21.61 	 -.2166820E-03
21.62 	 -.9782465E-03
21.63 	 -.1110077E-02
21.64 	 -.1473593E-02
21.65 	 -.1234959E-02
21.66 	 -.5904462E-03
21.67 	 -.4841945E-03
21.68 	 .6263131E-03
21.69 	 .3137284E-03
21.7 	 .1365020E-03
21.71 	 -.1138308E-03
21.72 	 -.9308455E-03
21.73 	 -.7120339E-03
21.74 	 -.8344907E-03
21.75 	 .3585239E-03
21.76 	 .5928816E-03
21.77 	 .1926948E-03
21.78 	 .5235505E-03
21.79 	 .4684241E-03
21.8 	 .5801930E-03
21.81 	 .3691095E-03
21.82 	 -.3288144E-03
21.83 	 -.6923585E-03
21.84 	 -.9021385E-03
21.85 	 -.1443363E-02
21.86 	 -.8679707E-04
21.87 	 .9134853E-03
21.88 	 .1199255E-02
21.89 	 .1388325E-02
21.9 	 .1318187E-02
21.91 	 .2893916E-02
21.92 	 .1880694E-02
21.93 	 .1512196E-02
21.94 	 .1079771E-02
21.95 	 .1097935E-02
21.96 	 .1300313E-02
21.97 	 .1012586E-02
21.98 	 .8226843E-03
21.99 	 .6635791E-03
22.0 	 .8002992E-03
22.01 	 .4923576E-03
22.02 	 -.3958302E-03
22.03 	 -.6154401E-04
22.04 	 .1982342E-03
22.05 	 -.1493961E-02
22.06 	 -.2243584E-02
22.07 	 -.2368745E-02
22.08 	 -.2492310E-02
22.09 	 -.1753034E-02
22.1 	 -.2452541E-02
22.11 	 -.3410600E-02
22.12 	 -.3919126E-02
22.13 	 -.4759004E-02
22.14 	 -.4652104E-02
22.15 	 -.5227274E-02
22.16 	 -.4921103E-02
22.17 	 -.5650009E-02
22.18 	 -.5782987E-02
22.19 	 -.5986616E-02
22.2 	 -.5278771E-02
22.21 	 -.4425308E-02
22.22 	 -.4108635E-02
22.23 	 -.4385916E-02
22.24 	 -.4563378E-02
22.25 	 -.4831917E-02
22.26 	 -.3837955E-02
22.27 	 -.2051696E-02
22.28 	 -.1680136E-02
22.29 	 -.9818017E-03
22.3 	 -.2718560E-03
22.31 	 -.5445878E-03
22.32 	 -.8610727E-04
22.33 	 .1113545E-02
22.34 	 .1915418E-02
22.35 	 .3376104E-02
22.36 	 .2690481E-02
22.37 	 .3598337E-02
22.38 	 .4276176E-02
22.39 	 .4166008E-02
22.4 	 .4467359E-02
22.41 	 .4754759E-02
22.42 	 .5591381E-02
22.43 	 .5369427E-02
22.44 	 .6379775E-02
22.45 	 .7376886E-02
22.46 	 .7003785E-02
22.47 	 .7211280E-02
22.48 	 .6538910E-02
22.49 	 .5412302E-02
22.5 	 .4282805E-02
22.51 	 .2484564E-02
22.52 	 .2429543E-02
22.53 	 .2082501E-02
22.54 	 .2444218E-02
22.55 	 .3335060E-02
22.56 	 .1785354E-02
22.57 	 .2822041E-02
22.58 	 .1312538E-02
22.59 	 .3854305E-04
22.6 	 -.1204117E-02
22.61 	 -.1218923E-02
22.62 	 -.2356474E-03
22.63 	 -.4326615E-02
22.64 	 -.4474225E-02
22.65 	 -.3327352E-02
22.66 	 -.2393048E-02
22.67 	 -.3344827E-02
22.68 	 -.3466830E-02
22.69 	 -.1996971E-02
22.7 	 -.1272331E-02
22.71 	 -.1748556E-02
22.72 	 .2316102E-03
22.73 	 .4188865E-03
22.74 	 -.1349879E-02
22.75 	 -.1441916E-02
22.76 	 -.1350899E-02
22.77 	 .1327588E-02
22.78 	 .1475242E-02
22.79 	 .1128291E-02
22.8 	 .5015357E-04
22.81 	 -.2088319E-02
22.82 	 .1468791E-03
22.83 	 .1431156E-03
22.84 	 -.1611148E-02
22.85 	 -.5133245E-03
22.86 	 -.2166398E-02
22.87 	 -.5228595E-03
22.88 	 -.9904439E-03
22.89 	 -.1440162E-02
22.9 	 -.9657969E-03
22.91 	 -.1313367E-02
22.92 	 -.1257444E-02
22.93 	 -.1116235E-02
22.94 	 -.4559668E-03
22.95 	 -.1078298E-02
22.96 	 -.5323913E-03
22.97 	 -.5464591E-03
22.98 	 -.2920544E-03
22.99 	 -.2528978E-02
23.0 	 -.1772988E-02
23.01 	 -.1473391E-02
23.02 	 -.1736901E-02
23.03 	 -.2039394E-03
23.04 	 .1342236E-02
23.05 	 .5981369E-03
23.06 	 .9778027E-03
23.07 	 .1846983E-02
23.08 	 .7979066E-03
23.09 	 .1031007E-02
23.1 	 .1917587E-02
23.11 	 .3196342E-02
23.12 	 .3694659E-02
23.13 	 .5618184E-02
23.14 	 .6053186E-02
23.15 	 .5536333E-02
23.16 	 .5126662E-02
23.17 	 .4282977E-02
23.18 	 .3267698E-02
23.19 	 .3381716E-02
23.2 	 .3018412E-02
23.21 	 .2378995E-02
23.22 	 .1178299E-02
23.23 	 .2471048E-03
23.24 	 .5522041E-04
23.25 	 -.3237255E-03
23.26 	 -.5796987E-03
23.27 	 -.1604390E-02
23.28 	 -.1948383E-02
23.29 	 -.2955455E-02
23.3 	 -.3230918E-02
23.31 	 -.2533103E-02
23.32 	 -.1605318E-02
23.33 	 -.2471126E-03
23.34 	 -.7673854E-03
23.35 	 -.8306679E-03
23.36 	 -.1524709E-02
23.37 	 -.1881610E-02
23.38 	 -.1143221E-02
23.39 	 -.1078666E-02
23.4 	 -.1206453E-02
23.41 	 -.1323530E-02
23.42 	 -.1669639E-02
23.43 	 -.1493219E-02
23.44 	 -.1707606E-02
23.45 	 -.1194159E-02
23.46 	 -.2260230E-03
23.47 	 -.2351588E-03
23.48 	 -.6742766E-03
23.49 	 -.1177530E-03
23.5 	 -.7191640E-03
23.51 	 -.2311603E-02
23.52 	 -.1708164E-02
23.53 	 -.2794898E-02
23.54 	 -.2654289E-02
23.55 	 -.1622837E-02
23.56 	 -.9491520E-03
23.57 	 -.8245446E-03
23.58 	 -.4292950E-03
23.59 	 -.5598276E-03
23.6 	 -.2637950E-03
23.61 	 -.2797876E-03
23.62 	 .4604508E-03
23.63 	 .8419491E-04
23.64 	 .2405166E-03
23.65 	 .5150090E-03
23.66 	 .6761823E-04
23.67 	 .9588375E-03
23.68 	 .3872267E-04
23.69 	 .2855222E-04
23.7 	 -.1035387E-02
23.71 	 -.1876004E-02
23.72 	 -.3015361E-02
23.73 	 -.3370051E-02
23.74 	 -.2498943E-02
23.75 	 -.2095735E-02
23.76 	 -.1479978E-02
23.77 	 -.1756394E-02
23.78 	 .1762401E-03
23.79 	 .7676746E-04
23.8 	 .2295767E-03
23.81 	 .2531372E-02
23.82 	 .2561817E-02
23.83 	 .1600055E-02
23.84 	 .1976311E-02
23.85 	 .1767862E-02
23.86 	 .1699057E-02
23.87 	 .2365708E-02
23.88 	 .2765512E-02
23.89 	 .3468862E-02
23.9 	 .2712671E-02
23.91 	 .2707980E-02
23.92 	 .3248991E-02
23.93 	 .2437551E-02
23.94 	 .2502274E-02
23.95 	 .2014058E-02
23.96 	 .2360313E-02
23.97 	 .1955213E-02
23.98 	 .1573525E-02
23.99 	 .1102505E-02
24.0 	 .1273963E-02
24.01 	 .6231355E-03
24.02 	 .5927686E-04
24.03 	 .3500456E-03
24.04 	 -.3421354E-03
24.05 	 -.8402826E-03
24.06 	 -.1009553E-02
24.07 	 .2636017E-03
24.08 	 .5128727E-05
24.09 	 .1437303E-02
24.1 	 .1100772E-02
24.11 	 .4656924E-03
24.12 	 .1023075E-02
24.13 	 .1436456E-03
24.14 	 -.6505314E-04
24.15 	 -.7280576E-03
24.16 	 -.1642402E-02
24.17 	 -.2232197E-02
24.18 	 -.1272678E-02
24.19 	 -.3423040E-03
24.2 	 -.5001539E-03
24.21 	 .8698569E-03
24.22 	 -.7650611E-03
24.23 	 -.1352206E-03
24.24 	 .7002591E-04
24.25 	 -.1279754E-02
24.26 	 -.2745591E-02
24.27 	 -.3261376E-02
24.28 	 -.1861812E-02
24.29 	 -.2199409E-02
24.3 	 -.1249651E-02
24.31 	 -.9205846E-03
24.32 	 .3373519E-04
24.33 	 -.3816709E-03
24.34 	 -.1933615E-03
24.35 	 .1275211E-02
24.36 	 -.6091348E-03
24.37 	 -.3845162E-03
24.38 	 -.1625639E-02
24.39 	 -.1336882E-02
24.4 	 -.1120205E-02
24.41 	 -.1059035E-02
24.42 	 .1134663E-03
24.43 	 -.8275929E-03
24.44 	 -.8292787E-04
24.45 	 -.3824935E-03
24.46 	 -.2854932E-02
24.47 	 -.3241855E-02
24.48 	 -.3122519E-02
24.49 	 -.3505568E-02
24.5 	 -.4143708E-02
24.51 	 -.4120930E-02
24.52 	 -.3197083E-02
24.53 	 -.1864707E-02
24.54 	 -.9546914E-03
24.55 	 -.8716260E-03
24.56 	 -.2131901E-02
24.57 	 -.1710724E-02
24.58 	 -.9580203E-03
24.59 	 -.1939188E-02
24.6 	 -.1099811E-02
24.61 	 -.1061066E-02
24.62 	 -.2547676E-03
24.63 	 .4279917E-03
24.64 	 .9237897E-03
24.65 	 .2860803E-03
24.66 	 .8387616E-03
24.67 	 .1951398E-02
24.68 	 .1516865E-02
24.69 	 .1619255E-02
24.7 	 .2515264E-02
24.71 	 .1651196E-02
24.72 	 .1368616E-02
24.73 	 .8837051E-03
24.74 	 .1181688E-02
24.75 	 .1314313E-02
24.76 	 .1308281E-02
24.77 	 .1307676E-02
24.78 	 .1568071E-02
24.79 	 .2091648E-02
24.8 	 .2468386E-02
24.81 	 .3799072E-02
24.82 	 .3028806E-02
24.83 	 .3119704E-02
24.84 	 .2323677E-02
24.85 	 .2589436E-02
24.86 	 .2985736E-02
24.87 	 .2468246E-02
24.88 	 .2359225E-02
24.89 	 .1489233E-02
24.9 	 -.8698879E-04
24.91 	 -.2446447E-03
24.92 	 .1141345E-02
24.93 	 .1575075E-02
24.94 	 .2144553E-02
24.95 	 .2243344E-02
24.96 	 .2686323E-02
24.97 	 .1707159E-02
24.98 	 .6223157E-03
24.99 	 -.3627761E-03
25.0 	 -.1341677E-02
25.01 	 -.1505429E-02
25.02 	 -.1465076E-02
25.03 	 -.1212719E-02
25.04 	 -.1248423E-02
25.05 	 -.1222937E-02
25.06 	 -.1558994E-02
25.07 	 -.9083861E-03
25.08 	 -.5576612E-03
25.09 	 -.1428544E-02
25.1 	 -.1572425E-02
25.11 	 -.8873265E-03
25.12 	 -.1785071E-03
25.13 	 -.9320537E-03
25.14 	 -.5632678E-03
25.15 	 -.1071717E-02
25.16 	 -.1747330E-02
25.17 	 .3166675E-03
25.18 	 .3710481E-03
25.19 	 .3452534E-03
25.2 	 .7784513E-03
25.21 	 .6138552E-04
25.22 	 -.1646790E-03
25.23 	 .5436759E-03
25.24 	 .6778420E-03
25.25 	 .4020978E-03
25.26 	 .3708374E-03
25.27 	 .1264327E-02
25.28 	 .1404379E-03
25.29 	 -.7302150E-03
25.3 	 .5559892E-03
25.31 	 .8000397E-03
25.32 	 .2068556E-02
25.33 	 .1924562E-02
25.34 	 .8201774E-03
25.35 	 .3049241E-03
25.36 	 -.1039585E-03
25.37 	 .4068986E-03
25.38 	 .3614881E-03
25.39 	 .3921895E-03
25.4 	 .1042428E-03
25.41 	 .1427500E-03
25.42 	 -.1171094E-03
25.43 	 .8148788E-08
25.44 	 .8752247E-03
25.45 	 .6541453E-03
25.46 	 .1471976E-03
25.47 	 .4344597E-03
25.48 	 -.1233288E-03
25.49 	 -.2283834E-03
25.5 	 -.2900367E-03
25.51 	 -.5232995E-03
25.52 	 -.4196919E-03
25.53 	 -.2414026E-02
25.54 	 -.2539530E-02
25.55 	 -.1758117E-02
25.56 	 -.1453152E-02
25.57 	 -.2338358E-02
25.58 	 -.3010907E-02
25.59 	 -.2131830E-02
25.6 	 -.2766405E-02
25.61 	 -.1606912E-02
25.62 	 -.6164087E-03
25.63 	 -.1379604E-02
25.64 	 -.2772899E-03
25.65 	 -.2738478E-03
25.66 	 -.5433357E-03
25.67 	 .1259260E-02
25.68 	 .3927571E-03
25.69 	 .4976168E-03
25.7 	 .1172846E-02
25.71 	 .4131844E-03
25.72 	 .1171659E-02
25.73 	 .5051133E-04
25.74 	 .6008350E-03
25.75 	 .6147966E-03
25.76 	 .1428536E-03
25.77 	 .5990320E-03
25.78 	 .6409147E-03
25.79 	 -.7581941E-03
25.8 	 -.3693631E-03
25.81 	 -.7605447E-03
25.82 	 .5103878E-04
25.83 	 .1046613E-02
25.84 	 .6709260E-03
25.85 	 .6740015E-03
25.86 	 .9219833E-03
25.87 	 .1244033E-02
25.88 	 .9211407E-03
25.89 	 .1069573E-02
25.9 	 .9388297E-04
25.91 	 .1063781E-03
25.92 	 -.2766060E-03
25.93 	 -.3310768E-03
25.94 	 -.8938764E-03
25.95 	 -.4510563E-03
25.96 	 -.8320484E-03
25.97 	 -.1144354E-03
25.98 	 -.5693736E-03
25.99 	 -.1395723E-02
26.0 	 -.1024396E-02
26.01 	 -.7516921E-03
26.02 	 .3697821E-03
26.03 	 .5756235E-03
26.04 	 .9629544E-03
26.05 	 .6239667E-03
26.06 	 -.2510624E-03
26.07 	 .5120782E-03
26.08 	 .1334977E-02
26.09 	 .1538635E-02
26.1 	 .9266581E-03
26.11 	 .1218577E-02
26.12 	 .1237098E-02
26.13 	 .1860707E-02
26.14 	 .2082933E-02
26.15 	 .1534829E-02
26.16 	 .1389574E-02
26.17 	 .1281211E-02
26.18 	 .3362576E-03
26.19 	 -.8204010E-03
26.2 	 -.5304046E-03
26.21 	 -.1309843E-02
26.22 	 -.1257425E-02
26.23 	 -.2003351E-02
26.24 	 -.1377543E-02
26.25 	 -.1014435E-02
26.26 	 -.1398719E-02
26.27 	 -.1699409E-02
26.28 	 -.1166577E-02
26.29 	 -.1808123E-03
26.3 	 -.4715922E-03
26.31 	 -.5092890E-03
26.32 	 -.1573739E-02
26.33 	 -.2078349E-02
26.34 	 -.1766687E-02
26.35 	 -.1498418E-02
26.36 	 -.2282852E-02
26.37 	 -.1395235E-02
26.38 	 -.1424657E-02
26.39 	 -.2138738E-02
26.4 	 -.2666686E-02
26.41 	 -.1659441E-02
26.42 	 -.4985437E-03
26.43 	 -.7049082E-03
26.44 	 -.1919827E-03
26.45 	 -.9999907E-03
26.46 	 -.5568466E-03
26.47 	 -.4500270E-04
26.48 	 -.4804755E-03
26.49 	 -.5504266E-03
26.5 	 -.4497143E-03
26.51 	 -.1033425E-02
26.52 	 .7734222E-04
26.53 	 .1522563E-02
26.54 	 .3309824E-02
26.55 	 .2869381E-02
26.56 	 .1856756E-02
26.57 	 .3069850E-02
26.58 	 .2601872E-02
26.59 	 .1949044E-02
26.6 	 .1827994E-02
26.61 	 .1470799E-02
26.62 	 .8736099E-03
26.63 	 .1114662E-02
26.64 	 .1943267E-02
26.65 	 .1155322E-02
26.66 	 .3502824E-03
26.67 	 .4593773E-03
26.68 	 .9945858E-03
26.69 	 -.3413295E-03
26.7 	 -.8586171E-03
26.71 	 -.1501221E-02
26.72 	 -.1220250E-02
26.73 	 -.3382541E-03
26.74 	 -.2587264E-04
26.75 	 -.4627168E-03
26.76 	 .2673550E-03
26.77 	 .1660988E-02
26.78 	 .7741102E-03
26.79 	 .1350800E-02
26.8 	 .1214996E-02
26.81 	 .9349317E-04
26.82 	 .1006356E-04
26.83 	 .2604146E-03
26.84 	 .1321619E-02
26.85 	 .1848501E-02
26.86 	 .1073560E-02
26.87 	 .1922669E-02
26.88 	 .1096417E-02
26.89 	 .2581719E-02
26.9 	 .2852691E-02
26.91 	 .1601098E-02
26.92 	 .2380800E-02
26.93 	 .2026211E-02
26.94 	 .2403994E-02
26.95 	 .2301115E-02
26.96 	 .9767531E-03
26.97 	 .1480662E-02
26.98 	 .1423097E-02
26.99 	 .2764764E-03
27.0 	 .3933753E-03
27.01 	 -.9943666E-03
27.02 	 -.1031239E-02
27.03 	 -.1971040E-02
27.04 	 -.2194729E-02
27.05 	 -.2588361E-02
27.06 	 -.2135447E-02
27.07 	 -.1848378E-02
27.08 	 -.1943918E-02
27.09 	 -.1989129E-02
27.1 	 -.2231057E-02
27.11 	 -.3034989E-02
27.12 	 -.3328159E-02
27.13 	 -.1360785E-02
27.14 	 -.1107477E-02
27.15 	 -.1828987E-02
27.16 	 -.2979519E-02
27.17 	 -.2269468E-02
27.18 	 -.3440579E-02
27.19 	 -.2564404E-02
27.2 	 -.1930547E-02
27.21 	 -.2226788E-02
27.22 	 -.1377174E-02
27.23 	 -.1691742E-02
27.24 	 -.8399047E-03
27.25 	 -.3852856E-03
27.26 	 -.7221844E-03
27.27 	 .2733492E-04
27.28 	 .3972448E-03
27.29 	 .1269196E-02
27.3 	 .1494216E-02
27.31 	 .1333782E-02
27.32 	 .1202133E-02
27.33 	 .1795527E-02
27.34 	 .7947863E-03
27.35 	 .7138517E-03
27.36 	 -.8103357E-04
27.37 	 -.4047904E-03
27.38 	 .6063123E-04
27.39 	 -.2169140E-02
27.4 	 -.7707821E-03
27.41 	 -.1298938E-02
27.42 	 -.1943193E-02
27.43 	 -.5938395E-03
27.44 	 -.9841193E-03
27.45 	 -.9430458E-03
27.46 	 .2049626E-03
27.47 	 .8032507E-03
27.48 	 .8741664E-03
27.49 	 .1454629E-02
27.5 	 .1675487E-02
27.51 	 .2088385E-02
27.52 	 .1213529E-02
27.53 	 .1540899E-02
27.54 	 .8929375E-03
27.55 	 .1416007E-02
27.56 	 .1895870E-02
27.57 	 .1216613E-02
27.58 	 .1012229E-02
27.59 	 .4621337E-03
27.6 	 .1550601E-02
27.61 	 .7394199E-03
27.62 	 .1315892E-02
27.63 	 .1277375E-03
27.64 	 .4473959E-03
27.65 	 .4166426E-03
27.66 	 -.7028071E-03
27.67 	 -.9608359E-03
27.68 	 -.1765907E-02
27.69 	 -.1657028E-02
27.7 	 -.9820862E-03
27.71 	 -.8182557E-03
27.72 	 -.1079014E-02
27.73 	 .2594452E-03
27.74 	 -.4408840E-05
27.75 	 .1957660E-03
27.76 	 -.6317907E-03
27.77 	 .1069138E-02
27.78 	 .1009191E-03
27.79 	 .7294047E-03
27.8 	 .1764410E-02
27.81 	 .8143439E-03
27.82 	 .1115307E-02
27.83 	 -.5570134E-03
27.84 	 .5275032E-03
27.85 	 .3217153E-05
27.86 	 .2984303E-03
27.87 	 .1122738E-04
27.88 	 .6572228E-03
27.89 	 -.1877180E-03
27.9 	 -.5250579E-03
27.91 	 -.6845500E-04
27.92 	 -.4743477E-03
27.93 	 -.5098106E-03
27.94 	 .2800564E-03
27.95 	 .7993039E-03
27.96 	 .3968666E-03
27.97 	 .6520150E-03
27.98 	 -.5834491E-04
27.99 	 .3340910E-03
28.0 	 .1510833E-03
28.01 	 .4374372E-03
28.02 	 .2657937E-03
28.03 	 -.4262434E-04
28.04 	 -.7876036E-04
28.05 	 .5164061E-04
28.06 	 .5283358E-03
28.07 	 .3744496E-03
28.08 	 .3383650E-03
28.09 	 -.1116097E-03
28.1 	 .1598624E-03
28.11 	 .7829082E-04
28.12 	 -.3547464E-03
28.13 	 -.4913607E-03
28.14 	 -.4690387E-03
28.15 	 -.9105577E-03
28.16 	 -.8155988E-03
28.17 	 -.1014914E-02
28.18 	 -.7636300E-03
28.19 	 -.8789800E-03
28.2 	 -.8705222E-03
28.21 	 -.6407405E-03
28.22 	 -.3923488E-03
28.23 	 -.1961817E-03
28.24 	 -.7328198E-03
28.25 	 -.3745856E-03
28.26 	 -.3607256E-03
28.27 	 .7961926E-04
28.28 	 -.1409487E-03
28.29 	 .1758594E-03
28.3 	 .2695307E-03
28.31 	 .3677670E-04
28.32 	 .2809052E-03
28.33 	 .2523823E-03
28.34 	 .2775625E-03
28.35 	 .3043452E-03
28.36 	 .8002235E-04
28.37 	 .4537546E-03
28.38 	 .3658754E-03
28.39 	 .4174536E-03
28.4 	 .4063582E-03
28.41 	 -.2184931E-04
28.42 	 .3374991E-03
28.43 	 .2401153E-03
28.44 	 .1172248E-03
28.45 	 .2766556E-03
28.46 	 .1805549E-03
28.47 	 .1439726E-03
28.48 	 .1589941E-03
28.49 	 .1390956E-03
28.5 	 .2590041E-03
28.51 	 .1931451E-03
28.52 	 .1765909E-03
28.53 	 .3398200E-03
28.54 	 .2703294E-04
28.55 	 .1193264E-03
28.56 	 .5143302E-04
28.57 	 -.2345198E-03
28.58 	 .1373798E-03
28.59 	 -.5653005E-04
28.6 	 .2554841E-03
28.61 	 .1480448E-03
28.62 	 .8915999E-04
28.63 	 .2959862E-03
28.64 	 .1075509E-03
28.65 	 .2461068E-03
28.66 	 .3355393E-03
28.67 	 .1865013E-03
28.68 	 .2525631E-03
28.69 	 .1546923E-03
28.7 	 .6553294E-04
28.71 	 .1205918E-03
28.72 	 .1314705E-03
28.73 	 .3535799E-04
28.74 	 .4283008E-04
28.75 	 .4105754E-04
28.76 	 .1309292E-04
28.77 	 .2899427E-04
28.78 	 .5643766E-04
28.79 	 -.1272968E-04
28.8 	 -.1057318E-03
28.81 	 -.5229571E-04
28.82 	 -.2884524E-03
28.83 	 -.2430036E-03
28.84 	 -.1024759E-03
28.85 	 -.1703224E-03
28.86 	 -.2008052E-03
28.87 	 -.1937098E-03
28.88 	 -.2571736E-03
28.89 	 -.2952429E-03
28.9 	 -.3092725E-03
28.91 	 -.2487603E-03
28.92 	 -.1841356E-03
28.93 	 -.1792382E-03
28.94 	 -.1260722E-03
28.95 	 -.1045384E-03
28.96 	 -.8563554E-04
28.97 	 -.9692206E-04
28.98 	 -.1071322E-03
28.99 	 -.5423852E-04
29.0 	 -.1322092E-03
29.01 	 -.1053025E-03
29.02 	 -.2654486E-04
29.03 	 -.5169717E-04
29.04 	 -.5478148E-04
29.05 	 -.3065569E-04
29.06 	 -.5451125E-04
29.07 	 -.3993032E-04
29.08 	 -.3980366E-04
29.09 	 -.3568144E-04
29.1 	 -.3902393E-04
29.11 	 -.2889951E-04
29.12 	 -.5878129E-04
29.13 	 -.5850139E-04
29.14 	 -.3978988E-04
29.15 	 -.3639809E-04
29.16 	 -.2910843E-04
29.17 	 -.1789152E-04
29.18 	 -.9288605E-05
29.19 	 -.2682485E-04
29.2 	 -.2256348E-04
29.21 	 -.2591318E-04
29.22 	 -.8761727E-05
29.23 	 -.1469483E-04
29.24 	 -.1507860E-04
29.25 	 -.6034622E-05
29.26 	 .4852202E-06
29.27 	 -.1141278E-05
29.28 	 -.2171871E-06
29.29 	 -.1310816E-05
29.3 	 -.1038269E-05
29.31 	 -.1187771E-05
29.32 	 -.6363219E-07
29.33 	 .4686386E-05
29.34 	 .5592222E-05
29.35 	 .8400083E-05
29.36 	 .9389823E-05
29.37 	 .1059168E-04
29.38 	 .1468048E-04
29.39 	 .1038377E-04
29.4 	 .8999684E-05
29.41 	 .1110131E-04
29.42 	 .1125954E-04
29.43 	 .1204653E-04
29.44 	 .9895271E-05
29.45 	 .1128661E-04
29.46 	 .1097114E-04
29.47 	 .1026649E-04
29.48 	 .1242253E-04
29.49 	 .1354217E-04
29.5 	 .1263909E-04
29.51 	 .1304169E-04
29.52 	 .1339975E-04
29.53 	 .1356488E-04
29.54 	 .1322858E-04
29.55 	 .1301758E-04
29.56 	 .1291140E-04
29.57 	 .1261222E-04
29.58 	 .1189389E-04
29.59 	 .1128911E-04
29.6 	 .1083981E-04
29.61 	 .1039206E-04
29.62 	 .9691479E-05
29.63 	 .9173336E-05
29.64 	 .8744521E-05
29.65 	 .8254043E-05
29.66 	 .7829920E-05
29.67 	 .7305163E-05
29.68 	 .6786480E-05
29.69 	 .6448753E-05
29.7 	 .6032125E-05
29.71 	 .5613379E-05
29.72 	 .5225477E-05
29.73 	 .4867414E-05
29.74 	 .4505281E-05
29.75 	 .4142517E-05
29.76 	 .3855605E-05
29.77 	 .3567777E-05
29.78 	 .3300613E-05
29.79 	 .3050610E-05
29.8 	 .2839827E-05
29.81 	 .2637435E-05
29.82 	 .2456428E-05
29.83 	 .2296521E-05
29.84 	 .2150609E-05
29.85 	 .2025215E-05
29.86 	 .1914827E-05
29.87 	 .1816234E-05
29.88 	 .1730130E-05
29.89 	 .1655600E-05
29.9 	 .1591071E-05
29.91 	 .1535513E-05
29.92 	 .1487720E-05
29.93 	 .1446624E-05
29.94 	 .1411204E-05
29.95 	 .1380392E-05
29.96 	 .1353154E-05
29.97 	 .1328476E-05
29.98 	 .1305361E-05
29.99 	 .1282838E-05
