0.0 	 -.2180011E-03
0.01 	 .1291326E-03
0.02 	 .5806444E-04
0.03 	 -.1951005E-02
0.04 	 -.1375397E-02
0.05 	 -.1520930E-02
0.06 	 -.1118726E-02
0.07 	 .4013978E-03
0.08 	 .2410099E-02
0.09 	 .1457739E-02
0.1 	 .8531971E-03
0.11 	 .2865974E-02
0.12 	 .2582728E-02
0.13 	 -.6207787E-03
0.14 	 -.1094474E-03
0.15 	 .2047142E-02
0.16 	 .8061102E-03
0.17 	 .1112416E-02
0.18 	 .1541121E-02
0.19 	 .2519604E-02
0.2 	 .2561725E-02
0.21 	 .2299885E-02
0.22 	 .1178184E-02
0.23 	 .1346780E-02
0.24 	 -.3303105E-02
0.25 	 -.4010692E-02
0.26 	 -.2451840E-02
0.27 	 -.7797705E-03
0.28 	 -.1103842E-02
0.29 	 -.1753295E-02
0.3 	 .2208670E-02
0.31 	 .1912134E-02
0.32 	 .1364675E-02
0.33 	 -.2338663E-02
0.34 	 -.1324505E-02
0.35 	 -.8642077E-03
0.36 	 -.3036532E-02
0.37 	 .1483362E-02
0.38 	 .1629495E-02
0.39 	 -.1835173E-02
0.4 	 -.2649884E-02
0.41 	 .2007703E-02
0.42 	 .3222790E-02
0.43 	 .1838915E-02
0.44 	 -.6577811E-03
0.45 	 -.1907019E-02
0.46 	 -.2577919E-02
0.47 	 -.1454639E-02
0.48 	 .2883678E-02
0.49 	 .3183814E-02
0.5 	 .2490468E-02
0.51 	 -.1362838E-02
0.52 	 -.2667167E-02
0.53 	 .9296030E-03
0.54 	 -.6205482E-03
0.55 	 -.4658481E-02
0.56 	 -.1600276E-02
0.57 	 -.2419091E-02
0.58 	 -.2798288E-02
0.59 	 -.9457268E-03
0.6 	 .2567393E-02
0.61 	 .2918512E-02
0.62 	 .5227688E-03
0.63 	 .2171324E-02
0.64 	 .2956959E-02
0.65 	 .2513491E-02
0.66 	 .4512831E-03
0.67 	 .4821132E-03
0.68 	 -.2987698E-02
0.69 	 -.4320611E-02
0.7 	 -.2410945E-02
0.71 	 -.1311160E-02
0.72 	 .7484429E-03
0.73 	 .2853944E-02
0.74 	 .1815805E-02
0.75 	 .1486564E-02
0.76 	 .2728122E-02
0.77 	 .2126538E-02
0.78 	 -.1706407E-02
0.79 	 -.1625613E-02
0.8 	 .1788540E-02
0.81 	 .8841073E-04
0.82 	 -.1261859E-02
0.83 	 .3336289E-03
0.84 	 .3765116E-02
0.85 	 .5798618E-03
0.86 	 -.2504413E-02
0.87 	 -.1849370E-02
0.88 	 -.8393685E-03
0.89 	 -.1956068E-02
0.9 	 -.4030857E-04
0.91 	 .2356890E-02
0.92 	 -.2199254E-02
0.93 	 -.2970178E-02
0.94 	 .6051160E-03
0.95 	 .2963549E-02
0.96 	 .7901208E-03
0.97 	 -.3259089E-02
0.98 	 -.2291939E-02
0.99 	 -.1675672E-02
1.0 	 -.1519425E-02
1.01 	 .2106809E-03
1.02 	 .1075825E-02
1.03 	 .1679848E-02
1.04 	 .9507301E-03
1.05 	 .7030507E-03
1.06 	 .3462302E-03
1.07 	 .1632629E-02
1.08 	 .1609345E-02
1.09 	 .2660122E-02
1.1 	 .3787396E-02
1.11 	 .1338549E-02
1.12 	 -.1345918E-02
1.13 	 -.1980187E-02
1.14 	 -.2236038E-02
1.15 	 -.2560483E-03
1.16 	 -.3232007E-03
1.17 	 .3122525E-02
1.18 	 .5080071E-02
1.19 	 .2097352E-03
1.2 	 -.3000041E-02
1.21 	 -.3747540E-02
1.22 	 -.8801591E-03
1.23 	 .3042204E-03
1.24 	 .1599779E-02
1.25 	 .1481616E-02
1.26 	 .2541553E-02
1.27 	 -.2082973E-02
1.28 	 -.3652598E-02
1.29 	 -.4410306E-02
1.3 	 -.6485853E-02
1.31 	 -.3241082E-02
1.32 	 -.1433494E-02
1.33 	 -.1097765E-02
1.34 	 -.4580773E-03
1.35 	 -.8802109E-03
1.36 	 -.1318666E-02
1.37 	 -.8360614E-03
1.38 	 .3085217E-03
1.39 	 .7952038E-03
1.4 	 -.1114095E-02
1.41 	 .2831404E-02
1.42 	 .1702403E-02
1.43 	 -.3305659E-02
1.44 	 -.3384062E-02
1.45 	 .3919427E-04
1.46 	 .2693369E-02
1.47 	 .2904643E-02
1.48 	 .8800755E-03
1.49 	 -.4697153E-02
1.5 	 -.4238022E-02
1.51 	 -.3455725E-03
1.52 	 .1361016E-02
1.53 	 -.1310236E-02
1.54 	 .3208706E-03
1.55 	 -.1600683E-02
1.56 	 -.5630579E-02
1.57 	 -.2400115E-02
1.58 	 .1601467E-02
1.59 	 .1825989E-02
1.6 	 -.5433503E-03
1.61 	 .1829289E-02
1.62 	 .4903688E-02
1.63 	 .4140846E-02
1.64 	 .1189083E-02
1.65 	 -.1615801E-02
1.66 	 -.2114466E-02
1.67 	 -.1533972E-02
1.68 	 -.7402989E-03
1.69 	 .2930732E-03
1.7 	 .8705044E-03
1.71 	 .1048095E-02
1.72 	 -.7102759E-03
1.73 	 -.1850527E-02
1.74 	 -.7539200E-03
1.75 	 .3304767E-02
1.76 	 .5046012E-02
1.77 	 -.2422323E-02
1.78 	 -.5317999E-02
1.79 	 .6837839E-03
1.8 	 .5362626E-02
1.81 	 .5695247E-02
1.82 	 .2091688E-02
1.83 	 -.6233453E-02
1.84 	 -.9102614E-02
1.85 	 -.5865370E-03
1.86 	 -.2059803E-03
1.87 	 -.6475824E-02
1.88 	 -.7534489E-02
1.89 	 -.1789755E-02
1.9 	 .2379078E-02
1.91 	 .5670710E-02
1.92 	 .6208342E-02
1.93 	 .1595993E-02
1.94 	 -.2769517E-02
1.95 	 -.3642680E-03
1.96 	 -.1368880E-02
1.97 	 -.8645472E-02
1.98 	 -.6842026E-02
1.99 	 -.3819680E-02
2.0 	 -.3229015E-02
2.01 	 -.7156511E-03
2.02 	 .2517832E-02
2.03 	 -.1755885E-02
2.04 	 -.7011237E-03
2.05 	 .1377717E-02
2.06 	 -.2021827E-03
2.07 	 .3224077E-02
2.08 	 .5844534E-02
2.09 	 .7536793E-02
2.1 	 .3899549E-02
2.11 	 .1020322E-01
2.12 	 .7300380E-02
2.13 	 .8558115E-02
2.14 	 .1804725E-01
2.15 	 .2294434E-01
2.16 	 .1973856E-01
2.17 	 .1170613E-01
2.18 	 .8347336E-02
2.19 	 .2213127E-02
2.2 	 -.8090639E-03
2.21 	 -.7227855E-02
2.22 	 -.1636699E-01
2.23 	 -.2246652E-01
2.24 	 -.1977263E-01
2.25 	 -.1239695E-01
2.26 	 -.4254224E-02
2.27 	 -.5363920E-02
2.28 	 -.1030371E-01
2.29 	 -.8079034E-02
2.3 	 -.1273532E-02
2.31 	 -.2155771E-02
2.32 	 -.5101470E-02
2.33 	 .1413329E-02
2.34 	 .4777348E-02
2.35 	 .1213467E-01
2.36 	 .2338634E-01
2.37 	 .2983790E-01
2.38 	 .2940038E-01
2.39 	 .1798970E-01
2.4 	 .7838707E-02
2.41 	 -.4403278E-02
2.42 	 -.7076644E-02
2.43 	 -.5162052E-02
2.44 	 -.1287320E-01
2.45 	 -.1199288E-01
2.46 	 -.4564177E-02
2.47 	 -.7274267E-02
2.48 	 -.1673676E-01
2.49 	 -.1849927E-01
2.5 	 -.1110319E-01
2.51 	 -.4985192E-02
2.52 	 .1562235E-02
2.53 	 -.3803939E-02
2.54 	 -.8786593E-02
2.55 	 -.2131048E-02
2.56 	 .1839856E-02
2.57 	 .3200999E-03
2.58 	 -.8713996E-02
2.59 	 -.2065306E-01
2.6 	 -.2843765E-01
2.61 	 -.1639141E-01
2.62 	 -.6742171E-02
2.63 	 -.1419770E-02
2.64 	 .9981828E-02
2.65 	 .1304901E-01
2.66 	 .2760305E-02
2.67 	 -.1010288E-01
2.68 	 -.9927400E-02
2.69 	 .6767997E-02
2.7 	 .1740255E-01
2.71 	 .1743319E-01
2.72 	 .1877860E-01
2.73 	 .1768621E-01
2.74 	 .2796887E-01
2.75 	 .2807702E-01
2.76 	 .9526315E-02
2.77 	 -.1163865E-01
2.78 	 -.1806667E-01
2.79 	 -.5851110E-02
2.8 	 .8119859E-02
2.81 	 .1727643E-01
2.82 	 .1371564E-01
2.83 	 .2085261E-01
2.84 	 .2626475E-01
2.85 	 .9321562E-02
2.86 	 -.1579999E-01
2.87 	 -.3261875E-01
2.88 	 -.2521351E-01
2.89 	 -.9847194E-02
2.9 	 -.9472829E-02
2.91 	 -.2158735E-01
2.92 	 -.2794192E-01
2.93 	 -.1497158E-01
2.94 	 .3910683E-02
2.95 	 .2397308E-01
2.96 	 .2774200E-01
2.97 	 .1589167E-01
2.98 	 .4154548E-02
2.99 	 -.4303311E-03
3.0 	 .2089088E-02
3.01 	 .7596087E-02
3.02 	 .1959742E-01
3.03 	 .1396705E-01
3.04 	 .5390901E-02
3.05 	 .9180218E-02
3.06 	 .1180877E-01
3.07 	 .4986010E-02
3.08 	 -.9511233E-02
3.09 	 -.2631878E-01
3.1 	 -.3820686E-01
3.11 	 -.1692149E-01
3.12 	 .1605207E-01
3.13 	 .1861636E-01
3.14 	 .3247010E-02
3.15 	 -.2041086E-01
3.16 	 -.2516711E-01
3.17 	 -.1768539E-01
3.18 	 -.1524248E-01
3.19 	 -.1180711E-01
3.2 	 -.1599114E-01
3.21 	 -.1243032E-01
3.22 	 .3074715E-02
3.23 	 .1630412E-01
3.24 	 .1175289E-01
3.25 	 -.1492821E-02
3.26 	 -.1104409E-01
3.27 	 -.1283113E-01
3.28 	 -.4572180E-02
3.29 	 -.1685574E-02
3.3 	 .1163292E-02
3.31 	 .1055342E-01
3.32 	 .1480070E-01
3.33 	 .2364921E-01
3.34 	 .2560149E-01
3.35 	 .1587274E-01
3.36 	 .5989957E-02
3.37 	 .7515879E-02
3.38 	 .1683052E-01
3.39 	 .1922752E-01
3.4 	 .7059944E-02
3.41 	 .7123186E-02
3.42 	 .9171347E-02
3.43 	 -.6675373E-02
3.44 	 -.2549437E-01
3.45 	 -.3324229E-01
3.46 	 -.2127872E-01
3.47 	 -.6549915E-02
3.48 	 .3860826E-03
3.49 	 -.9884299E-02
3.5 	 -.1838090E-01
3.51 	 -.2169999E-01
3.52 	 -.1420809E-01
3.53 	 -.1259712E-03
3.54 	 .1058505E-01
3.55 	 .8369601E-02
3.56 	 -.6941624E-02
3.57 	 -.2134607E-01
3.58 	 -.1685195E-01
3.59 	 .1749000E-03
3.6 	 .1433555E-01
3.61 	 .3055253E-01
3.62 	 .2909698E-01
3.63 	 .2790766E-01
3.64 	 .3137768E-01
3.65 	 .1811972E-01
3.66 	 .2424970E-02
3.67 	 -.2850478E-02
3.68 	 .7176113E-02
3.69 	 .1927229E-01
3.7 	 .2675499E-01
3.71 	 .1828490E-01
3.72 	 .1470776E-01
3.73 	 .2339202E-01
3.74 	 .1557473E-01
3.75 	 .2466702E-02
3.76 	 -.1076475E-01
3.77 	 -.2415532E-01
3.78 	 -.3674621E-01
3.79 	 -.3421051E-01
3.8 	 -.1810268E-01
3.81 	 -.1637850E-02
3.82 	 .1340101E-01
3.83 	 .1755547E-01
3.84 	 .9505608E-02
3.85 	 -.9091045E-02
3.86 	 -.2867607E-01
3.87 	 -.4805916E-01
3.88 	 -.4859365E-01
3.89 	 -.3627717E-01
3.9 	 -.2289988E-01
3.91 	 -.1234494E-01
3.92 	 -.1362811E-01
3.93 	 -.4699049E-02
3.94 	 .2170634E-02
3.95 	 .6941157E-02
3.96 	 .1386490E-01
3.97 	 .1398932E-01
3.98 	 .3337444E-02
3.99 	 .1029166E-02
4.0 	 .1780611E-01
4.01 	 .3315198E-01
4.02 	 .4174037E-01
4.03 	 .2999199E-01
4.04 	 .1600267E-01
4.05 	 .7888551E-02
4.06 	 -.8630682E-03
4.07 	 -.1281443E-01
4.08 	 -.7267689E-02
4.09 	 .2987370E-02
4.1 	 -.2243210E-02
4.11 	 -.1553893E-01
4.12 	 -.2284318E-01
4.13 	 -.3291365E-01
4.14 	 -.4290152E-01
4.15 	 -.3830439E-01
4.16 	 -.2278512E-01
4.17 	 .1781556E-02
4.18 	 .2598818E-01
4.19 	 .4527023E-01
4.2 	 .2972744E-01
4.21 	 .1310223E-02
4.22 	 -.2474672E-01
4.23 	 -.3495388E-01
4.24 	 -.3226825E-01
4.25 	 -.1759558E-01
4.26 	 .3102241E-02
4.27 	 .1389688E-01
4.28 	 .5740932E-02
4.29 	 -.1347589E-01
4.3 	 -.2910028E-01
4.31 	 -.4122607E-01
4.32 	 -.3209403E-01
4.33 	 -.1093925E-01
4.34 	 .1220962E-01
4.35 	 .3075115E-01
4.36 	 .3951598E-01
4.37 	 .3995456E-01
4.38 	 .3704447E-01
4.39 	 .2663942E-01
4.4 	 .1326414E-01
4.41 	 .3837266E-02
4.42 	 -.4271762E-02
4.43 	 -.2198130E-02
4.44 	 .6718682E-02
4.45 	 .1385253E-01
4.46 	 .1770402E-01
4.47 	 .1083531E-01
4.48 	 -.2266613E-02
4.49 	 -.8621242E-02
4.5 	 -.1538081E-01
4.51 	 -.1085204E-01
4.52 	 .4992608E-02
4.53 	 .2058633E-01
4.54 	 .2795071E-01
4.55 	 .1752220E-01
4.56 	 .2461867E-02
4.57 	 -.3622463E-02
4.58 	 .1397947E-02
4.59 	 .1752309E-01
4.6 	 .3145014E-01
4.61 	 .4438372E-01
4.62 	 .4034244E-01
4.63 	 .2276781E-01
4.64 	 .3211318E-02
4.65 	 -.1298632E-01
4.66 	 -.1721017E-01
4.67 	 -.1237132E-01
4.68 	 .6285499E-03
4.69 	 .1117226E-01
4.7 	 .1241765E-01
4.71 	 .2859192E-02
4.72 	 -.9551181E-02
4.73 	 -.1844357E-01
4.74 	 -.1969005E-01
4.75 	 -.1250418E-01
4.76 	 -.1856506E-01
4.77 	 -.2312245E-01
4.78 	 .1517659E-02
4.79 	 .3141178E-01
4.8 	 .5425159E-01
4.81 	 .4331817E-01
4.82 	 .2134632E-01
4.83 	 .2111129E-02
4.84 	 -.3633546E-02
4.85 	 -.1174361E-02
4.86 	 -.3195015E-02
4.87 	 -.1513925E-01
4.88 	 -.3789650E-01
4.89 	 -.6120354E-01
4.9 	 -.8148117E-01
4.91 	 -.7243585E-01
4.92 	 -.5459914E-01
4.93 	 -.2087390E-01
4.94 	 .1445784E-01
4.95 	 .3684884E-01
4.96 	 .1896923E-01
4.97 	 -.5214010E-01
4.98 	 -.8824099E-01
4.99 	 -.1009543E+00
5.0 	 -.9279639E-01
5.01 	 -.7420387E-01
5.02 	 -.1036415E-01
5.03 	 .4283290E-01
5.04 	 .5521974E-01
5.05 	 .6257391E-01
5.06 	 .4710863E-01
5.07 	 .3217885E-01
5.08 	 .1400854E-01
5.09 	 .1106273E-01
5.1 	 .1982551E-01
5.11 	 .2943592E-01
5.12 	 .2700828E-01
5.13 	 .1754775E-01
5.14 	 .1435307E-01
5.15 	 .1518739E-01
5.16 	 .1798624E-01
5.17 	 .2679389E-01
5.18 	 .2798215E-01
5.19 	 .1610830E-01
5.2 	 .4914782E-02
5.21 	 -.8819155E-03
5.22 	 -.6168614E-02
5.23 	 -.2855692E-02
5.24 	 -.7542630E-02
5.25 	 -.1503457E-01
5.26 	 -.1137281E-01
5.27 	 -.9898945E-02
5.28 	 -.1065990E-01
5.29 	 -.2106394E-01
5.3 	 -.2403933E-01
5.31 	 -.1021938E-01
5.32 	 .1340480E-01
5.33 	 .4181176E-01
5.34 	 .6580314E-01
5.35 	 .7584500E-01
5.36 	 .6320614E-01
5.37 	 .2843737E-01
5.38 	 -.1594185E-01
5.39 	 -.4769959E-01
5.4 	 -.5227535E-01
5.41 	 -.2679885E-01
5.42 	 .6523491E-02
5.43 	 .3537313E-01
5.44 	 .4101165E-01
5.45 	 -.2004848E-02
5.46 	 -.4480715E-01
5.47 	 -.4538960E-01
5.48 	 -.2641663E-01
5.49 	 -.5493406E-02
5.5 	 .2225914E-02
5.51 	 .1257894E-02
5.52 	 .7859295E-02
5.53 	 .2407216E-01
5.54 	 .4206491E-01
5.55 	 .6036469E-01
5.56 	 .7256590E-01
5.57 	 .7198241E-01
5.58 	 .6149269E-01
5.59 	 .3845596E-01
5.6 	 -.1478104E-02
5.61 	 -.4124693E-01
5.62 	 -.6757112E-01
5.63 	 -.6741408E-01
5.64 	 -.4599718E-01
5.65 	 -.1907637E-01
5.66 	 .2905615E-02
5.67 	 .1715701E-01
5.68 	 .2131653E-01
5.69 	 .1110018E-01
5.7 	 -.2166023E-01
5.71 	 -.6695235E-01
5.72 	 -.9259518E-01
5.73 	 -.1010469E+00
5.74 	 -.8250849E-01
5.75 	 -.4946868E-01
5.76 	 -.9910067E-02
5.77 	 .1054906E-01
5.78 	 .2055472E-02
5.79 	 -.1272029E-01
5.8 	 -.1677890E-01
5.81 	 .5029671E-02
5.82 	 .2902207E-01
5.83 	 .4863357E-01
5.84 	 .4567655E-01
5.85 	 .3247668E-01
5.86 	 .1905651E-01
5.87 	 .1537121E-01
5.88 	 .2257135E-01
5.89 	 .3205833E-01
5.9 	 .3528250E-01
5.91 	 .2455615E-01
5.92 	 .9154107E-02
5.93 	 -.7021093E-02
5.94 	 -.2070239E-01
5.95 	 -.2716516E-01
5.96 	 -.2372677E-01
5.97 	 -.2199180E-01
5.98 	 -.2687661E-01
5.99 	 -.2424506E-01
6.0 	 -.1127681E-01
6.01 	 .3240804E-02
6.02 	 .1134772E-01
6.03 	 .4940043E-02
6.04 	 -.9043177E-02
6.05 	 -.1847413E-01
6.06 	 -.1317324E-01
6.07 	 -.5787458E-02
6.08 	 .4383942E-02
6.09 	 .1530300E-01
6.1 	 .2699522E-01
6.11 	 .3217678E-01
6.12 	 .2307936E-01
6.13 	 .1081586E-01
6.14 	 -.5080879E-02
6.15 	 -.4879980E-02
6.16 	 -.2057679E-02
6.17 	 .3022901E-02
6.18 	 .1123182E-01
6.19 	 .1096556E-01
6.2 	 .9285581E-02
6.21 	 .1171212E-01
6.22 	 .2414792E-01
6.23 	 .3568000E-01
6.24 	 .3540151E-01
6.25 	 .2115308E-01
6.26 	 .3780401E-02
6.27 	 -.1342500E-01
6.28 	 -.3132298E-01
6.29 	 -.3615374E-01
6.3 	 -.3408420E-01
6.31 	 -.3711669E-01
6.32 	 -.2198402E-01
6.33 	 -.2670356E-02
6.34 	 .1889342E-01
6.35 	 .3331312E-01
6.36 	 .3152095E-01
6.37 	 .3307130E-01
6.38 	 .3897604E-01
6.39 	 .4920151E-01
6.4 	 .4396988E-01
6.41 	 .2672981E-01
6.42 	 .6354250E-02
6.43 	 -.1453947E-01
6.44 	 -.2803105E-01
6.45 	 -.2429993E-01
6.46 	 -.1813814E-01
6.47 	 -.2074735E-01
6.48 	 -.2403790E-01
6.49 	 -.2672870E-01
6.5 	 -.2795682E-01
6.51 	 -.2275792E-01
6.52 	 -.1504370E-01
6.53 	 -.1869942E-01
6.54 	 -.2874543E-01
6.55 	 -.3383732E-01
6.56 	 -.2005715E-01
6.57 	 -.3858572E-02
6.58 	 .1356707E-01
6.59 	 .1919335E-01
6.6 	 .7805012E-02
6.61 	 .8432274E-02
6.62 	 .5071336E-02
6.63 	 -.8149941E-02
6.64 	 -.2411298E-01
6.65 	 -.3159471E-01
6.66 	 -.2538091E-01
6.67 	 -.1466484E-01
6.68 	 -.1629271E-02
6.69 	 .8704311E-02
6.7 	 .6206293E-02
6.71 	 -.6685525E-02
6.72 	 -.1969770E-01
6.73 	 -.3181738E-01
6.74 	 -.4260596E-01
6.75 	 -.4864133E-01
6.76 	 -.4810077E-01
6.77 	 -.4554673E-01
6.78 	 -.3911260E-01
6.79 	 -.2834552E-01
6.8 	 -.2352912E-01
6.81 	 -.2841190E-01
6.82 	 -.3813049E-01
6.83 	 -.3207479E-01
6.84 	 -.1462569E-01
6.85 	 .8804694E-02
6.86 	 .3670268E-01
6.87 	 .5611222E-01
6.88 	 .7241892E-01
6.89 	 .7014428E-01
6.9 	 .5840711E-01
6.91 	 .4369561E-01
6.92 	 .2801206E-01
6.93 	 .1767433E-01
6.94 	 .1790277E-01
6.95 	 .3085265E-01
6.96 	 .4355977E-01
6.97 	 .5507859E-01
6.98 	 .5452776E-01
6.99 	 .4586793E-01
7.0 	 .3543533E-01
7.01 	 .2955092E-01
7.02 	 .2657044E-01
7.03 	 .3226608E-01
7.04 	 .3789543E-01
7.05 	 .3038411E-01
7.06 	 .1785032E-01
7.07 	 .7173944E-02
7.08 	 .5004369E-02
7.09 	 .9916538E-03
7.1 	 .3633419E-02
7.11 	 .1477383E-01
7.12 	 .2650991E-01
7.13 	 .2974633E-01
7.14 	 .2818876E-01
7.15 	 .2217175E-01
7.16 	 .6018991E-02
7.17 	 -.1155156E-01
7.18 	 -.3111214E-01
7.19 	 -.4795849E-01
7.2 	 -.5888782E-01
7.21 	 -.6125222E-01
7.22 	 -.5308919E-01
7.23 	 -.4237005E-01
7.24 	 -.3079104E-01
7.25 	 -.2107863E-01
7.26 	 -.1664065E-01
7.27 	 -.1931716E-01
7.28 	 -.2847578E-01
7.29 	 -.3705197E-01
7.3 	 -.4148798E-01
7.31 	 -.4010387E-01
7.32 	 -.3177969E-01
7.33 	 -.2298936E-01
7.34 	 -.2106058E-01
7.35 	 -.1426537E-01
7.36 	 -.5045619E-02
7.37 	 -.2739431E-02
7.38 	 .1508836E-02
7.39 	 .1229122E-01
7.4 	 .2541655E-01
7.41 	 .3443128E-01
7.42 	 .2932818E-01
7.43 	 .1936173E-01
7.44 	 .1532149E-01
7.45 	 .1303155E-01
7.46 	 .1796424E-01
7.47 	 .2719113E-01
7.48 	 .3696881E-01
7.49 	 .3570296E-01
7.5 	 .2359043E-01
7.51 	 .9956061E-02
7.52 	 -.3927190E-02
7.53 	 -.1446790E-01
7.54 	 -.2423851E-01
7.55 	 -.2911006E-01
7.56 	 -.3080126E-01
7.57 	 -.2606339E-01
7.58 	 -.1503823E-01
7.59 	 -.3564285E-02
7.6 	 .1057697E-01
7.61 	 .2248748E-01
7.62 	 .2675614E-01
7.63 	 .2202841E-01
7.64 	 .1147138E-01
7.65 	 .2766673E-02
7.66 	 .5219743E-02
7.67 	 .1598683E-01
7.68 	 .2392853E-01
7.69 	 .2303294E-01
7.7 	 .2284931E-01
7.71 	 .2058182E-01
7.72 	 .1432205E-01
7.73 	 .8868077E-02
7.74 	 .8166288E-02
7.75 	 .8478380E-02
7.76 	 .4730871E-02
7.77 	 .1302622E-02
7.78 	 .3976013E-02
7.79 	 .1348647E-01
7.8 	 .1837020E-01
7.81 	 .1500315E-01
7.82 	 .6218879E-02
7.83 	 .4199251E-02
7.84 	 .8097663E-02
7.85 	 .1139019E-01
7.86 	 .8103727E-02
7.87 	 -.2110580E-02
7.88 	 -.1348055E-01
7.89 	 -.2691296E-01
7.9 	 -.3971092E-01
7.91 	 -.4509348E-01
7.92 	 -.5127981E-01
7.93 	 -.5907366E-01
7.94 	 -.6217959E-01
7.95 	 -.5578014E-01
7.96 	 -.4646348E-01
7.97 	 -.4284863E-01
7.98 	 -.3882068E-01
7.99 	 -.3409096E-01
8.0 	 -.2439079E-01
8.01 	 -.1258636E-01
8.02 	 .1697368E-03
8.03 	 .1409169E-01
8.04 	 .2684064E-01
8.05 	 .3703654E-01
8.06 	 .3404179E-01
8.07 	 .2918044E-01
8.08 	 .3771170E-01
8.09 	 .4718441E-01
8.1 	 .4981191E-01
8.11 	 .4073796E-01
8.12 	 .2647018E-01
8.13 	 .1268792E-01
8.14 	 .1883031E-02
8.15 	 .2526626E-02
8.16 	 .1908482E-02
8.17 	 -.1634003E-02
8.18 	 -.2640767E-02
8.19 	 -.5262191E-02
8.2 	 -.8030495E-02
8.21 	 -.7539900E-02
8.22 	 -.4565603E-02
8.23 	 .5486524E-03
8.24 	 .6056629E-02
8.25 	 .5452765E-02
8.26 	 -.4411679E-02
8.27 	 -.1829186E-01
8.28 	 -.3233626E-01
8.29 	 -.4249855E-01
8.3 	 -.5116653E-01
8.31 	 -.5602073E-01
8.32 	 -.5318312E-01
8.33 	 -.4968862E-01
8.34 	 -.4988856E-01
8.35 	 -.4495791E-01
8.36 	 -.3276281E-01
8.37 	 -.1556971E-01
8.38 	 .3716427E-02
8.39 	 .2131548E-01
8.4 	 .3361972E-01
8.41 	 .3478556E-01
8.42 	 .3638694E-01
8.43 	 .4550266E-01
8.44 	 .5123708E-01
8.45 	 .4857893E-01
8.46 	 .3771489E-01
8.47 	 .2535043E-01
8.48 	 .1825325E-01
8.49 	 .9451649E-02
8.5 	 .2066829E-02
8.51 	 -.2494632E-02
8.52 	 -.6169712E-02
8.53 	 -.8629973E-02
8.54 	 -.1183381E-01
8.55 	 -.1219389E-01
8.56 	 -.1338119E-01
8.57 	 -.1653301E-01
8.58 	 -.1662993E-01
8.59 	 -.2025809E-01
8.6 	 -.2595379E-01
8.61 	 -.2977371E-01
8.62 	 -.3280619E-01
8.63 	 -.3611917E-01
8.64 	 -.3347943E-01
8.65 	 -.2372519E-01
8.66 	 -.1132711E-01
8.67 	 -.5778330E-02
8.68 	 -.2957029E-02
8.69 	 .4843912E-02
8.7 	 .1294576E-01
8.71 	 .2522450E-01
8.72 	 .3895266E-01
8.73 	 .5147926E-01
8.74 	 .5730751E-01
8.75 	 .5380685E-01
8.76 	 .4245118E-01
8.77 	 .3290702E-01
8.78 	 .3192984E-01
8.79 	 .3262546E-01
8.8 	 .3254283E-01
8.81 	 .2795281E-01
8.82 	 .1947047E-01
8.83 	 .8605420E-02
8.84 	 -.1081537E-02
8.85 	 -.9636294E-02
8.86 	 -.1829611E-01
8.87 	 -.2326251E-01
8.88 	 -.2378681E-01
8.89 	 -.2241288E-01
8.9 	 -.1589306E-01
8.91 	 -.9958714E-02
8.92 	 -.1428557E-01
8.93 	 -.1962223E-01
8.94 	 -.2466308E-01
8.95 	 -.2687752E-01
8.96 	 -.2622575E-01
8.97 	 -.2636551E-01
8.98 	 -.2411234E-01
8.99 	 -.2075146E-01
9.0 	 -.1334117E-01
9.01 	 -.4292772E-02
9.02 	 .2068953E-02
9.03 	 .2264777E-02
9.04 	 -.1656117E-02
9.05 	 -.7503722E-03
9.06 	 .6142773E-02
9.07 	 .1051651E-01
9.08 	 .1502592E-01
9.09 	 .2150495E-01
9.1 	 .2136315E-01
9.11 	 .1813688E-01
9.12 	 .1790940E-01
9.13 	 .2084597E-01
9.14 	 .1967500E-01
9.15 	 .1301336E-01
9.16 	 .5522471E-02
9.17 	 .4819678E-02
9.18 	 .8990444E-02
9.19 	 .1362225E-01
9.2 	 .1518998E-01
9.21 	 .1301533E-01
9.22 	 .1501961E-01
9.23 	 .1640986E-01
9.24 	 .1319685E-01
9.25 	 .1492982E-01
9.26 	 .1770624E-01
9.27 	 .1765930E-01
9.28 	 .1815399E-01
9.29 	 .1296116E-01
9.3 	 .3091631E-02
9.31 	 -.7750980E-02
9.32 	 -.1327633E-01
9.33 	 -.1327533E-01
9.34 	 -.1484206E-01
9.35 	 -.1269293E-01
9.36 	 -.5981339E-02
9.37 	 -.1639080E-04
9.38 	 .5098898E-02
9.39 	 .3599486E-02
9.4 	 .1473796E-02
9.41 	 .1265704E-02
9.42 	 .2180634E-02
9.43 	 .6680863E-02
9.44 	 .1009582E-01
9.45 	 .1091894E-01
9.46 	 .6411551E-02
9.47 	 .3654082E-04
9.48 	 .3884306E-03
9.49 	 .3588160E-02
9.5 	 .9389910E-02
9.51 	 .1645034E-01
9.52 	 .1900441E-01
9.53 	 .1463574E-01
9.54 	 .5309871E-02
9.55 	 -.2836878E-02
9.56 	 -.8498907E-02
9.57 	 -.1048180E-01
9.58 	 -.9256786E-02
9.59 	 -.1101731E-01
9.6 	 -.1409466E-01
9.61 	 -.1515343E-01
9.62 	 -.1498718E-01
9.63 	 -.1542274E-01
9.64 	 -.1606738E-01
9.65 	 -.1414061E-01
9.66 	 -.1032582E-01
9.67 	 -.6591605E-02
9.68 	 -.4416972E-02
9.69 	 -.3141981E-02
9.7 	 -.2497349E-02
9.71 	 .3107543E-02
9.72 	 .8848095E-02
9.73 	 .1302703E-01
9.74 	 .1370940E-01
9.75 	 .1336362E-01
9.76 	 .1138991E-01
9.77 	 .4873118E-02
9.78 	 -.4638389E-02
9.79 	 -.1736697E-01
9.8 	 -.2873998E-01
9.81 	 -.3676534E-01
9.82 	 -.3624618E-01
9.83 	 -.3052093E-01
9.84 	 -.2497723E-01
9.85 	 -.2283932E-01
9.86 	 -.2225588E-01
9.87 	 -.2265981E-01
9.88 	 -.1657246E-01
9.89 	 -.6525462E-02
9.9 	 .3778572E-02
9.91 	 .1075843E-01
9.92 	 .1304322E-01
9.93 	 .8641915E-02
9.94 	 -.3457331E-02
9.95 	 -.1551883E-01
9.96 	 -.2818112E-01
9.97 	 -.3274256E-01
9.98 	 -.2574232E-01
9.99 	 -.1494460E-01
10.0 	 -.2130343E-02
10.01 	 .7054752E-02
10.02 	 .8702047E-02
10.03 	 .6536582E-02
10.04 	 .3563278E-02
10.05 	 .5554313E-02
10.06 	 .8117568E-02
10.07 	 .1058597E-01
10.08 	 .1576450E-01
10.09 	 .2358280E-01
10.1 	 .2973645E-01
10.11 	 .3448557E-01
10.12 	 .3263223E-01
10.13 	 .2360114E-01
10.14 	 .1622654E-01
10.15 	 .9759733E-02
10.16 	 .8436789E-02
10.17 	 .9513906E-02
10.18 	 .1054206E-01
10.19 	 .6636479E-02
10.2 	 -.7442442E-03
10.21 	 -.4253047E-02
10.22 	 -.6349150E-02
10.23 	 -.4954813E-02
10.24 	 -.2220160E-03
10.25 	 .8744811E-03
10.26 	 -.8432015E-03
10.27 	 -.1559244E-02
10.28 	 -.1315466E-02
10.29 	 -.4648829E-02
10.3 	 -.1071579E-01
10.31 	 -.1334841E-01
10.32 	 -.1119315E-01
10.33 	 -.9789637E-02
10.34 	 -.1244572E-01
10.35 	 -.1560670E-01
10.36 	 -.1779052E-01
10.37 	 -.1941334E-01
10.38 	 -.1924199E-01
10.39 	 -.2141153E-01
10.4 	 -.2243459E-01
10.41 	 -.1952249E-01
10.42 	 -.1689395E-01
10.43 	 -.1201836E-01
10.44 	 -.7032594E-02
10.45 	 -.4367335E-02
10.46 	 -.2587436E-02
10.47 	 -.1722477E-02
10.48 	 -.9146376E-03
10.49 	 .2163722E-02
10.5 	 .7797181E-02
10.51 	 .1548288E-01
10.52 	 .1949760E-01
10.53 	 .2000046E-01
10.54 	 .1648350E-01
10.55 	 .1345206E-01
10.56 	 .9415919E-02
10.57 	 .3295919E-02
10.58 	 .2114396E-03
10.59 	 -.9870603E-03
10.6 	 .2060700E-02
10.61 	 .4733100E-02
10.62 	 .7727820E-02
10.63 	 .1034107E-01
10.64 	 .1119480E-01
10.65 	 .1131618E-01
10.66 	 .8196003E-02
10.67 	 .5686804E-02
10.68 	 .7494245E-02
10.69 	 .1044612E-01
10.7 	 .1111728E-01
10.71 	 .7459568E-02
10.72 	 -.5402909E-03
10.73 	 -.7967929E-02
10.74 	 -.1179497E-01
10.75 	 -.1075151E-01
10.76 	 -.8631945E-02
10.77 	 -.7894484E-02
10.78 	 -.3965442E-02
10.79 	 .1459940E-02
10.8 	 .8238861E-02
10.81 	 .1355102E-01
10.82 	 .1195778E-01
10.83 	 .8248047E-02
10.84 	 .6383490E-02
10.85 	 .4040552E-02
10.86 	 .3014434E-02
10.87 	 .1818996E-02
10.88 	 -.1749982E-02
10.89 	 -.7188618E-02
10.9 	 -.1009052E-01
10.91 	 -.9734534E-02
10.92 	 -.6492971E-02
10.93 	 -.2211008E-02
10.94 	 -.2489465E-02
10.95 	 -.1026624E-03
10.96 	 .5532005E-03
10.97 	 -.3332996E-02
10.98 	 -.6214493E-02
10.99 	 -.8570690E-02
11.0 	 -.9156166E-02
11.01 	 -.1015678E-01
11.02 	 -.6527620E-02
11.03 	 -.9869766E-03
11.04 	 .1056087E-02
11.05 	 -.1516349E-02
11.06 	 -.3688946E-02
11.07 	 -.4808902E-02
11.08 	 -.6525558E-02
11.09 	 -.6354194E-02
11.1 	 -.3702190E-02
11.11 	 .2520834E-02
11.12 	 .5238118E-02
11.13 	 .5176922E-02
11.14 	 .4941306E-02
11.15 	 .5890930E-02
11.16 	 .3124694E-02
11.17 	 -.6666409E-03
11.18 	 -.1599936E-02
11.19 	 -.3056492E-02
11.2 	 -.2957547E-02
11.21 	 .2761597E-02
11.22 	 .8801022E-02
11.23 	 .1063295E-01
11.24 	 .1189061E-01
11.25 	 .1521377E-01
11.26 	 .1567074E-01
11.27 	 .1598184E-01
11.28 	 .2109307E-01
11.29 	 .2283217E-01
11.3 	 .1934582E-01
11.31 	 .1626236E-01
11.32 	 .1611651E-01
11.33 	 .1680807E-01
11.34 	 .1674688E-01
11.35 	 .1308100E-01
11.36 	 .6413275E-02
11.37 	 -.2149620E-02
11.38 	 -.9848574E-02
11.39 	 -.1164070E-01
11.4 	 -.9117222E-02
11.41 	 -.4158996E-02
11.42 	 .5095495E-03
11.43 	 .1593815E-02
11.44 	 .9349016E-03
11.45 	 .9859077E-03
11.46 	 .2022234E-02
11.47 	 .1678500E-02
11.48 	 .2988187E-02
11.49 	 .4983313E-02
11.5 	 .8585959E-02
11.51 	 .1452746E-01
11.52 	 .1521087E-01
11.53 	 .9895659E-02
11.54 	 .4286685E-02
11.55 	 .1743832E-02
11.56 	 .3512518E-02
11.57 	 .4041905E-02
11.58 	 -.6011278E-03
11.59 	 -.6732341E-02
11.6 	 -.1212915E-01
11.61 	 -.1500860E-01
11.62 	 -.1317668E-01
11.63 	 -.1205263E-01
11.64 	 -.1417218E-01
11.65 	 -.1337964E-01
11.66 	 -.1231475E-01
11.67 	 -.1152526E-01
11.68 	 -.9347557E-02
11.69 	 -.1063479E-01
11.7 	 -.1538084E-01
11.71 	 -.1940066E-01
11.72 	 -.1781761E-01
11.73 	 -.1172412E-01
11.74 	 -.6105952E-02
11.75 	 -.3135704E-02
11.76 	 -.2643036E-02
11.77 	 -.7005568E-02
11.78 	 -.1067756E-01
11.79 	 -.1357231E-01
11.8 	 -.1504723E-01
11.81 	 -.1491462E-01
11.82 	 -.1373957E-01
11.83 	 -.1057042E-01
11.84 	 -.9949233E-02
11.85 	 -.5533645E-02
11.86 	 .9778301E-04
11.87 	 .3878931E-02
11.88 	 .7100099E-02
11.89 	 .6795127E-02
11.9 	 .5348776E-02
11.91 	 .5568084E-02
11.92 	 .3652532E-02
11.93 	 .2743721E-02
11.94 	 .2160289E-02
11.95 	 -.1151642E-02
11.96 	 -.2676533E-02
11.97 	 -.1894184E-02
11.98 	 .4913304E-02
11.99 	 .1174732E-01
12.0 	 .1825594E-01
12.01 	 .2025209E-01
12.02 	 .1750524E-01
12.03 	 .1332733E-01
12.04 	 .8658797E-02
12.05 	 .1009802E-01
12.06 	 .1098849E-01
12.07 	 .1240631E-01
12.08 	 .1267356E-01
12.09 	 .1265826E-01
12.1 	 .1328149E-01
12.11 	 .1426376E-01
12.12 	 .1625379E-01
12.13 	 .1500736E-01
12.14 	 .1354876E-01
12.15 	 .1295922E-01
12.16 	 .1269403E-01
12.17 	 .1096004E-01
12.18 	 .9541225E-02
12.19 	 .5596894E-02
12.2 	 -.5853157E-03
12.21 	 -.5501706E-02
12.22 	 -.1189505E-01
12.23 	 -.1448890E-01
12.24 	 -.1503562E-01
12.25 	 -.1568943E-01
12.26 	 -.1860866E-01
12.27 	 -.2210317E-01
12.28 	 -.2291406E-01
12.29 	 -.2233774E-01
12.3 	 -.2027020E-01
12.31 	 -.1857699E-01
12.32 	 -.1669508E-01
12.33 	 -.1603105E-01
12.34 	 -.1536702E-01
12.35 	 -.1363505E-01
12.36 	 -.1550368E-01
12.37 	 -.1661547E-01
12.38 	 -.1550060E-01
12.39 	 -.1444795E-01
12.4 	 -.1505688E-01
12.41 	 -.1645937E-01
12.42 	 -.1832902E-01
12.43 	 -.1732023E-01
12.44 	 -.1307906E-01
12.45 	 -.9661029E-02
12.46 	 -.6727499E-02
12.47 	 -.6490849E-02
12.48 	 -.3812319E-02
12.49 	 -.3809248E-02
12.5 	 -.4007117E-02
12.51 	 -.3299228E-02
12.52 	 -.1692717E-02
12.53 	 .1569253E-02
12.54 	 .5041344E-02
12.55 	 .9351873E-02
12.56 	 .1276480E-01
12.57 	 .1514957E-01
12.58 	 .1480584E-01
12.59 	 .1504556E-01
12.6 	 .1254657E-01
12.61 	 .9031657E-02
12.62 	 .4796628E-02
12.63 	 .3138118E-02
12.64 	 .3545109E-02
12.65 	 .5171000E-02
12.66 	 .7797510E-02
12.67 	 .7144721E-02
12.68 	 .8155551E-02
12.69 	 .6637802E-02
12.7 	 .5112913E-02
12.71 	 .5803463E-02
12.72 	 .7757794E-02
12.73 	 .1025170E-01
12.74 	 .1279560E-01
12.75 	 .1249573E-01
12.76 	 .1179092E-01
12.77 	 .1203165E-01
12.78 	 .1009467E-01
12.79 	 .7501850E-02
12.8 	 .1625641E-02
12.81 	 -.3060228E-02
12.82 	 -.6731197E-02
12.83 	 -.8670206E-02
12.84 	 -.1015123E-01
12.85 	 -.1064185E-01
12.86 	 -.8468213E-02
12.87 	 -.6142602E-02
12.88 	 -.1197632E-02
12.89 	 .1393179E-02
12.9 	 .1545171E-02
12.91 	 .1716541E-02
12.92 	 .1923613E-02
12.93 	 .5486483E-02
12.94 	 .9123814E-02
12.95 	 .1135150E-01
12.96 	 .1419834E-01
12.97 	 .1455025E-01
12.98 	 .1430240E-01
12.99 	 .1013876E-01
13.0 	 .5657922E-02
13.01 	 .4081012E-02
13.02 	 .3871924E-02
13.03 	 .4337054E-02
13.04 	 .6895226E-02
13.05 	 .1222984E-01
13.06 	 .1182898E-01
13.07 	 .7450139E-02
13.08 	 .3361991E-02
13.09 	 .2125762E-02
13.1 	 .1658613E-02
13.11 	 .3440564E-02
13.12 	 .4670695E-02
13.13 	 .5868186E-02
13.14 	 .3993437E-02
13.15 	 .1415909E-02
13.16 	 -.8780598E-03
13.17 	 -.5613909E-02
13.18 	 -.7591677E-02
13.19 	 -.8884006E-02
13.2 	 -.7175494E-02
13.21 	 -.3575903E-02
13.22 	 -.1317613E-02
13.23 	 .3164388E-03
13.24 	 .6897700E-03
13.25 	 .6357213E-03
13.26 	 -.2730268E-02
13.27 	 -.7162156E-02
13.28 	 -.8231104E-02
13.29 	 -.8259653E-02
13.3 	 -.9059322E-02
13.31 	 -.7482391E-02
13.32 	 -.1772420E-02
13.33 	 .1421312E-03
13.34 	 .3726625E-03
13.35 	 -.9584262E-03
13.36 	 -.2256875E-02
13.37 	 -.2956583E-02
13.38 	 -.2415972E-02
13.39 	 .1860587E-03
13.4 	 .4941100E-03
13.41 	 -.6809188E-03
13.42 	 -.3208475E-03
13.43 	 .2337284E-02
13.44 	 .3982554E-02
13.45 	 .2422986E-02
13.46 	 -.1015027E-03
13.47 	 -.1938512E-02
13.48 	 -.1254080E-02
13.49 	 -.1593729E-02
13.5 	 -.3415438E-02
13.51 	 -.2477027E-02
13.52 	 .1719244E-03
13.53 	 .1737636E-02
13.54 	 -.6338531E-03
13.55 	 -.1248902E-02
13.56 	 -.1028570E-02
13.57 	 -.2084798E-03
13.58 	 .4677914E-03
13.59 	 -.7490574E-03
13.6 	 -.2616666E-02
13.61 	 -.3259255E-02
13.62 	 -.2597264E-02
13.63 	 -.3964053E-02
13.64 	 -.4601541E-02
13.65 	 -.3514211E-02
13.66 	 -.2446260E-02
13.67 	 -.4430148E-02
13.68 	 -.3830377E-02
13.69 	 -.1711827E-02
13.7 	 -.1074316E-02
13.71 	 .6311354E-03
13.72 	 .2414106E-02
13.73 	 .3727877E-02
13.74 	 .2596708E-02
13.75 	 .2909859E-02
13.76 	 .4882550E-02
13.77 	 .5350741E-02
13.78 	 .5419092E-02
13.79 	 .4512323E-02
13.8 	 .2758954E-02
13.81 	 .2946645E-02
13.82 	 .3785096E-02
13.83 	 .2289787E-02
13.84 	 .1411578E-02
13.85 	 -.6080115E-03
13.86 	 -.1757541E-02
13.87 	 -.1922770E-02
13.88 	 -.5722791E-03
13.89 	 .1814531E-02
13.9 	 .3023242E-02
13.91 	 .1782933E-02
13.92 	 -.2204236E-02
13.93 	 -.5842565E-02
13.94 	 -.9091254E-02
13.95 	 -.9751184E-02
13.96 	 -.1067937E-01
13.97 	 -.1102718E-01
13.98 	 -.1278362E-01
13.99 	 -.1682280E-01
14.0 	 -.1877099E-01
14.01 	 -.1929118E-01
14.02 	 -.1965531E-01
14.03 	 -.2025709E-01
14.04 	 -.2011021E-01
14.05 	 -.2064978E-01
14.06 	 -.2043251E-01
14.07 	 -.1506424E-01
14.08 	 -.7104146E-02
14.09 	 -.1269736E-02
14.1 	 .3656874E-02
14.11 	 .8038804E-02
14.12 	 .1129568E-01
14.13 	 .1258496E-01
14.14 	 .1379571E-01
14.15 	 .1358459E-01
14.16 	 .9768776E-02
14.17 	 .9150666E-02
14.18 	 .1112539E-01
14.19 	 .1132125E-01
14.2 	 .1119579E-01
14.21 	 .8846746E-02
14.22 	 .8947737E-02
14.23 	 .9027307E-02
14.24 	 .7984877E-02
14.25 	 .9029368E-02
14.26 	 .8259278E-02
14.27 	 .5969387E-02
14.28 	 .5324757E-02
14.29 	 .4658707E-02
14.3 	 .5973497E-02
14.31 	 .8968227E-02
14.32 	 .1234444E-01
14.33 	 .1257905E-01
14.34 	 .9569037E-02
14.35 	 .6626347E-02
14.36 	 .4636337E-02
14.37 	 .6146966E-02
14.38 	 .7133316E-02
14.39 	 .7723906E-02
14.4 	 .8285935E-02
14.41 	 .7794305E-02
14.42 	 .5844075E-02
14.43 	 .6313285E-02
14.44 	 .7194574E-02
14.45 	 .5636023E-02
14.46 	 .1214334E-02
14.47 	 -.2209797E-02
14.48 	 -.1839528E-02
14.49 	 -.3240998E-02
14.5 	 -.5271809E-02
14.51 	 -.6205100E-02
14.52 	 -.7456630E-02
14.53 	 -.6127561E-02
14.54 	 -.5307472E-02
14.55 	 -.3942702E-02
14.56 	 -.5516553E-02
14.57 	 -.7170983E-02
14.58 	 -.5443095E-02
14.59 	 -.6215225E-02
14.6 	 -.6381476E-02
14.61 	 -.7513667E-02
14.62 	 -.9440438E-02
14.63 	 -.1129785E-01
14.64 	 -.1233314E-01
14.65 	 -.1117441E-01
14.66 	 -.1118256E-01
14.67 	 -.1092041E-01
14.68 	 -.6299804E-02
14.69 	 -.1802616E-02
14.7 	 .1694973E-02
14.71 	 .4156241E-02
14.72 	 .5671970E-02
14.73 	 .7265219E-02
14.74 	 .7936388E-02
14.75 	 .8644276E-02
14.76 	 .8692224E-02
14.77 	 .8259753E-02
14.78 	 .8827902E-02
14.79 	 .8919710E-02
14.8 	 .7015379E-02
14.81 	 .3727927E-02
14.82 	 -.9344843E-03
14.83 	 -.5401056E-02
14.84 	 -.6464907E-02
14.85 	 -.7390039E-02
14.86 	 -.9819671E-02
14.87 	 -.1268485E-01
14.88 	 -.1230845E-01
14.89 	 -.1083658E-01
14.9 	 -.9754358E-02
14.91 	 -.7539931E-02
14.92 	 -.5463203E-02
14.93 	 -.2418495E-02
14.94 	 -.1877466E-03
14.95 	 .1609502E-02
14.96 	 -.1717731E-02
14.97 	 -.3552703E-02
14.98 	 -.2228735E-02
14.99 	 -.3012087E-02
15.0 	 -.2780540E-02
15.01 	 -.4998120E-03
15.02 	 .2860075E-02
15.03 	 .1928823E-02
15.04 	 .8517107E-03
15.05 	 .3749538E-02
15.06 	 .3880106E-02
15.07 	 .2734653E-02
15.08 	 .1356641E-02
15.09 	 .1282188E-02
15.1 	 .3882176E-02
15.11 	 .7188002E-02
15.12 	 .1113541E-01
15.13 	 .1087430E-01
15.14 	 .8353884E-02
15.15 	 .6918751E-02
15.16 	 .6567878E-02
15.17 	 .1503586E-02
15.18 	 -.2426468E-02
15.19 	 -.5310001E-02
15.2 	 -.7029713E-02
15.21 	 -.5904646E-02
15.22 	 -.6144340E-02
15.23 	 -.3747333E-02
15.24 	 -.5848526E-02
15.25 	 -.8269999E-02
15.26 	 -.1115966E-01
15.27 	 -.1279063E-01
15.28 	 -.1102296E-01
15.29 	 -.8601473E-02
15.3 	 -.6358486E-02
15.31 	 -.3648340E-02
15.32 	 -.1564474E-02
15.33 	 .3898526E-03
15.34 	 .2817459E-02
15.35 	 .4047585E-02
15.36 	 .4896231E-02
15.37 	 .6565977E-02
15.38 	 .9535204E-02
15.39 	 .8965030E-02
15.4 	 .7758376E-02
15.41 	 .8279602E-02
15.42 	 .1007379E-01
15.43 	 .1219743E-01
15.44 	 .1126516E-01
15.45 	 .9232306E-02
15.46 	 .7967511E-02
15.47 	 .5907117E-02
15.48 	 .8187842E-02
15.49 	 .9551589E-02
15.5 	 .7706414E-02
15.51 	 .6520159E-02
15.52 	 .5324726E-02
15.53 	 .5502211E-02
15.54 	 .4301676E-02
15.55 	 .4433262E-02
15.56 	 .2975687E-02
15.57 	 .1266173E-02
15.58 	 .2342278E-02
15.59 	 .3484682E-02
15.6 	 .3550988E-02
15.61 	 .4089553E-02
15.62 	 .5462478E-02
15.63 	 .5354363E-02
15.64 	 .5246248E-02
15.65 	 .6841533E-02
15.66 	 .6836438E-02
15.67 	 .5915383E-02
15.68 	 .4728108E-02
15.69 	 .1430453E-02
15.7 	 -.1381682E-02
15.71 	 -.3896997E-02
15.72 	 -.5067953E-02
15.73 	 -.5510629E-02
15.74 	 -.6589784E-02
15.75 	 -.8374779E-02
15.76 	 -.8283994E-02
15.77 	 -.9500851E-02
15.78 	 -.9924146E-02
15.79 	 -.9604882E-02
15.8 	 -.1127564E-01
15.81 	 -.1070851E-01
15.82 	 -.1040659E-01
15.83 	 -.1143475E-01
15.84 	 -.9631381E-02
15.85 	 -.8053438E-02
15.86 	 -.7010994E-02
15.87 	 -.3448130E-02
15.88 	 -.5513257E-03
15.89 	 .1170438E-02
15.9 	 .1235722E-02
15.91 	 .1984405E-02
15.92 	 .1785509E-02
15.93 	 .1937493E-02
15.94 	 .1540717E-02
15.95 	 .2814700E-02
15.96 	 .3174763E-02
15.97 	 .1725347E-02
15.98 	 .2895290E-02
15.99 	 .2882034E-02
16.0 	 .4834317E-02
16.01 	 .4544640E-02
16.02 	 .7140543E-02
16.03 	 .9119345E-02
16.04 	 .9439629E-02
16.05 	 .9062232E-02
16.06 	 .7401675E-02
16.07 	 .5010798E-02
16.08 	 .4090760E-02
16.09 	 .2655624E-02
16.1 	 -.4533338E-04
16.11 	 -.3747906E-03
16.12 	 -.1933347E-02
16.13 	 -.3629605E-02
16.14 	 -.6204082E-02
16.15 	 -.9949520E-02
16.16 	 -.1469863E-01
16.17 	 -.1799017E-01
16.18 	 -.1954058E-01
16.19 	 -.1848283E-01
16.2 	 -.1571455E-01
16.21 	 -.1321657E-01
16.22 	 -.1191198E-01
16.23 	 -.9864842E-02
16.24 	 -.7596360E-02
16.25 	 -.6655917E-02
16.26 	 -.5054516E-02
16.27 	 -.2873754E-02
16.28 	 -.7011521E-03
16.29 	 .6829897E-03
16.3 	 .1921271E-02
16.31 	 .3789913E-02
16.32 	 .5564715E-02
16.33 	 .6164476E-02
16.34 	 .4660998E-02
16.35 	 .3973520E-02
16.36 	 .4003101E-02
16.37 	 .2094683E-02
16.38 	 .3265644E-02
16.39 	 .3704245E-02
16.4 	 .4315227E-02
16.41 	 .3326848E-02
16.42 	 .1068569E-02
16.43 	 .2249730E-02
16.44 	 .3155491E-02
16.45 	 .1464332E-02
16.46 	 -.1307008E-02
16.47 	 -.4482266E-02
16.48 	 -.4746445E-02
16.49 	 -.4420045E-02
16.5 	 -.6612024E-02
16.51 	 -.6923124E-02
16.52 	 -.6829282E-02
16.53 	 -.4584262E-02
16.54 	 -.2492242E-02
16.55 	 .3770188E-03
16.56 	 .1399060E-02
16.57 	 .2382340E-02
16.58 	 .4786480E-02
16.59 	 .7186540E-02
16.6 	 .8570680E-02
16.61 	 .8307520E-02
16.62 	 .7141661E-02
16.63 	 .4056161E-02
16.64 	 .3810341E-02
16.65 	 .4002101E-02
16.66 	 .4291781E-02
16.67 	 .4048000E-02
16.68 	 .5687141E-02
16.69 	 .5217940E-02
16.7 	 .2916820E-02
16.71 	 -.1794560E-02
16.72 	 -.5147301E-02
16.73 	 -.6561021E-02
16.74 	 -.7969641E-02
16.75 	 -.7182202E-02
16.76 	 -.5086103E-02
16.77 	 -.3488783E-02
16.78 	 .5289957E-03
16.79 	 .3653255E-02
16.8 	 .4567174E-02
16.81 	 .6934593E-02
16.82 	 .7934192E-02
16.83 	 .1018635E-01
16.84 	 .9887491E-02
16.85 	 .1052703E-01
16.86 	 .1013943E-01
16.87 	 .8637987E-02
16.88 	 .1041176E-01
16.89 	 .1222940E-01
16.9 	 .1292096E-01
16.91 	 .1130528E-01
16.92 	 .7235480E-02
16.93 	 .3923539E-02
16.94 	 .4626775E-03
16.95 	 -.1975124E-02
16.96 	 -.4938226E-02
16.97 	 -.7898267E-02
16.98 	 -.8114509E-02
16.99 	 -.8363390E-02
17.0 	 -.7691212E-02
17.01 	 -.7955394E-02
17.02 	 -.7507616E-02
17.03 	 -.6589619E-02
17.04 	 -.6264240E-02
17.05 	 -.3958022E-02
17.06 	 -.3384784E-02
17.07 	 -.2883967E-02
17.08 	 -.1096929E-02
17.09 	 -.8235715E-03
17.1 	 -.1548794E-02
17.11 	 -.1267276E-02
17.12 	 -.7899186E-03
17.13 	 -.5379811E-03
17.14 	 -.8684636E-03
17.15 	 -.4533262E-03
17.16 	 -.6440688E-03
17.17 	 -.2316872E-02
17.18 	 -.1773214E-02
17.19 	 -.1327477E-02
17.2 	 .9144801E-03
17.21 	 .1560137E-02
17.22 	 .1525455E-02
17.23 	 .2536271E-02
17.24 	 .1360208E-02
17.25 	 .2106651E-03
17.26 	 -.1268338E-02
17.27 	 -.2568841E-02
17.28 	 -.2543345E-02
17.29 	 -.3319877E-03
17.3 	 .2262889E-02
17.31 	 .4757806E-02
17.32 	 .6432641E-02
17.33 	 .4876118E-02
17.34 	 .3704135E-02
17.35 	 .3980552E-02
17.36 	 .2681067E-02
17.37 	 .1421364E-02
17.38 	 .6706404E-03
17.39 	 -.9868634E-03
17.4 	 -.2010947E-02
17.41 	 -.1368352E-02
17.42 	 -.1088875E-02
17.43 	 -.1155179E-02
17.44 	 -.1964043E-02
17.45 	 -.3361447E-02
17.46 	 -.3943871E-02
17.47 	 -.2602575E-02
17.48 	 .7073203E-03
17.49 	 .5430961E-03
17.5 	 -.1237828E-02
17.51 	 -.2817812E-02
17.52 	 -.4287637E-02
17.53 	 -.3461441E-02
17.54 	 -.3837826E-02
17.55 	 -.3753170E-02
17.56 	 -.3640975E-02
17.57 	 -.3514500E-02
17.58 	 -.2786224E-02
17.59 	 -.1694829E-02
17.6 	 -.1252154E-02
17.61 	 -.2386399E-02
17.62 	 -.1977383E-02
17.63 	 -.2953528E-02
17.64 	 -.3233014E-02
17.65 	 -.2936199E-02
17.66 	 -.4655924E-02
17.67 	 -.6982548E-02
17.68 	 -.6457254E-02
17.69 	 -.6412379E-02
17.7 	 -.5694304E-02
17.71 	 -.4724290E-02
17.72 	 -.5051715E-02
17.73 	 -.2190621E-02
17.74 	 -.3668661E-03
17.75 	 .9999285E-03
17.76 	 .1507882E-02
17.77 	 .9662573E-03
17.78 	 .5460117E-03
17.79 	 -.3475139E-03
17.8 	 -.2088660E-02
17.81 	 -.3876725E-02
17.82 	 -.5291471E-02
17.83 	 -.6703157E-02
17.84 	 -.6496103E-02
17.85 	 -.5850449E-02
17.86 	 -.4211315E-02
17.87 	 -.2602781E-02
17.88 	 -.5342270E-03
17.89 	 .1615927E-02
17.9 	 .3520260E-02
17.91 	 .4332174E-02
17.92 	 .3752808E-02
17.93 	 .4656521E-02
17.94 	 .4356635E-02
17.95 	 .4840109E-02
17.96 	 .4807462E-02
17.97 	 .5075716E-02
17.98 	 .8283610E-02
17.99 	 .9632043E-02
18.0 	 .1008594E-01
18.01 	 .9826850E-02
18.02 	 .9955363E-02
18.03 	 .9496356E-02
18.04 	 .9446369E-02
18.05 	 .7786823E-02
18.06 	 .5198056E-02
18.07 	 .4712529E-02
18.08 	 .5688662E-02
18.09 	 .7574635E-02
18.1 	 .7370627E-02
18.11 	 .6374080E-02
18.12 	 .5029713E-02
18.13 	 .4970546E-02
18.14 	 .4767559E-02
18.15 	 .6927912E-02
18.16 	 .7780625E-02
18.17 	 .7634757E-02
18.18 	 .1081103E-01
18.19 	 .1182185E-01
18.2 	 .1174738E-01
18.21 	 .1066923E-01
18.22 	 .8732240E-02
18.23 	 .6495372E-02
18.24 	 .3727086E-02
18.25 	 .2365378E-02
18.26 	 .2483690E-02
18.27 	 .1630962E-02
18.28 	 .8924745E-03
18.29 	 -.1270954E-02
18.3 	 -.4534961E-02
18.31 	 -.5213269E-02
18.32 	 -.5354037E-02
18.33 	 -.6048665E-02
18.34 	 -.7000332E-02
18.35 	 -.5756960E-02
18.36 	 -.5332649E-02
18.37 	 -.5855917E-02
18.38 	 -.4743105E-02
18.39 	 -.5725373E-02
18.4 	 -.6211922E-02
18.41 	 -.7663389E-02
18.42 	 -.8368218E-02
18.43 	 -.8322327E-02
18.44 	 -.9509614E-02
18.45 	 -.8664043E-02
18.46 	 -.8663031E-02
18.47 	 -.8741580E-02
18.48 	 -.7121829E-02
18.49 	 -.4768697E-02
18.5 	 -.4950266E-02
18.51 	 -.5771374E-02
18.52 	 -.5984563E-02
18.53 	 -.4921731E-02
18.54 	 -.1558800E-02
18.55 	 .1472630E-02
18.56 	 .3025062E-02
18.57 	 .2333493E-02
18.58 	 .1300224E-02
18.59 	 .1066635E-02
18.6 	 -.3593334E-03
18.61 	 -.3185424E-03
18.62 	 -.2471515E-03
18.63 	 -.7428804E-03
18.64 	 -.5786695E-03
18.65 	 -.1443639E-02
18.66 	 -.3310248E-02
18.67 	 -.5344136E-02
18.68 	 -.4317006E-02
18.69 	 -.3746835E-02
18.7 	 -.3179724E-02
18.71 	 -.3801934E-02
18.72 	 -.2650363E-02
18.73 	 -.3101266E-04
18.74 	 -.4675820E-03
18.75 	 .5034485E-03
18.76 	 .1778439E-02
18.77 	 .3753149E-02
18.78 	 .5314760E-02
18.79 	 .6321490E-02
18.8 	 .4272301E-02
18.81 	 .1832452E-02
18.82 	 -.1173498E-02
18.83 	 -.4223307E-02
18.84 	 -.5989958E-02
18.85 	 -.7860648E-02
18.86 	 -.7625037E-02
18.87 	 -.6403087E-02
18.88 	 -.2911637E-02
18.89 	 .4706733E-03
18.9 	 .2658564E-02
18.91 	 .3557173E-02
18.92 	 .1860903E-02
18.93 	 .6450536E-03
18.94 	 -.3667963E-03
18.95 	 -.4453463E-03
18.96 	 -.8937637E-04
18.97 	 -.6595664E-03
18.98 	 -.1276677E-02
18.99 	 -.2323207E-02
19.0 	 -.3932776E-02
19.01 	 -.4926266E-02
19.02 	 -.5128237E-02
19.03 	 -.4269407E-02
19.04 	 -.2925057E-02
19.05 	 -.1141088E-02
19.06 	 -.3235830E-04
19.07 	 -.4424086E-03
19.08 	 .1083501E-02
19.09 	 .2042291E-02
19.1 	 .3317280E-02
19.11 	 .4779949E-02
19.12 	 .4188339E-02
19.13 	 .4951289E-02
19.14 	 .4283178E-02
19.15 	 .3997568E-02
19.16 	 .3162177E-02
19.17 	 .1138486E-02
19.18 	 .2889816E-02
19.19 	 .5237846E-02
19.2 	 .6077295E-02
19.21 	 .7370644E-02
19.22 	 .7194173E-02
19.23 	 .7137043E-02
19.24 	 .7317572E-02
19.25 	 .7113561E-02
19.26 	 .7063570E-02
19.27 	 .4429920E-02
19.28 	 .2050249E-02
19.29 	 .1295780E-03
19.3 	 -.3245613E-02
19.31 	 -.5761964E-02
19.32 	 -.5298894E-02
19.33 	 -.5012285E-02
19.34 	 -.4162637E-02
19.35 	 -.3301767E-02
19.36 	 -.2657138E-02
19.37 	 -.1847270E-02
19.38 	 -.6824405E-03
19.39 	 -.7334515E-03
19.4 	 -.1973782E-02
19.41 	 -.8426137E-03
19.42 	 -.8936247E-03
19.43 	 -.4366758E-03
19.44 	 -.4468870E-03
19.45 	 -.1805538E-02
19.46 	 -.3445709E-02
19.47 	 -.4636060E-02
19.48 	 -.3043852E-02
19.49 	 -.4020629E-03
19.5 	 -.6037411E-04
19.51 	 .8351746E-03
19.52 	 .8453634E-03
19.53 	 .4434721E-03
19.54 	 .2547608E-03
19.55 	 .4250895E-03
19.56 	 .1709258E-02
19.57 	 .1028907E-02
19.58 	 .1126815E-02
19.59 	 .7024841E-03
19.6 	 -.2043072E-03
19.61 	 -.2115798E-02
19.62 	 -.2927729E-02
19.63 	 -.2957321E-02
19.64 	 -.3979372E-02
19.65 	 -.4886165E-02
19.66 	 -.4969816E-02
19.67 	 -.5193207E-02
19.68 	 -.3141999E-02
19.69 	 -.1513070E-02
19.7 	 -.1076522E-02
19.71 	 -.1227493E-02
19.72 	 -.2564724E-02
19.73 	 -.6675362E-03
19.74 	 .1739652E-02
19.75 	 .3916320E-02
19.76 	 .4843489E-02
19.77 	 .5085218E-02
19.78 	 .7525045E-02
19.79 	 .9271274E-02
19.8 	 .8260443E-02
19.81 	 .7284291E-02
19.82 	 .4904619E-02
19.83 	 .3347068E-02
19.84 	 .1053076E-02
19.85 	 .2452246E-03
19.86 	 -.8451670E-03
19.87 	 -.4036759E-02
19.88 	 -.3599190E-02
19.89 	 -.2695482E-02
19.9 	 -.5993937E-03
19.91 	 .7073455E-04
19.92 	 .9522859E-05
19.93 	 -.7350888E-03
19.94 	 -.4270605E-03
19.95 	 .1674128E-02
19.96 	 .2091296E-02
19.97 	 .2868524E-02
19.98 	 .4115972E-02
19.99 	 .5248160E-02
20.0 	 .4677969E-02
20.01 	 .4921737E-02
20.02 	 .4355626E-02
20.03 	 .3113254E-02
20.04 	 .4594282E-02
20.05 	 .4863550E-02
20.06 	 .4872718E-02
20.07 	 .4303547E-02
20.08 	 .3074435E-02
20.09 	 .2284944E-02
20.1 	 .1051752E-02
20.11 	 -.5659801E-03
20.12 	 -.1277952E-02
20.13 	 -.3095604E-02
20.14 	 -.5050956E-02
20.15 	 -.5531387E-02
20.16 	 -.7059359E-02
20.17 	 -.9095290E-02
20.18 	 -.8439442E-02
20.19 	 -.7593874E-02
20.2 	 -.7547985E-02
20.21 	 -.7473537E-02
20.22 	 -.7884610E-02
20.23 	 -.6677961E-02
20.24 	 -.5775273E-02
20.25 	 -.4620645E-02
20.26 	 -.4153497E-02
20.27 	 -.4659428E-02
20.28 	 -.3595580E-02
20.29 	 -.2377712E-02
20.3 	 -.7396036E-03
20.31 	 .1195324E-02
20.32 	 .4244092E-02
20.33 	 .5230421E-02
20.34 	 .5292629E-02
20.35 	 .6367697E-02
20.36 	 .6098406E-02
20.37 	 .6670614E-02
20.38 	 .6661422E-02
20.39 	 .5557771E-02
20.4 	 .4814179E-02
20.41 	 .5651587E-02
20.42 	 .5323136E-02
20.43 	 .5617904E-02
20.44 	 .5895333E-02
20.45 	 .6086061E-02
20.46 	 .6520569E-02
20.47 	 .4203118E-02
20.48 	 .3242266E-02
20.49 	 .3151474E-02
20.5 	 .2048843E-02
20.51 	 .1233851E-02
20.52 	 .1283820E-02
20.53 	 .1693848E-02
20.54 	 .7156561E-03
20.55 	 .6717845E-03
20.56 	 .1556529E-03
20.57 	 .3994214E-03
20.58 	 .1507130E-02
20.59 	 .1547919E-02
20.6 	 .1494868E-03
20.61 	 .1851753E-03
20.62 	 -.1320562E-03
20.63 	 -.1893607E-02
20.64 	 -.2642299E-02
20.65 	 -.2285310E-02
20.66 	 -.3137022E-02
20.67 	 -.5402453E-02
20.68 	 -.4819025E-02
20.69 	 -.6567316E-02
20.7 	 -.8561427E-02
20.71 	 -.9312159E-02
20.72 	 -.8215670E-02
20.73 	 -.8163662E-02
20.74 	 -.7148773E-02
20.75 	 -.4779324E-02
20.76 	 -.2818896E-02
20.77 	 -.1879487E-02
20.78 	 -.1057378E-02
20.79 	 .3665301E-03
20.8 	 -.1402161E-02
20.81 	 -.2121272E-02
20.82 	 -.1571503E-02
20.83 	 -.1496034E-02
20.84 	 -.1808165E-02
20.85 	 -.2306957E-02
20.86 	 -.3380008E-02
20.87 	 -.4594839E-02
20.88 	 -.3270890E-02
20.89 	 -.5770816E-03
20.9 	 .1534307E-02
20.91 	 .3349896E-02
20.92 	 .2445145E-02
20.93 	 .3261134E-02
20.94 	 .3898623E-02
20.95 	 .3964912E-02
20.96 	 .2646041E-02
20.97 	 .1850430E-02
20.98 	 .2780659E-02
20.99 	 .1745348E-02
21.0 	 .1024197E-02
21.01 	 -.1284132E-03
21.02 	 -.2190864E-02
21.03 	 -.3883055E-02
21.04 	 -.4890826E-02
21.05 	 -.4569537E-02
21.06 	 -.3896347E-02
21.07 	 -.4243158E-02
21.08 	 -.2739689E-02
21.09 	 -.1347399E-02
21.1 	 -.2968098E-03
21.11 	 .1858440E-02
21.12 	 .3662809E-02
21.13 	 .4934739E-02
21.14 	 .4307428E-02
21.15 	 .4267638E-02
21.16 	 .4641967E-02
21.17 	 .3720896E-02
21.18 	 .4153365E-02
21.19 	 .3714755E-02
21.2 	 .3636205E-02
21.21 	 .3172094E-02
21.22 	 .3195544E-02
21.23 	 .2579454E-02
21.24 	 .1702244E-02
21.25 	 .4167357E-04
21.26 	 -.1647457E-02
21.27 	 -.2253347E-02
21.28 	 -.2700117E-02
21.29 	 -.1187467E-02
21.3 	 -.1992258E-02
21.31 	 -.3342748E-02
21.32 	 -.5093078E-02
21.33 	 -.5743847E-02
21.34 	 -.6541497E-02
21.35 	 -.5112487E-02
21.36 	 -.2640017E-02
21.37 	 -.1605747E-02
21.38 	 .7810428E-03
21.39 	 .6820931E-03
21.4 	 .1051323E-02
21.41 	 .1285914E-02
21.42 	 .1065584E-02
21.43 	 .6534940E-03
21.44 	 .7320243E-03
21.45 	 .2534355E-02
21.46 	 .2978045E-02
21.47 	 .3826676E-02
21.48 	 .5017005E-02
21.49 	 .5978856E-02
21.5 	 .4469247E-02
21.51 	 .2816838E-02
21.52 	 .1587728E-02
21.53 	 .1180738E-02
21.54 	 -.2992905E-03
21.55 	 -.2296460E-02
21.56 	 -.3577589E-02
21.57 	 -.3964178E-02
21.58 	 -.2243448E-02
21.59 	 -.1106157E-02
21.6 	 -.1170426E-02
21.61 	 -.1720215E-02
21.62 	 -.1516224E-02
21.63 	 .7496700E-04
21.64 	 .1664117E-02
21.65 	 .3824469E-02
21.66 	 .4861800E-02
21.67 	 .3284871E-02
21.68 	 .3853002E-02
21.69 	 .3256294E-02
21.7 	 .1564105E-02
21.71 	 -.1751924E-02
21.72 	 -.1958992E-02
21.73 	 -.1654021E-02
21.74 	 -.1870270E-02
21.75 	 -.1052238E-02
21.76 	 -.1556127E-02
21.77 	 -.1779515E-02
21.78 	 -.1060423E-02
21.79 	 .3428081E-05
21.8 	 .3707974E-04
21.81 	 -.8972485E-03
21.82 	 -.2543537E-02
21.83 	 -.3258565E-02
21.84 	 -.2483373E-02
21.85 	 -.1708181E-02
21.86 	 -.1719409E-02
21.87 	 -.1415457E-02
21.88 	 -.1199225E-02
21.89 	 -.7973534E-03
21.9 	 -.1088613E-03
21.91 	 .3756308E-03
21.92 	 -.6637570E-03
21.93 	 -.9799647E-03
21.94 	 -.1175812E-02
21.95 	 -.2945403E-03
21.96 	 .8723321E-03
21.97 	 .5438845E-03
21.98 	 .1993297E-02
21.99 	 .3087749E-02
22.0 	 .3250942E-02
22.01 	 .2572635E-02
22.02 	 .2366587E-02
22.03 	 .3415139E-02
22.04 	 .4264793E-02
22.05 	 .6343545E-02
22.06 	 .6196658E-02
22.07 	 .5027731E-02
22.08 	 .4840044E-02
22.09 	 .4594216E-02
22.1 	 .4653370E-02
22.11 	 .3094803E-02
22.12 	 .2023796E-02
22.13 	 .5172492E-03
22.14 	 -.9444175E-03
22.15 	 -.7863243E-03
22.16 	 -.8118310E-03
22.17 	 -.2842657E-02
22.18 	 -.3118064E-02
22.19 	 -.3120111E-02
22.2 	 -.3767817E-02
22.21 	 -.4130944E-02
22.22 	 -.3749470E-02
22.23 	 -.4410436E-02
22.24 	 -.5341702E-02
22.25 	 -.4892909E-02
22.26 	 -.4538975E-02
22.27 	 -.3992261E-02
22.28 	 -.3052848E-02
22.29 	 -.1691154E-02
22.3 	 -.7201195E-03
22.31 	 -.6191455E-03
22.32 	 -.4630913E-03
22.33 	 -.6609771E-03
22.34 	 -.2239943E-02
22.35 	 -.2708129E-02
22.36 	 -.3000875E-02
22.37 	 -.2777500E-02
22.38 	 -.1367866E-02
22.39 	 -.3193110E-03
22.4 	 -.2825965E-03
22.41 	 -.2316019E-03
22.42 	 -.2887272E-03
22.43 	 -.1846925E-03
22.44 	 -.3825777E-03
22.45 	 .4884971E-03
22.46 	 .1916719E-03
22.47 	 -.1734931E-03
22.48 	 .7689819E-03
22.49 	 -.2836630E-03
22.5 	 -.1476047E-02
22.51 	 -.1250633E-02
22.52 	 -.1503598E-02
22.53 	 -.1726982E-02
22.54 	 -.7050696E-04
22.55 	 .1022928E-02
22.56 	 .1053524E-02
22.57 	 .1323819E-02
22.58 	 .1484975E-02
22.59 	 .1896031E-02
22.6 	 .2040866E-02
22.61 	 .2690602E-02
22.62 	 .2449878E-02
22.63 	 .1074913E-02
22.64 	 .1136110E-02
22.65 	 .2997055E-03
22.66 	 .6556814E-03
22.67 	 -.1348224E-03
22.68 	 -.1256463E-03
22.69 	 .2231900E-03
22.7 	 -.1807339E-03
22.71 	 .4781825E-03
22.72 	 .8290589E-03
22.73 	 .1835795E-02
22.74 	 .1573652E-02
22.75 	 .2976284E-03
22.76 	 -.6234349E-03
22.77 	 -.1814798E-02
22.78 	 -.1566942E-02
22.79 	 .2578352E-03
22.8 	 .5648521E-03
22.81 	 .5322090E-03
22.82 	 -.8672339E-03
22.83 	 -.7693168E-03
22.84 	 .6810025E-04
22.85 	 .1909197E-02
22.86 	 .3742134E-02
22.87 	 .5202772E-02
22.88 	 .6395149E-02
22.89 	 .7314166E-02
22.9 	 .7770104E-02
22.91 	 .7018362E-02
22.92 	 .5138499E-02
22.93 	 .3396337E-02
22.94 	 .1467515E-02
22.95 	 .1086033E-02
22.96 	 -.1074330E-02
22.97 	 -.1533332E-02
22.98 	 .6035664E-03
22.99 	 .2792045E-03
23.0 	 .1262026E-03
23.01 	 .4597408E-03
23.02 	 .8452991E-03
23.03 	 .1022778E-02
23.04 	 .2510955E-02
23.05 	 .3011774E-02
23.06 	 .3240253E-02
23.07 	 .4372451E-02
23.08 	 .5507710E-02
23.09 	 .5219048E-02
23.1 	 .5109907E-02
23.11 	 .4811046E-02
23.12 	 .3763506E-02
23.13 	 .1766344E-02
23.14 	 .1976463E-02
23.15 	 .2048883E-02
23.16 	 .2781616E-03
23.17 	 -.1083539E-02
23.18 	 -.3521999E-03
23.19 	 -.1460941E-02
23.2 	 -.3106201E-02
23.21 	 -.4457702E-02
23.22 	 -.4901402E-02
23.23 	 -.3941582E-02
23.24 	 -.3951782E-02
23.25 	 -.4409763E-02
23.26 	 -.6062163E-02
23.27 	 -.5844903E-02
23.28 	 -.4608663E-02
23.29 	 -.4533183E-02
23.3 	 -.4244523E-02
23.31 	 -.2849163E-02
23.32 	 -.2531943E-02
23.33 	 -.1543563E-02
23.34 	 -.3501619E-03
23.35 	 .1374659E-02
23.36 	 .9635990E-03
23.37 	 -.5919004E-03
23.38 	 .3760802E-03
23.39 	 -.4715391E-03
23.4 	 -.9346182E-03
23.41 	 -.1468077E-02
23.42 	 -.3075596E-02
23.43 	 -.2345275E-02
23.44 	 -.3545814E-02
23.45 	 -.3549893E-02
23.46 	 -.5304291E-02
23.47 	 -.7631930E-02
23.48 	 -.6017270E-02
23.49 	 -.5516448E-02
23.5 	 -.4372006E-02
23.51 	 -.3709005E-02
23.52 	 -.3138823E-02
23.53 	 -.3467262E-02
23.54 	 -.3451960E-02
23.55 	 -.4427078E-02
23.56 	 -.4836096E-02
23.57 	 -.6300814E-02
23.58 	 -.6545612E-02
23.59 	 -.5501130E-02
23.6 	 -.6801628E-02
23.61 	 -.5880565E-02
23.62 	 -.5343023E-02
23.63 	 -.4653501E-02
23.64 	 -.3293839E-02
23.65 	 -.1715897E-02
23.66 	 -.9804735E-03
23.67 	 -.8550108E-03
23.68 	 .5576918E-03
23.69 	 .1774555E-02
23.7 	 .2470197E-02
23.71 	 .1547101E-02
23.72 	 .1173784E-02
23.73 	 .1256406E-02
23.74 	 .1289049E-02
23.75 	 .1548132E-02
23.76 	 .1676657E-02
23.77 	 .5577195E-03
23.78 	 -.1501570E-03
23.79 	 .2150065E-03
23.8 	 -.6540300E-03
23.81 	 .3414936E-03
23.82 	 .3496573E-03
23.83 	 .1306113E-04
23.84 	 .1653225E-02
23.85 	 .2152009E-02
23.86 	 .2258093E-02
23.87 	 .2238717E-02
23.88 	 .3361741E-02
23.89 	 .4342985E-02
23.9 	 .4315450E-02
23.91 	 .4606154E-02
23.92 	 .5177358E-02
23.93 	 .5774063E-02
23.94 	 .5925028E-02
23.95 	 .6392192E-02
23.96 	 .5098837E-02
23.97 	 .3509681E-02
23.98 	 .4656166E-02
23.99 	 .4772451E-02
24.0 	 .4565396E-02
24.01 	 .6160681E-02
24.02 	 .6741066E-02
24.03 	 .8196611E-02
24.04 	 .9000376E-02
24.05 	 .8513842E-02
24.06 	 .7153167E-02
24.07 	 .6208652E-02
24.08 	 .6261698E-02
24.09 	 .5332484E-02
24.1 	 .3885110E-02
24.11 	 .2035855E-02
24.12 	 .1597261E-02
24.13 	 .1327987E-02
24.14 	 .1233133E-02
24.15 	 .1866559E-02
24.16 	 .1277005E-02
24.17 	 -.5202288E-03
24.18 	 .8914574E-03
24.19 	 .9241036E-03
24.2 	 -.2142100E-03
24.21 	 .1427964E-03
24.22 	 -.7272571E-03
24.23 	 -.6191305E-03
24.24 	 -.1208684E-02
24.25 	 -.9842771E-03
24.26 	 -.8312704E-03
24.27 	 -.2198063E-02
24.28 	 -.2463256E-02
24.29 	 -.1962430E-02
24.3 	 -.3240482E-02
24.31 	 -.3257816E-02
24.32 	 -.3204768E-02
24.33 	 -.2560121E-02
24.34 	 -.1153534E-02
24.35 	 -.9903263E-03
24.36 	 -.9311589E-03
24.37 	 -.2701872E-02
24.38 	 -.2269383E-02
24.39 	 -.2010296E-02
24.4 	 -.2917068E-02
24.41 	 -.2946641E-02
24.42 	 -.3617793E-02
24.43 	 -.3124105E-02
24.44 	 -.3076157E-02
24.45 	 -.3419889E-02
24.46 	 -.2643661E-02
24.47 	 -.3220973E-02
24.48 	 -.2209124E-02
24.49 	 -.1022856E-02
24.5 	 -.1093227E-02
24.51 	 -.1766420E-02
24.52 	 -.2244791E-02
24.53 	 -.3962462E-02
24.54 	 -.4052213E-02
24.55 	 -.4648905E-02
24.56 	 -.5837196E-02
24.57 	 -.6227847E-02
24.58 	 -.6301278E-02
24.59 	 -.5511789E-02
24.6 	 -.5922840E-02
24.61 	 -.3832851E-02
24.62 	 -.4131702E-02
24.63 	 -.3199413E-02
24.64 	 -.1975404E-02
24.65 	 -.8768541E-03
24.66 	 .1227553E-03
24.67 	 -.5718552E-03
24.68 	 .2982142E-03
24.69 	 .7215238E-03
24.7 	 .9183935E-03
24.71 	 -.2790767E-03
24.72 	 -.3222694E-04
24.73 	 .2388291E-04
24.74 	 -.6156472E-03
24.75 	 -.1077721E-04
24.76 	 .3411328E-03
24.77 	 .4421229E-03
24.78 	 .5737131E-03
24.79 	 .1303023E-02
24.8 	 .5390535E-03
24.81 	 .6624839E-03
24.82 	 .4646143E-03
24.83 	 .9175047E-03
24.84 	 .1561135E-02
24.85 	 .2752506E-02
24.86 	 .2087476E-02
24.87 	 .1099108E-02
24.88 	 .2613818E-02
24.89 	 .1325568E-02
24.9 	 .1910040E-02
24.91 	 .2115071E-02
24.92 	 .2451682E-02
24.93 	 .3128972E-02
24.94 	 .3546163E-02
24.95 	 .3557395E-02
24.96 	 .1566366E-02
24.97 	 .4749774E-03
24.98 	 .1147168E-02
24.99 	 .1487860E-02
25.0 	 .2129451E-02
25.01 	 .3508503E-02
25.02 	 .3874695E-02
25.03 	 .3898166E-02
25.04 	 .3518738E-02
25.05 	 .3418790E-02
25.06 	 .3239281E-02
25.07 	 .2273353E-02
25.08 	 .2379445E-02
25.09 	 .2702797E-02
25.1 	 .2268288E-02
25.11 	 .1720561E-02
25.12 	 .1119793E-02
25.13 	 .4863853E-03
25.14 	 -.9704252E-04
25.15 	 .2426298E-03
25.16 	 .6098420E-03
25.17 	 -.5050056E-03
25.18 	 -.3069323E-04
25.19 	 .1357539E-02
25.2 	 .1445271E-02
25.21 	 .1901224E-02
25.22 	 .1302496E-02
25.23 	 .1886969E-02
25.24 	 .2651982E-02
25.25 	 .3141595E-02
25.26 	 .2488808E-02
25.27 	 .1617740E-02
25.28 	 .1266874E-02
25.29 	 .1686106E-02
25.3 	 .2897393E-03
25.31 	 -.1499327E-02
25.32 	 -.1691075E-02
25.33 	 -.2642722E-02
25.34 	 -.2533568E-02
25.35 	 -.2128615E-02
25.36 	 -.1486002E-02
25.37 	 -.2012308E-02
25.38 	 -.1431915E-02
25.39 	 -.1479842E-02
25.4 	 -.1890888E-02
25.41 	 -.1759295E-02
25.42 	 -.1052421E-02
25.43 	 -.6872477E-03
25.44 	 -.1531794E-02
25.45 	 -.1193140E-02
25.46 	 -.1585826E-02
25.47 	 -.6984132E-03
25.48 	 .3726006E-03
25.49 	 .7938743E-03
25.5 	 -.2313181E-04
25.51 	 -.3719579E-03
25.52 	 -.7952440E-03
25.53 	 -.1976390E-02
25.54 	 -.2486376E-02
25.55 	 -.3294202E-02
25.56 	 -.3793988E-02
25.57 	 -.3926574E-02
25.58 	 -.2491420E-02
25.59 	 -.2122166E-02
25.6 	 -.2498531E-02
25.61 	 -.2608677E-02
25.62 	 -.2308782E-02
25.63 	 -.2420968E-02
25.64 	 -.2822834E-02
25.65 	 -.8236199E-03
25.66 	 -.8644055E-03
25.67 	 -.1948651E-02
25.68 	 -.9327166E-03
25.69 	 -.9847222E-03
25.7 	 -.1077527E-02
25.71 	 -.1280493E-02
25.72 	 .3454014E-03
25.73 	 .6911960E-03
25.74 	 .1464371E-02
25.75 	 .2127385E-02
25.76 	 .2674120E-02
25.77 	 .1824475E-02
25.78 	 .1736770E-02
25.79 	 .1885704E-02
25.8 	 .8881590E-03
25.81 	 .1517338E-03
25.82 	 -.5010513E-03
25.83 	 .5046835E-03
25.84 	 .5465184E-03
25.85 	 .1459434E-02
25.86 	 .1080008E-02
25.87 	 -.4305968E-03
25.88 	 .2446581E-03
25.89 	 .9677312E-04
25.9 	 .7618281E-03
25.91 	 .7822431E-03
25.92 	 .8638581E-03
25.93 	 .1664573E-02
25.94 	 -.4121316E-03
25.95 	 -.2774765E-03
25.96 	 -.1388242E-02
25.97 	 -.2026747E-02
25.98 	 -.1115872E-02
25.99 	 -.9536761E-03
26.0 	 -.7853609E-03
26.01 	 -.3273657E-03
26.02 	 -.7404504E-03
26.03 	 -.3507953E-03
26.04 	 .2081800E-03
26.05 	 .7304352E-03
26.06 	 .8712103E-03
26.07 	 -.1154494E-02
26.08 	 -.4139591E-03
26.09 	 -.5740839E-03
26.1 	 -.9688085E-03
26.11 	 -.1184013E-02
26.12 	 -.1633818E-02
26.13 	 -.1990803E-02
26.14 	 -.1446107E-02
26.15 	 -.5505321E-03
26.16 	 .8856432E-03
26.17 	 -.2893815E-03
26.18 	 -.2842662E-03
26.19 	 -.6932709E-03
26.2 	 -.1604115E-02
26.21 	 -.2313000E-02
26.22 	 -.2530245E-02
26.23 	 -.2450670E-02
26.24 	 -.4052054E-02
26.25 	 -.2619959E-02
26.26 	 -.2576083E-02
26.27 	 -.3090148E-02
26.28 	 -.1411214E-02
26.29 	 .5778022E-03
26.3 	 .1399937E-02
26.31 	 .2891192E-02
26.32 	 .3197208E-02
26.33 	 .3425703E-02
26.34 	 .3859218E-02
26.35 	 .3700113E-02
26.36 	 .3808249E-02
26.37 	 .3435964E-02
26.38 	 .4608979E-02
26.39 	 .5319935E-02
26.4 	 .5473969E-02
26.41 	 .5912585E-02
26.42 	 .5158820E-02
26.43 	 .4543775E-02
26.44 	 .3124971E-02
26.45 	 .2441586E-02
26.46 	 .2272280E-02
26.47 	 .2579315E-02
26.48 	 .3658491E-02
26.49 	 .3478986E-02
26.5 	 .3570801E-02
26.51 	 .2696676E-02
26.52 	 .2324391E-02
26.53 	 .2831346E-02
26.54 	 .1630820E-02
26.55 	 .7067156E-03
26.56 	 -.2296295E-03
26.57 	 -.1004814E-02
26.58 	 -.1431160E-02
26.59 	 -.1588225E-02
26.6 	 -.2343010E-02
26.61 	 -.2933576E-02
26.62 	 -.2122660E-02
26.63 	 -.2673446E-02
26.64 	 -.2280732E-02
26.65 	 -.1717677E-02
26.66 	 -.2093023E-02
26.67 	 -.3391468E-02
26.68 	 -.2995693E-02
26.69 	 -.2627459E-02
26.7 	 -.2214344E-02
26.71 	 -.2289810E-02
26.72 	 -.2505016E-02
26.73 	 -.1116781E-02
26.74 	 -.1994987E-02
26.75 	 -.1925612E-02
26.76 	 -.1327879E-02
26.77 	 -.1369685E-02
26.78 	 -.1578770E-02
26.79 	 -.9891964E-03
26.8 	 -.1205422E-02
26.81 	 -.1101368E-02
26.82 	 -.6658145E-03
26.83 	 -.1578407E-03
26.84 	 .2256931E-03
26.85 	 .4327669E-03
26.86 	 -.9965944E-04
26.87 	 -.1271625E-02
26.88 	 -.7718121E-03
26.89 	 .3614213E-03
26.9 	 .9623486E-04
26.91 	 .3798083E-03
26.92 	 -.8839583E-03
26.93 	 -.5422450E-03
26.94 	 -.4749118E-03
26.95 	 -.3412786E-03
26.96 	 -.2372255E-03
26.97 	 -.1493853E-02
26.98 	 .5563606E-03
26.99 	 .5431136E-03
27.0 	 .2487419E-03
27.01 	 -.5020810E-04
27.02 	 .5194343E-03
27.03 	 -.6049817E-03
27.04 	 -.3608521E-03
27.05 	 .4231614E-03
27.06 	 -.8606147E-04
27.07 	 -.4372755E-03
27.08 	 -.1460559E-02
27.09 	 -.2182953E-02
27.1 	 -.2779278E-02
27.11 	 -.9898562E-03
27.12 	 .4356373E-03
27.13 	 .4130180E-03
27.14 	 -.4823695E-04
27.15 	 .1305771E-02
27.16 	 .1687475E-02
27.17 	 .1692215E-02
27.18 	 .3684522E-02
27.19 	 .4122496E-02
27.2 	 .4411755E-02
27.21 	 .3695566E-02
27.22 	 .4190318E-02
27.23 	 .4079844E-02
27.24 	 .3336634E-02
27.25 	 .3633933E-02
27.26 	 .2852443E-02
27.27 	 .2192962E-02
27.28 	 .2586293E-02
27.29 	 .3197017E-02
27.3 	 .2376110E-02
27.31 	 .2026481E-02
27.32 	 .8962056E-03
27.33 	 -.8592655E-03
27.34 	 -.1584289E-02
27.35 	 -.2212061E-02
27.36 	 -.2050431E-02
27.37 	 -.3892419E-02
27.38 	 -.3139467E-02
27.39 	 -.2615642E-02
27.4 	 -.3425999E-02
27.41 	 -.3833267E-02
27.42 	 -.4029328E-02
27.43 	 -.3422420E-02
27.44 	 -.3713706E-02
27.45 	 -.2316528E-02
27.46 	 -.2242272E-02
27.47 	 -.2299837E-02
27.48 	 -.7914287E-03
27.49 	 .3899705E-03
27.5 	 -.8753835E-03
27.51 	 -.1014360E-02
27.52 	 -.1122313E-02
27.53 	 -.1155126E-02
27.54 	 -.1127797E-02
27.55 	 -.2138589E-02
27.56 	 -.1618303E-02
27.57 	 -.1858209E-02
27.58 	 -.8849414E-03
27.59 	 -.6192890E-03
27.6 	 -.4019841E-03
27.61 	 .1923983E-03
27.62 	 .6955858E-03
27.63 	 .6387581E-03
27.64 	 .8004906E-03
27.65 	 .1497851E-02
27.66 	 .6277422E-03
27.67 	 -.4782925E-03
27.68 	 .6737641E-04
27.69 	 -.3490467E-04
27.7 	 -.1426614E-02
27.71 	 -.2650853E-02
27.72 	 -.2694036E-02
27.73 	 -.2134147E-02
27.74 	 -.2866894E-02
27.75 	 -.2793937E-02
27.76 	 -.2828218E-02
27.77 	 -.2806397E-02
27.78 	 -.2197291E-02
27.79 	 -.1522304E-02
27.8 	 -.1839097E-02
27.81 	 -.9755341E-03
27.82 	 -.3119404E-03
27.83 	 -.1584616E-03
27.84 	 .2602500E-03
27.85 	 .3400217E-03
27.86 	 .1333638E-02
27.87 	 .1300676E-02
27.88 	 .1444252E-02
27.89 	 .1906346E-02
27.9 	 .2547897E-02
27.91 	 .2590611E-02
27.92 	 .2226560E-02
27.93 	 .2046615E-02
27.94 	 .1599637E-02
27.95 	 .1804523E-02
27.96 	 .1285166E-02
27.97 	 .7259037E-03
27.98 	 .1477107E-02
27.99 	 .1936908E-02
28.0 	 .1763697E-02
28.01 	 .1900394E-02
28.02 	 .2274462E-02
28.03 	 .2190508E-02
28.04 	 .1876703E-02
28.05 	 .2125989E-02
28.06 	 .1596426E-02
28.07 	 .1186315E-02
28.08 	 .1634036E-02
28.09 	 .1684409E-02
28.1 	 .1288969E-02
28.11 	 .1023469E-02
28.12 	 .1120089E-02
28.13 	 .6556803E-03
28.14 	 .8118786E-03
28.15 	 .1222520E-02
28.16 	 .1258982E-02
28.17 	 .6758986E-03
28.18 	 .5441625E-03
28.19 	 .4611282E-03
28.2 	 -.5065065E-04
28.21 	 -.4600098E-03
28.22 	 -.9950840E-03
28.23 	 -.5677256E-03
28.24 	 -.5382142E-03
28.25 	 -.2697483E-03
28.26 	 -.1597968E-03
28.27 	 -.3333604E-03
28.28 	 .2589426E-03
28.29 	 .4009972E-03
28.3 	 .4035595E-03
28.31 	 .4231485E-03
28.32 	 .3835446E-03
28.33 	 .3958406E-03
28.34 	 .3345981E-03
28.35 	 .4868469E-03
28.36 	 .2624400E-03
28.37 	 .9991428E-04
28.38 	 .1834308E-03
28.39 	 .3722435E-03
28.4 	 .3683556E-03
28.41 	 .8262846E-06
28.42 	 .1328686E-03
28.43 	 .1855686E-03
28.44 	 .2603304E-03
28.45 	 .2983942E-03
28.46 	 -.2507900E-04
28.47 	 -.2832660E-03
28.48 	 .3408809E-03
28.49 	 .1810216E-03
28.5 	 -.7602749E-04
28.51 	 -.8577420E-04
28.52 	 -.1142883E-03
28.53 	 -.6287624E-03
28.54 	 -.1373040E-02
28.55 	 -.6040078E-03
28.56 	 -.3726137E-03
28.57 	 -.6053961E-03
28.58 	 -.6008909E-03
28.59 	 -.6493715E-03
28.6 	 -.8058372E-03
28.61 	 -.9665722E-03
28.62 	 -.1035769E-02
28.63 	 -.1000801E-02
28.64 	 -.9384814E-03
28.65 	 -.9545777E-03
28.66 	 -.1033854E-02
28.67 	 -.1321257E-02
28.68 	 -.1114340E-02
28.69 	 -.1046698E-02
28.7 	 -.1073767E-02
28.71 	 -.9739728E-03
28.72 	 -.8906604E-03
28.73 	 -.4710951E-03
28.74 	 -.3702556E-03
28.75 	 -.3416332E-03
28.76 	 -.2685429E-03
28.77 	 -.2328317E-03
28.78 	 -.2189582E-03
28.79 	 -.1726676E-04
28.8 	 -.8233784E-04
28.81 	 -.2224331E-04
28.82 	 .4303243E-04
28.83 	 .8608538E-04
28.84 	 .1646440E-03
28.85 	 .2041165E-03
28.86 	 .2206619E-03
28.87 	 .2146426E-03
28.88 	 .2335144E-03
28.89 	 .3141682E-03
28.9 	 .4352171E-03
28.91 	 .3372041E-03
28.92 	 .2376497E-03
28.93 	 .2372257E-03
28.94 	 .2274491E-03
28.95 	 .2455683E-03
28.96 	 .1755092E-03
28.97 	 .1362484E-03
28.98 	 .2454876E-03
28.99 	 .2390915E-03
29.0 	 .2601209E-03
29.01 	 .2719324E-03
29.02 	 .2646952E-03
29.03 	 .2727029E-03
29.04 	 .2849145E-03
29.05 	 .2550798E-03
29.06 	 .1927630E-03
29.07 	 .1394276E-03
29.08 	 .1571857E-03
29.09 	 .1620685E-03
29.1 	 .1203130E-03
29.11 	 .1074217E-03
29.12 	 .8267632E-04
29.13 	 .7743994E-04
29.14 	 .5099290E-04
29.15 	 .8448222E-04
29.16 	 .6687688E-04
29.17 	 .1709330E-04
29.18 	 -.1832519E-06
29.19 	 .2783982E-04
29.2 	 .1743588E-04
29.21 	 -.1652308E-04
29.22 	 -.1396084E-04
29.23 	 -.7544091E-05
29.24 	 -.1473633E-04
29.25 	 -.3042011E-04
29.26 	 -.2737594E-04
29.27 	 -.5536874E-04
29.28 	 -.5924763E-04
29.29 	 -.6089642E-04
29.3 	 -.7973021E-04
29.31 	 -.6892059E-04
29.32 	 -.7069762E-04
29.33 	 -.6944713E-04
29.34 	 -.6558566E-04
29.35 	 -.6653434E-04
29.36 	 -.6233523E-04
29.37 	 -.6882431E-04
29.38 	 -.6619843E-04
29.39 	 -.6316453E-04
29.4 	 -.5707854E-04
29.41 	 -.5860115E-04
29.42 	 -.5915977E-04
29.43 	 -.5042199E-04
29.44 	 -.5413572E-04
29.45 	 -.4951304E-04
29.46 	 -.4478147E-04
29.47 	 -.4557637E-04
29.48 	 -.3406496E-04
29.49 	 -.2602182E-04
29.5 	 -.2380565E-04
29.51 	 -.2042108E-04
29.52 	 -.1610768E-04
29.53 	 -.1246621E-04
29.54 	 -.1136948E-04
29.55 	 -.5665043E-05
29.56 	 -.2300398E-05
29.57 	 -.2903429E-06
29.58 	 .9321698E-06
29.59 	 .3146059E-05
29.6 	 .3587762E-05
29.61 	 .1829167E-05
29.62 	 .2927336E-05
29.63 	 .2238458E-05
29.64 	 .2116414E-05
29.65 	 .2978977E-05
29.66 	 .1882097E-05
29.67 	 .9904075E-06
29.68 	 .8068195E-06
29.69 	 .7162161E-06
29.7 	 .5424047E-06
29.71 	 -.8186624E-07
29.72 	 -.4388060E-06
29.73 	 -.1780117E-06
29.74 	 .1032156E-06
29.75 	 .3462804E-06
29.76 	 .4714768E-06
29.77 	 .6035870E-06
29.78 	 .9344246E-06
29.79 	 .1089563E-05
29.8 	 .1145744E-05
29.81 	 .1252369E-05
29.82 	 .1378203E-05
29.83 	 .1524069E-05
29.84 	 .1687900E-05
29.85 	 .1834063E-05
29.86 	 .1953539E-05
29.87 	 .2088324E-05
29.88 	 .2227007E-05
29.89 	 .2373357E-05
29.9 	 .2509402E-05
29.91 	 .2644054E-05
29.92 	 .2781780E-05
29.93 	 .2926368E-05
29.94 	 .3078081E-05
29.95 	 .3239614E-05
29.96 	 .3411963E-05
29.97 	 .3594582E-05
29.98 	 .3787318E-05
29.99 	 .3989055E-05
