0.0 	 .0000000E+00
0.01 	 -.8713554E-05
0.02 	 -.7785991E-05
0.03 	 -.1741066E-03
0.04 	 -.8521837E-03
0.05 	 -.2140399E-02
0.06 	 -.3971418E-02
0.07 	 -.6131589E-02
0.08 	 -.8086427E-02
0.09 	 -.9386355E-02
0.1 	 -.1008046E-01
0.11 	 -.1018330E-01
0.12 	 -.9387242E-02
0.13 	 -.7864566E-02
0.14 	 -.6221119E-02
0.15 	 -.4459280E-02
0.16 	 -.2227689E-02
0.17 	 .4717747E-03
0.18 	 .3619530E-02
0.19 	 .7425618E-02
0.2 	 .1212808E-01
0.21 	 .1780546E-01
0.22 	 .2430053E-01
0.23 	 .3138421E-01
0.24 	 .3852364E-01
0.25 	 .4475413E-01
0.26 	 .4963386E-01
0.27 	 .5356307E-01
0.28 	 .5699074E-01
0.29 	 .5995358E-01
0.3 	 .6268092E-01
0.31 	 .6585696E-01
0.32 	 .6975833E-01
0.33 	 .7388550E-01
0.34 	 .7755799E-01
0.35 	 .8065670E-01
0.36 	 .8315835E-01
0.37 	 .8512524E-01
0.38 	 .8724505E-01
0.39 	 .8964992E-01
0.4 	 .9159486E-01
0.41 	 .9303707E-01
0.42 	 .9492917E-01
0.43 	 .9783041E-01
0.44 	 .1013438E+00
0.45 	 .1047215E+00
0.46 	 .1074079E+00
0.47 	 .1092592E+00
0.48 	 .1108553E+00
0.49 	 .1131864E+00
0.5 	 .1166687E+00
0.51 	 .1208180E+00
0.52 	 .1246827E+00
0.53 	 .1279819E+00
0.54 	 .1311411E+00
0.55 	 .1338129E+00
0.56 	 .1353534E+00
0.57 	 .1358862E+00
0.58 	 .1355133E+00
0.59 	 .1342618E+00
0.6 	 .1328022E+00
0.61 	 .1320394E+00
0.62 	 .1321520E+00
0.63 	 .1328661E+00
0.64 	 .1343472E+00
0.65 	 .1368676E+00
0.66 	 .1402150E+00
0.67 	 .1439446E+00
0.68 	 .1475200E+00
0.69 	 .1501332E+00
0.7 	 .1513699E+00
0.71 	 .1515815E+00
0.72 	 .1513730E+00
0.73 	 .1514625E+00
0.74 	 .1523631E+00
0.75 	 .1540454E+00
0.76 	 .1564647E+00
0.77 	 .1597733E+00
0.78 	 .1635991E+00
0.79 	 .1671394E+00
0.8 	 .1703689E+00
0.81 	 .1737984E+00
0.82 	 .1772969E+00
0.83 	 .1805894E+00
0.84 	 .1841927E+00
0.85 	 .1886239E+00
0.86 	 .1932925E+00
0.87 	 .1973455E+00
0.88 	 .2007079E+00
0.89 	 .2035326E+00
0.9 	 .2058875E+00
0.91 	 .2082738E+00
0.92 	 .2109026E+00
0.93 	 .2130401E+00
0.94 	 .2144388E+00
0.95 	 .2159555E+00
0.96 	 .2181902E+00
0.97 	 .2205509E+00
0.98 	 .2221251E+00
0.99 	 .2227661E+00
1.0 	 .2227048E+00
1.01 	 .2222019E+00
1.02 	 .2216968E+00
1.03 	 .2215880E+00
1.04 	 .2220074E+00
1.05 	 .2228468E+00
1.06 	 .2239513E+00
1.07 	 .2253526E+00
1.08 	 .2272659E+00
1.09 	 .2299157E+00
1.1 	 .2336163E+00
1.11 	 .2384516E+00
1.12 	 .2437888E+00
1.13 	 .2487992E+00
1.14 	 .2530701E+00
1.15 	 .2566832E+00
1.16 	 .2599952E+00
1.17 	 .2635248E+00
1.18 	 .2681332E+00
1.19 	 .2740645E+00
1.2 	 .2802409E+00
1.21 	 .2854821E+00
1.22 	 .2896079E+00
1.23 	 .2932236E+00
1.24 	 .2969694E+00
1.25 	 .3012041E+00
1.26 	 .3061354E+00
1.27 	 .3115061E+00
1.28 	 .3163594E+00
1.29 	 .3198597E+00
1.3 	 .3215012E+00
1.31 	 .3211205E+00
1.32 	 .3193277E+00
1.33 	 .3168285E+00
1.34 	 .3139285E+00
1.35 	 .3107447E+00
1.36 	 .3072141E+00
1.37 	 .3032566E+00
1.38 	 .2990361E+00
1.39 	 .2948722E+00
1.4 	 .2907851E+00
1.41 	 .2868352E+00
1.42 	 .2834982E+00
1.43 	 .2804486E+00
1.44 	 .2765858E+00
1.45 	 .2717392E+00
1.46 	 .2668325E+00
1.47 	 .2627426E+00
1.48 	 .2595727E+00
1.49 	 .2563996E+00
1.5 	 .2519762E+00
1.51 	 .2462272E+00
1.52 	 .2401284E+00
1.53 	 .2341341E+00
1.54 	 .2280478E+00
1.55 	 .2217390E+00
1.56 	 .2145957E+00
1.57 	 .2059560E+00
1.58 	 .1964506E+00
1.59 	 .1872029E+00
1.6 	 .1784170E+00
1.61 	 .1698830E+00
1.62 	 .1621352E+00
1.63 	 .1559344E+00
1.64 	 .1511430E+00
1.65 	 .1468324E+00
1.66 	 .1421142E+00
1.67 	 .1366725E+00
1.68 	 .1306501E+00
1.69 	 .1243609E+00
1.7 	 .1181419E+00
1.71 	 .1122251E+00
1.72 	 .1065295E+00
1.73 	 .1006160E+00
1.74 	 .9419604E-01
1.75 	 .8777081E-01
1.76 	 .8241448E-01
1.77 	 .7813420E-01
1.78 	 .7335223E-01
1.79 	 .6735694E-01
1.8 	 .6150012E-01
1.81 	 .5732037E-01
1.82 	 .5498836E-01
1.83 	 .5301375E-01
1.84 	 .4912934E-01
1.85 	 .4279121E-01
1.86 	 .3542536E-01
1.87 	 .2732664E-01
1.88 	 .1719906E-01
1.89 	 .4783534E-02
1.9 	 -.8488456E-02
1.91 	 -.2091338E-01
1.92 	 -.3138428E-01
1.93 	 -.3992523E-01
1.94 	 -.4781602E-01
1.95 	 -.5612915E-01
1.96 	 -.6491948E-01
1.97 	 -.7486165E-01
1.98 	 -.8730428E-01
1.99 	 -.1023108E+00
2.0 	 -.1190539E+00
2.01 	 -.1368749E+00
2.02 	 -.1549059E+00
2.03 	 -.1726855E+00
2.04 	 -.1906313E+00
2.05 	 -.2087517E+00
2.06 	 -.2266905E+00
2.07 	 -.2442177E+00
2.08 	 -.2605595E+00
2.09 	 -.2747000E+00
2.1 	 -.2864072E+00
2.11 	 -.2956103E+00
2.12 	 -.3017143E+00
2.13 	 -.3045472E+00
2.14 	 -.3032165E+00
2.15 	 -.2952580E+00
2.16 	 -.2790951E+00
2.17 	 -.2556641E+00
2.18 	 -.2271836E+00
2.19 	 -.1957015E+00
2.2 	 -.1630462E+00
2.21 	 -.1310413E+00
2.22 	 -.1021378E+00
2.23 	 -.7935553E-01
2.24 	 -.6452238E-01
2.25 	 -.5698500E-01
2.26 	 -.5423451E-01
2.27 	 -.5405971E-01
2.28 	 -.5636419E-01
2.29 	 -.6200731E-01
2.3 	 -.7036988E-01
2.31 	 -.7998571E-01
2.32 	 -.9064935E-01
2.33 	 -.1023862E+00
2.34 	 -.1138777E+00
2.35 	 -.1231039E+00
2.36 	 -.1271891E+00
2.37 	 -.1225728E+00
2.38 	 -.1069296E+00
2.39 	 -.8083144E-01
2.4 	 -.4755422E-01
2.41 	 -.1140769E-01
2.42 	 .2395008E-01
2.43 	 .5698224E-01
2.44 	 .8704604E-01
2.45 	 .1129034E+00
2.46 	 .1346991E+00
2.47 	 .1537108E+00
2.48 	 .1692073E+00
2.49 	 .1788947E+00
2.5 	 .1822247E+00
2.51 	 .1810747E+00
2.52 	 .1780116E+00
2.53 	 .1743931E+00
2.54 	 .1693203E+00
2.55 	 .1619425E+00
2.56 	 .1534656E+00
2.57 	 .1451721E+00
2.58 	 .1362672E+00
2.59 	 .1236599E+00
2.6 	 .1033599E+00
2.61 	 .7385097E-01
2.62 	 .3767833E-01
2.63 	 -.1562842E-02
2.64 	 -.4076478E-01
2.65 	 -.7686903E-01
2.66 	 -.1091650E+00
2.67 	 -.1406308E+00
2.68 	 -.1747805E+00
2.69 	 -.2112040E+00
2.7 	 -.2455673E+00
2.71 	 -.2741451E+00
2.72 	 -.2957566E+00
2.73 	 -.3102423E+00
2.74 	 -.3166760E+00
2.75 	 -.3131380E+00
2.76 	 -.3004177E+00
2.77 	 -.2842174E+00
2.78 	 -.2711369E+00
2.79 	 -.2633142E+00
2.8 	 -.2576141E+00
2.81 	 -.2492015E+00
2.82 	 -.2352599E+00
2.83 	 -.2148902E+00
2.84 	 -.1865113E+00
2.85 	 -.1500232E+00
2.86 	 -.1106811E+00
2.87 	 -.7672169E-01
2.88 	 -.5318018E-01
2.89 	 -.3874682E-01
2.9 	 -.2964549E-01
2.91 	 -.2548394E-01
2.92 	 -.2922418E-01
2.93 	 -.4202844E-01
2.94 	 -.6012488E-01
2.95 	 -.7657185E-01
2.96 	 -.8521414E-01
2.97 	 -.8450749E-01
2.98 	 -.7755702E-01
2.99 	 -.6827586E-01
3.0 	 -.5846691E-01
3.01 	 -.4754567E-01
3.02 	 -.3300849E-01
3.03 	 -.1251398E-01
3.04 	 .1316957E-01
3.05 	 .4217986E-01
3.06 	 .7467682E-01
3.07 	 .1108785E+00
3.08 	 .1482832E+00
3.09 	 .1817310E+00
3.1 	 .2053390E+00
3.11 	 .2172149E+00
3.12 	 .2236003E+00
3.13 	 .2332996E+00
3.14 	 .2485419E+00
3.15 	 .2642449E+00
3.16 	 .2737962E+00
3.17 	 .2746768E+00
3.18 	 .2681271E+00
3.19 	 .2556967E+00
3.2 	 .2378884E+00
3.21 	 .2145678E+00
3.22 	 .1875431E+00
3.23 	 .1615013E+00
3.24 	 .1401105E+00
3.25 	 .1224767E+00
3.26 	 .1046196E+00
3.27 	 .8319236E-01
3.28 	 .5771775E-01
3.29 	 .2992316E-01
3.3 	 .1463794E-02
3.31 	 -.2589796E-01
3.32 	 -.4962492E-01
3.33 	 -.6709589E-01
3.34 	 -.7596782E-01
3.35 	 -.7594417E-01
3.36 	 -.6971034E-01
3.37 	 -.6000862E-01
3.38 	 -.4659549E-01
3.39 	 -.2725970E-01
3.4 	 -.1810936E-02
3.41 	 .2760597E-01
3.42 	 .6001121E-01
3.43 	 .9425886E-01
3.44 	 .1255970E+00
3.45 	 .1480218E+00
3.46 	 .1593416E+00
3.47 	 .1625871E+00
3.48 	 .1624996E+00
3.49 	 .1608764E+00
3.5 	 .1555506E+00
3.51 	 .1435234E+00
3.52 	 .1240455E+00
3.53 	 .9964130E-01
3.54 	 .7485720E-01
3.55 	 .5295712E-01
3.56 	 .3305556E-01
3.57 	 .1052040E-01
3.58 	 -.1853369E-01
3.59 	 -.5296827E-01
3.6 	 -.8761529E-01
3.61 	 -.1164383E+00
3.62 	 -.1350114E+00
3.63 	 -.1421465E+00
3.64 	 -.1378794E+00
3.65 	 -.1229462E+00
3.66 	 -.1011453E+00
3.67 	 -.7737179E-01
3.68 	 -.5321584E-01
3.69 	 -.2604249E-01
3.7 	 .8237097E-02
3.71 	 .5144582E-01
3.72 	 .1023056E+00
3.73 	 .1601361E+00
3.74 	 .2255229E+00
3.75 	 .2964993E+00
3.76 	 .3684311E+00
3.77 	 .4361254E+00
3.78 	 .4944243E+00
3.79 	 .5397946E+00
3.8 	 .5730782E+00
3.81 	 .5992970E+00
3.82 	 .6247335E+00
3.83 	 .6543588E+00
3.84 	 .6896727E+00
3.85 	 .7276805E+00
3.86 	 .7620259E+00
3.87 	 .7851444E+00
3.88 	 .7912622E+00
3.89 	 .7795816E+00
3.9 	 .7537771E+00
3.91 	 .7187145E+00
3.92 	 .6776496E+00
3.93 	 .6322410E+00
3.94 	 .5847875E+00
3.95 	 .5379795E+00
3.96 	 .4941049E+00
3.97 	 .4550015E+00
3.98 	 .4203281E+00
3.99 	 .3877817E+00
4.0 	 .3575102E+00
4.01 	 .3340820E+00
4.02 	 .3229935E+00
4.03 	 .3262815E+00
4.04 	 .3411126E+00
4.05 	 .3627960E+00
4.06 	 .3875108E+00
4.07 	 .4115734E+00
4.08 	 .4323259E+00
4.09 	 .4506896E+00
4.1 	 .4687066E+00
4.11 	 .4850530E+00
4.12 	 .4958926E+00
4.13 	 .4975018E+00
4.14 	 .4862103E+00
4.15 	 .4595230E+00
4.16 	 .4188835E+00
4.17 	 .3701949E+00
4.18 	 .3221697E+00
4.19 	 .2838542E+00
4.2 	 .2598791E+00
4.21 	 .2463007E+00
4.22 	 .2334677E+00
4.23 	 .2124830E+00
4.24 	 .1790536E+00
4.25 	 .1341439E+00
4.26 	 .8292400E-01
4.27 	 .3194978E-01
4.28 	 -.1543219E-01
4.29 	 -.6164708E-01
4.3 	 -.1127950E+00
4.31 	 -.1750130E+00
4.32 	 -.2513155E+00
4.33 	 -.3390265E+00
4.34 	 -.4308323E+00
4.35 	 -.5183013E+00
4.36 	 -.5946682E+00
4.37 	 -.6563534E+00
4.38 	 -.7026968E+00
4.39 	 -.7352462E+00
4.4 	 -.7576388E+00
4.41 	 -.7744421E+00
4.42 	 -.7896112E+00
4.43 	 -.8054573E+00
4.44 	 -.8214946E+00
4.45 	 -.8350715E+00
4.46 	 -.8435374E+00
4.47 	 -.8461108E+00
4.48 	 -.8450458E+00
4.49 	 -.8442082E+00
4.5 	 -.8467916E+00
4.51 	 -.8543005E+00
4.52 	 -.8649560E+00
4.53 	 -.8736780E+00
4.54 	 -.8751330E+00
4.55 	 -.8673703E+00
4.56 	 -.8531895E+00
4.57 	 -.8371631E+00
4.58 	 -.8214686E+00
4.59 	 -.8041370E+00
4.6 	 -.7801484E+00
4.61 	 -.7439224E+00
4.62 	 -.6919536E+00
4.63 	 -.6254893E+00
4.64 	 -.5502899E+00
4.65 	 -.4735016E+00
4.66 	 -.4006326E+00
4.67 	 -.3336247E+00
4.68 	 -.2706687E+00
4.69 	 -.2077071E+00
4.7 	 -.1412753E+00
4.71 	 -.7103272E-01
4.72 	 .5163905E-04
4.73 	 .6773497E-01
4.74 	 .1289344E+00
4.75 	 .1832382E+00
4.76 	 .2313390E+00
4.77 	 .2723060E+00
4.78 	 .3070672E+00
4.79 	 .3429388E+00
4.8 	 .3904384E+00
4.81 	 .4559040E+00
4.82 	 .5372767E+00
4.83 	 .6272898E+00
4.84 	 .7194535E+00
4.85 	 .8109966E+00
4.86 	 .9016399E+00
4.87 	 .9900570E+00
4.88 	 .1071476E+01
4.89 	 .1137979E+01
4.9 	 .1180774E+01
4.91 	 .1194488E+01
4.92 	 .1180654E+01
4.93 	 .1146964E+01
4.94 	 .1105246E+01
4.95 	 .1067928E+01
4.96 	 .1041115E+01
4.97 	 .1016521E+01
4.98 	 .9749114E+00
4.99 	 .9009865E+00
5.0 	 .7895137E+00
5.01 	 .6426692E+00
5.02 	 .4711586E+00
5.03 	 .2945395E+00
5.04 	 .1307181E+00
5.05 	 -.1193954E-01
5.06 	 -.1322932E+00
5.07 	 -.2341183E+00
5.08 	 -.3236406E+00
5.09 	 -.4061760E+00
5.1 	 -.4832246E+00
5.11 	 -.5524145E+00
5.12 	 -.6112399E+00
5.13 	 -.6601623E+00
5.14 	 -.7015881E+00
5.15 	 -.7369896E+00
5.16 	 -.7662419E+00
5.17 	 -.7878509E+00
5.18 	 -.7996984E+00
5.19 	 -.8018521E+00
5.2 	 -.7976214E+00
5.21 	 -.7909339E+00
5.22 	 -.7845423E+00
5.23 	 -.7797269E+00
5.24 	 -.7768158E+00
5.25 	 -.7771380E+00
5.26 	 -.7822631E+00
5.27 	 -.7920632E+00
5.28 	 -.8059647E+00
5.29 	 -.8249926E+00
5.3 	 -.8515534E+00
5.31 	 -.8858956E+00
5.32 	 -.9232845E+00
5.33 	 -.9549472E+00
5.34 	 -.9706442E+00
5.35 	 -.9619010E+00
5.36 	 -.9256352E+00
5.37 	 -.8667498E+00
5.38 	 -.7976535E+00
5.39 	 -.7335721E+00
5.4 	 -.6855333E+00
5.41 	 -.6550503E+00
5.42 	 -.6343085E+00
5.43 	 -.6114467E+00
5.44 	 -.5769875E+00
5.45 	 -.5312141E+00
5.46 	 -.4862060E+00
5.47 	 -.4546316E+00
5.48 	 -.4389416E+00
5.49 	 -.4334210E+00
5.5 	 -.4313495E+00
5.51 	 -.4292568E+00
5.52 	 -.4259286E+00
5.53 	 -.4185756E+00
5.54 	 -.4016070E+00
5.55 	 -.3681103E+00
5.56 	 -.3115367E+00
5.57 	 -.2277562E+00
5.58 	 -.1167155E+00
5.59 	 .1721234E-01
5.6 	 .1645659E+00
5.61 	 .3113559E+00
5.62 	 .4432871E+00
5.63 	 .5513133E+00
5.64 	 .6349844E+00
5.65 	 .7011549E+00
5.66 	 .7593595E+00
5.67 	 .8179457E+00
5.68 	 .8822714E+00
5.69 	 .9535478E+00
5.7 	 .1026967E+01
5.71 	 .1090663E+01
5.72 	 .1130026E+01
5.73 	 .1134760E+01
5.74 	 .1102509E+01
5.75 	 .1039320E+01
5.76 	 .9573684E+00
5.77 	 .8696576E+00
5.78 	 .7832453E+00
5.79 	 .6970233E+00
5.8 	 .6068631E+00
5.81 	 .5126585E+00
5.82 	 .4206407E+00
5.83 	 .3395758E+00
5.84 	 .2753721E+00
5.85 	 .2280785E+00
5.86 	 .1935006E+00
5.87 	 .1673512E+00
5.88 	 .1482977E+00
5.89 	 .1383209E+00
5.9 	 .1403033E+00
5.91 	 .1547557E+00
5.92 	 .1783805E+00
5.93 	 .2055198E+00
5.94 	 .2301499E+00
5.95 	 .2473683E+00
5.96 	 .2549033E+00
5.97 	 .2529657E+00
5.98 	 .2417539E+00
5.99 	 .2207380E+00
6.0 	 .1912267E+00
6.01 	 .1574445E+00
6.02 	 .1243049E+00
6.03 	 .9419261E-01
6.04 	 .6527507E-01
6.05 	 .3325714E-01
6.06 	 -.4561885E-02
6.07 	 -.4734303E-01
6.08 	 -.9212089E-01
6.09 	 -.1351061E+00
6.1 	 -.1720136E+00
6.11 	 -.1989719E+00
6.12 	 -.2147106E+00
6.13 	 -.2217080E+00
6.14 	 -.2248197E+00
6.15 	 -.2283457E+00
6.16 	 -.2335286E+00
6.17 	 -.2392971E+00
6.18 	 -.2435733E+00
6.19 	 -.2442754E+00
6.2 	 -.2408153E+00
6.21 	 -.2333109E+00
6.22 	 -.2202315E+00
6.23 	 -.1977699E+00
6.24 	 -.1624727E+00
6.25 	 -.1146607E+00
6.26 	 -.5885887E-01
6.27 	 -.1557930E-02
6.28 	 .5040982E-01
6.29 	 .9137394E-01
6.3 	 .1188351E+00
6.31 	 .1324283E+00
6.32 	 .1332453E+00
6.33 	 .1258502E+00
6.34 	 .1176283E+00
6.35 	 .1161160E+00
6.36 	 .1260795E+00
6.37 	 .1487333E+00
6.38 	 .1847846E+00
6.39 	 .2365460E+00
6.4 	 .3060886E+00
6.41 	 .3916987E+00
6.42 	 .4874849E+00
6.43 	 .5857124E+00
6.44 	 .6789633E+00
6.45 	 .7629091E+00
6.46 	 .8375628E+00
6.47 	 .9042427E+00
6.48 	 .9627187E+00
6.49 	 .1011826E+01
6.5 	 .1050593E+01
6.51 	 .1079026E+01
6.52 	 .1098781E+01
6.53 	 .1111520E+01
6.54 	 .1116298E+01
6.55 	 .1110289E+01
6.56 	 .1092858E+01
6.57 	 .1067799E+01
6.58 	 .1041346E+01
6.59 	 .1019058E+01
6.6 	 .1002629E+01
6.61 	 .9904391E+00
6.62 	 .9811653E+00
6.63 	 .9729138E+00
6.64 	 .9611970E+00
6.65 	 .9408547E+00
6.66 	 .9094637E+00
6.67 	 .8685599E+00
6.68 	 .8221319E+00
6.69 	 .7748000E+00
6.7 	 .7296238E+00
6.71 	 .6858625E+00
6.72 	 .6394674E+00
6.73 	 .5854344E+00
6.74 	 .5190531E+00
6.75 	 .4364279E+00
6.76 	 .3353702E+00
6.77 	 .2156449E+00
6.78 	 .7843653E-01
6.79 	 -.7368692E-01
6.8 	 -.2375110E+00
6.81 	 -.4115141E+00
6.82 	 -.5971346E+00
6.83 	 -.7961631E+00
6.84 	 -.1006654E+01
6.85 	 -.1222295E+01
6.86 	 -.1434045E+01
6.87 	 -.1632232E+01
6.88 	 -.1808716E+01
6.89 	 -.1958620E+01
6.9 	 -.2081940E+01
6.91 	 -.2182645E+01
6.92 	 -.2266308E+01
6.93 	 -.2338460E+01
6.94 	 -.2402645E+01
6.95 	 -.2458560E+01
6.96 	 -.2502400E+01
6.97 	 -.2529271E+01
6.98 	 -.2535724E+01
6.99 	 -.2521586E+01
7.0 	 -.2489633E+01
7.01 	 -.2443336E+01
7.02 	 -.2385165E+01
7.03 	 -.2315721E+01
7.04 	 -.2233630E+01
7.05 	 -.2137965E+01
7.06 	 -.2030875E+01
7.07 	 -.1916602E+01
7.08 	 -.1798682E+01
7.09 	 -.1678979E+01
7.1 	 -.1558235E+01
7.11 	 -.1435233E+01
7.12 	 -.1306378E+01
7.13 	 -.1167959E+01
7.14 	 -.1018344E+01
7.15 	 -.8581108E+00
7.16 	 -.6901754E+00
7.17 	 -.5200183E+00
7.18 	 -.3545868E+00
7.19 	 -.2010914E+00
7.2 	 -.6582513E-01
7.21 	 .4718511E-01
7.22 	 .1372044E+00
7.23 	 .2066528E+00
7.24 	 .2595680E+00
7.25 	 .3002239E+00
7.26 	 .3320956E+00
7.27 	 .3567432E+00
7.28 	 .3731791E+00
7.29 	 .3785039E+00
7.3 	 .3697029E+00
7.31 	 .3452009E+00
7.32 	 .3056507E+00
7.33 	 .2536822E+00
7.34 	 .1920245E+00
7.35 	 .1225840E+00
7.36 	 .4778631E-01
7.37 	 -.2966812E-01
7.38 	 -.1080065E+00
7.39 	 -.1851125E+00
7.4 	 -.2571682E+00
7.41 	 -.3196585E+00
7.42 	 -.3700291E+00
7.43 	 -.4093740E+00
7.44 	 -.4405443E+00
7.45 	 -.4655338E+00
7.46 	 -.4847042E+00
7.47 	 -.4964079E+00
7.48 	 -.4973933E+00
7.49 	 -.4849623E+00
7.5 	 -.4595921E+00
7.51 	 -.4251190E+00
7.52 	 -.3867656E+00
7.53 	 -.3496246E+00
7.54 	 -.3180825E+00
7.55 	 -.2955663E+00
7.56 	 -.2841552E+00
7.57 	 -.2841941E+00
7.58 	 -.2938385E+00
7.59 	 -.3093370E+00
7.6 	 -.3259718E+00
7.61 	 -.3386770E+00
7.62 	 -.3433120E+00
7.63 	 -.3383353E+00
7.64 	 -.3252906E+00
7.65 	 -.3075652E+00
7.66 	 -.2876607E+00
7.67 	 -.2648938E+00
7.68 	 -.2361339E+00
7.69 	 -.1988558E+00
7.7 	 -.1524743E+00
7.71 	 -.9733564E-01
7.72 	 -.3451624E-01
7.73 	 .3399927E-01
7.74 	 .1064588E+00
7.75 	 .1822205E+00
7.76 	 .2609095E+00
7.77 	 .3414852E+00
7.78 	 .4231700E+00
7.79 	 .5070846E+00
7.8 	 .5958349E+00
7.81 	 .6909811E+00
7.82 	 .7914803E+00
7.83 	 .8950819E+00
7.84 	 .1000911E+01
7.85 	 .1109856E+01
7.86 	 .1222623E+01
7.87 	 .1337890E+01
7.88 	 .1452215E+01
7.89 	 .1561051E+01
7.9 	 .1659394E+01
7.91 	 .1742890E+01
7.92 	 .1808620E+01
7.93 	 .1854082E+01
7.94 	 .1876834E+01
7.95 	 .1876132E+01
7.96 	 .1853838E+01
7.97 	 .1812763E+01
7.98 	 .1754923E+01
7.99 	 .1681926E+01
8.0 	 .1596046E+01
8.01 	 .1500806E+01
8.02 	 .1400724E+01
8.03 	 .1300822E+01
8.04 	 .1206332E+01
8.05 	 .1122118E+01
8.06 	 .1051137E+01
8.07 	 .9933239E+00
8.08 	 .9482687E+00
8.09 	 .9180962E+00
8.1 	 .9057583E+00
8.11 	 .9118093E+00
8.12 	 .9333285E+00
8.13 	 .9652769E+00
8.14 	 .1002493E+01
8.15 	 .1041571E+01
8.16 	 .1081516E+01
8.17 	 .1121922E+01
8.18 	 .1161937E+01
8.19 	 .1200757E+01
8.2 	 .1237499E+01
8.21 	 .1271411E+01
8.22 	 .1302610E+01
8.23 	 .1332227E+01
8.24 	 .1362099E+01
8.25 	 .1393746E+01
8.26 	 .1426625E+01
8.27 	 .1457379E+01
8.28 	 .1480943E+01
8.29 	 .1492205E+01
8.3 	 .1486946E+01
8.31 	 .1461993E+01
8.32 	 .1415823E+01
8.33 	 .1348860E+01
8.34 	 .1262046E+01
8.35 	 .1156169E+01
8.36 	 .1033371E+01
8.37 	 .8982143E+00
8.38 	 .7571562E+00
8.39 	 .6173902E+00
8.4 	 .4854650E+00
8.41 	 .3656334E+00
8.42 	 .2594873E+00
8.43 	 .1683490E+00
8.44 	 .9472533E-01
8.45 	 .4037392E-01
8.46 	 .4270580E-02
8.47 	 -.1718809E-01
8.48 	 -.2818787E-01
8.49 	 -.3219585E-01
8.5 	 -.3235797E-01
8.51 	 -.3143265E-01
8.52 	 -.3139881E-01
8.53 	 -.3366563E-01
8.54 	 -.3939003E-01
8.55 	 -.4947681E-01
8.56 	 -.6442716E-01
8.57 	 -.8481822E-01
8.58 	 -.1113940E+00
8.59 	 -.1448383E+00
8.6 	 -.1864305E+00
8.61 	 -.2380179E+00
8.62 	 -.3012053E+00
8.63 	 -.3772869E+00
8.64 	 -.4669507E+00
8.65 	 -.5690475E+00
8.66 	 -.6801901E+00
8.67 	 -.7964469E+00
8.68 	 -.9152373E+00
8.69 	 -.1034699E+01
8.7 	 -.1152232E+01
8.71 	 -.1264277E+01
8.72 	 -.1366288E+01
8.73 	 -.1453139E+01
8.74 	 -.1520457E+01
8.75 	 -.1566213E+01
8.76 	 -.1591637E+01
8.77 	 -.1600234E+01
8.78 	 -.1595084E+01
8.79 	 -.1577248E+01
8.8 	 -.1546692E+01
8.81 	 -.1503815E+01
8.82 	 -.1450356E+01
8.83 	 -.1389495E+01
8.84 	 -.1325143E+01
8.85 	 -.1261104E+01
8.86 	 -.1200855E+01
8.87 	 -.1147420E+01
8.88 	 -.1102672E+01
8.89 	 -.1067068E+01
8.9 	 -.1039749E+01
8.91 	 -.1018722E+01
8.92 	 -.1002606E+01
8.93 	 -.9921913E+00
8.94 	 -.9894440E+00
8.95 	 -.9960923E+00
8.96 	 -.1013001E+01
8.97 	 -.1040273E+01
8.98 	 -.1077651E+01
8.99 	 -.1124377E+01
9.0 	 -.1178845E+01
9.01 	 -.1238385E+01
9.02 	 -.1299872E+01
9.03 	 -.1361152E+01
9.04 	 -.1421947E+01
9.05 	 -.1482918E+01
9.06 	 -.1543597E+01
9.07 	 -.1602114E+01
9.08 	 -.1656493E+01
9.09 	 -.1704785E+01
9.1 	 -.1745292E+01
9.11 	 -.1777724E+01
9.12 	 -.1802747E+01
9.13 	 -.1820437E+01
9.14 	 -.1830353E+01
9.15 	 -.1833092E+01
9.16 	 -.1830808E+01
9.17 	 -.1825692E+01
9.18 	 -.1818208E+01
9.19 	 -.1807153E+01
9.2 	 -.1791056E+01
9.21 	 -.1769368E+01
9.22 	 -.1742166E+01
9.23 	 -.1709133E+01
9.24 	 -.1670116E+01
9.25 	 -.1625438E+01
9.26 	 -.1574802E+01
9.27 	 -.1517499E+01
9.28 	 -.1453216E+01
9.29 	 -.1382371E+01
9.3 	 -.1306902E+01
9.31 	 -.1230315E+01
9.32 	 -.1156247E+01
9.33 	 -.1086844E+01
9.34 	 -.1022801E+01
9.35 	 -.9642150E+00
9.36 	 -.9101598E+00
9.37 	 -.8585236E+00
9.38 	 -.8069773E+00
9.39 	 -.7540797E+00
9.4 	 -.6998317E+00
9.41 	 -.6448178E+00
9.42 	 -.5891973E+00
9.43 	 -.5323700E+00
9.44 	 -.4730289E+00
9.45 	 -.4099824E+00
9.46 	 -.3431761E+00
9.47 	 -.2740383E+00
9.48 	 -.2042267E+00
9.49 	 -.1339834E+00
9.5 	 -.6207774E-01
9.51 	 .1363405E-01
9.52 	 .9535582E-01
9.53 	 .1838523E+00
9.54 	 .2776030E+00
9.55 	 .3735517E+00
9.56 	 .4686315E+00
9.57 	 .5607387E+00
9.58 	 .6490495E+00
9.59 	 .7334370E+00
9.6 	 .8133745E+00
9.61 	 .8879819E+00
9.62 	 .9567663E+00
9.63 	 .1019614E+01
9.64 	 .1076392E+01
9.65 	 .1127120E+01
9.66 	 .1172488E+01
9.67 	 .1213798E+01
9.68 	 .1252370E+01
9.69 	 .1289122E+01
9.7 	 .1324579E+01
9.71 	 .1359543E+01
9.72 	 .1395739E+01
9.73 	 .1435253E+01
9.74 	 .1479533E+01
9.75 	 .1529088E+01
9.76 	 .1583726E+01
9.77 	 .1642385E+01
9.78 	 .1702661E+01
9.79 	 .1760803E+01
9.8 	 .1812267E+01
9.81 	 .1852787E+01
9.82 	 .1879726E+01
9.83 	 .1892959E+01
9.84 	 .1894204E+01
9.85 	 .1885319E+01
9.86 	 .1867324E+01
9.87 	 .1840503E+01
9.88 	 .1805432E+01
9.89 	 .1764249E+01
9.9 	 .1720533E+01
9.91 	 .1677972E+01
9.92 	 .1639170E+01
9.93 	 .1604829E+01
9.94 	 .1573121E+01
9.95 	 .1540062E+01
9.96 	 .1500857E+01
9.97 	 .1451394E+01
9.98 	 .1390223E+01
9.99 	 .1319328E+01
10.0 	 .1242770E+01
10.01 	 .1165020E+01
10.02 	 .1089298E+01
10.03 	 .1016615E+01
10.04 	 .9464165E+00
10.05 	 .8781023E+00
10.06 	 .8120226E+00
10.07 	 .7491173E+00
10.08 	 .6906295E+00
10.09 	 .6385834E+00
10.1 	 .5956233E+00
10.11 	 .5641881E+00
10.12 	 .5456307E+00
10.13 	 .5391680E+00
10.14 	 .5421240E+00
10.15 	 .5515331E+00
10.16 	 .5652743E+00
10.17 	 .5825597E+00
10.18 	 .6035717E+00
10.19 	 .6282346E+00
10.2 	 .6551595E+00
10.21 	 .6821722E+00
10.22 	 .7076553E+00
10.23 	 .7309906E+00
10.24 	 .7527099E+00
10.25 	 .7739855E+00
10.26 	 .7953283E+00
10.27 	 .8164385E+00
10.28 	 .8370313E+00
10.29 	 .8567575E+00
10.3 	 .8743923E+00
10.31 	 .8881612E+00
10.32 	 .8971643E+00
10.33 	 .9017036E+00
10.34 	 .9020055E+00
10.35 	 .8973766E+00
10.36 	 .8867227E+00
10.37 	 .8691462E+00
10.38 	 .8441318E+00
10.39 	 .8113412E+00
10.4 	 .7702653E+00
10.41 	 .7207765E+00
10.42 	 .6636031E+00
10.43 	 .6000242E+00
10.44 	 .5317426E+00
10.45 	 .4604752E+00
10.46 	 .3874082E+00
10.47 	 .3132366E+00
10.48 	 .2383839E+00
10.49 	 .1633951E+00
10.5 	 .8950545E-01
10.51 	 .1887506E-01
10.52 	 -.4604287E-01
10.53 	 -.1036582E+00
10.54 	 -.1538235E+00
10.55 	 -.1974763E+00
10.56 	 -.2359518E+00
10.57 	 -.2709386E+00
10.58 	 -.3043352E+00
10.59 	 -.3374639E+00
10.6 	 -.3705634E+00
10.61 	 -.4028915E+00
10.62 	 -.4333316E+00
10.63 	 -.4607784E+00
10.64 	 -.4843418E+00
10.65 	 -.5035865E+00
10.66 	 -.5187108E+00
10.67 	 -.5305608E+00
10.68 	 -.5397571E+00
10.69 	 -.5459020E+00
10.7 	 -.5481735E+00
10.71 	 -.5465092E+00
10.72 	 -.5423451E+00
10.73 	 -.5383368E+00
10.74 	 -.5371004E+00
10.75 	 -.5400125E+00
10.76 	 -.5470358E+00
10.77 	 -.5575801E+00
10.78 	 -.5709077E+00
10.79 	 -.5856438E+00
10.8 	 -.5996746E+00
10.81 	 -.6106179E+00
10.82 	 -.6169236E+00
10.83 	 -.6187470E+00
10.84 	 -.6171545E+00
10.85 	 -.6131054E+00
10.86 	 -.6073424E+00
10.87 	 -.6004138E+00
10.88 	 -.5930045E+00
10.89 	 -.5864649E+00
10.9 	 -.5824959E+00
10.91 	 -.5821650E+00
10.92 	 -.5853690E+00
10.93 	 -.5910176E+00
10.94 	 -.5979805E+00
10.95 	 -.6056584E+00
10.96 	 -.6135463E+00
10.97 	 -.6216626E+00
10.98 	 -.6309875E+00
10.99 	 -.6426983E+00
11.0 	 -.6575969E+00
11.01 	 -.6761273E+00
11.02 	 -.6981871E+00
11.03 	 -.7226197E+00
11.04 	 -.7477824E+00
11.05 	 -.7729833E+00
11.06 	 -.7987398E+00
11.07 	 -.8258399E+00
11.08 	 -.8548846E+00
11.09 	 -.8863034E+00
11.1 	 -.9199711E+00
11.11 	 -.9547407E+00
11.12 	 -.9888654E+00
11.13 	 -.1021208E+01
11.14 	 -.1051537E+01
11.15 	 -.1079813E+01
11.16 	 -.1106142E+01
11.17 	 -.1131346E+01
11.18 	 -.1156531E+01
11.19 	 -.1182396E+01
11.2 	 -.1209306E+01
11.21 	 -.1236825E+01
11.22 	 -.1263230E+01
11.23 	 -.1286596E+01
11.24 	 -.1305847E+01
11.25 	 -.1320233E+01
11.26 	 -.1328933E+01
11.27 	 -.1331501E+01
11.28 	 -.1327330E+01
11.29 	 -.1315217E+01
11.3 	 -.1294662E+01
11.31 	 -.1266480E+01
11.32 	 -.1231632E+01
11.33 	 -.1190381E+01
11.34 	 -.1142611E+01
11.35 	 -.1088627E+01
11.36 	 -.1029806E+01
11.37 	 -.9686568E+00
11.38 	 -.9082654E+00
11.39 	 -.8511574E+00
11.4 	 -.7981919E+00
11.41 	 -.7485633E+00
11.42 	 -.7005943E+00
11.43 	 -.6527770E+00
11.44 	 -.6045054E+00
11.45 	 -.5557976E+00
11.46 	 -.5066064E+00
11.47 	 -.4567575E+00
11.48 	 -.4060882E+00
11.49 	 -.3541796E+00
11.5 	 -.3001590E+00
11.51 	 -.2425417E+00
11.52 	 -.1797422E+00
11.53 	 -.1115652E+00
11.54 	 -.3953598E-01
11.55 	 .3447516E-01
11.56 	 .1095930E+00
11.57 	 .1859669E+00
11.58 	 .2634189E+00
11.59 	 .3404892E+00
11.6 	 .4149911E+00
11.61 	 .4849827E+00
11.62 	 .5495500E+00
11.63 	 .6088799E+00
11.64 	 .6631648E+00
11.65 	 .7121769E+00
11.66 	 .7559682E+00
11.67 	 .7949026E+00
11.68 	 .8294529E+00
11.69 	 .8599974E+00
11.7 	 .8860318E+00
11.71 	 .9061050E+00
11.72 	 .9191187E+00
11.73 	 .9255865E+00
11.74 	 .9274095E+00
11.75 	 .9265782E+00
11.76 	 .9242740E+00
11.77 	 .9204573E+00
11.78 	 .9139607E+00
11.79 	 .9033525E+00
11.8 	 .8875605E+00
11.81 	 .8660246E+00
11.82 	 .8387413E+00
11.83 	 .8062650E+00
11.84 	 .7693931E+00
11.85 	 .7289911E+00
11.86 	 .6865381E+00
11.87 	 .6439420E+00
11.88 	 .6028123E+00
11.89 	 .5641215E+00
11.9 	 .5279839E+00
11.91 	 .4941073E+00
11.92 	 .4622053E+00
11.93 	 .4318345E+00
11.94 	 .4025717E+00
11.95 	 .3738886E+00
11.96 	 .3449290E+00
11.97 	 .3151460E+00
11.98 	 .2852108E+00
11.99 	 .2572052E+00
12.0 	 .2337750E+00
12.01 	 .2170623E+00
12.02 	 .2078275E+00
12.03 	 .2053179E+00
12.04 	 .2079871E+00
12.05 	 .2146512E+00
12.06 	 .2252220E+00
12.07 	 .2401541E+00
12.08 	 .2598392E+00
12.09 	 .2844672E+00
12.1 	 .3141223E+00
12.11 	 .3490216E+00
12.12 	 .3896140E+00
12.13 	 .4362638E+00
12.14 	 .4887787E+00
12.15 	 .5466926E+00
12.16 	 .6097209E+00
12.17 	 .6775838E+00
12.18 	 .7497761E+00
12.19 	 .8254629E+00
12.2 	 .9031253E+00
12.21 	 .9806823E+00
12.22 	 .1055937E+01
12.23 	 .1126898E+01
12.24 	 .1192378E+01
12.25 	 .1251951E+01
12.26 	 .1305148E+01
12.27 	 .1350990E+01
12.28 	 .1388426E+01
12.29 	 .1417012E+01
12.3 	 .1436983E+01
12.31 	 .1448967E+01
12.32 	 .1453684E+01
12.33 	 .1451733E+01
12.34 	 .1443496E+01
12.35 	 .1429336E+01
12.36 	 .1409475E+01
12.37 	 .1383608E+01
12.38 	 .1351443E+01
12.39 	 .1313192E+01
12.4 	 .1269112E+01
12.41 	 .1219049E+01
12.42 	 .1162484E+01
12.43 	 .1099013E+01
12.44 	 .1029066E+01
12.45 	 .9539093E+00
12.46 	 .8749155E+00
12.47 	 .7930188E+00
12.48 	 .7088158E+00
12.49 	 .6228553E+00
12.5 	 .5353810E+00
12.51 	 .4464240E+00
12.52 	 .3562612E+00
12.53 	 .2655968E+00
12.54 	 .1755685E+00
12.55 	 .8759953E-01
12.56 	 .3210410E-02
12.57 	 -.7627317E-01
12.58 	 -.1500826E+00
12.59 	 -.2180280E+00
12.6 	 -.2803411E+00
12.61 	 -.3378330E+00
12.62 	 -.3918532E+00
12.63 	 -.4437397E+00
12.64 	 -.4941928E+00
12.65 	 -.5431360E+00
12.66 	 -.5899531E+00
12.67 	 -.6340335E+00
12.68 	 -.6751486E+00
12.69 	 -.7133130E+00
12.7 	 -.7488748E+00
12.71 	 -.7822141E+00
12.72 	 -.8131534E+00
12.73 	 -.8409971E+00
12.74 	 -.8648153E+00
12.75 	 -.8838938E+00
12.76 	 -.8981112E+00
12.77 	 -.9076115E+00
12.78 	 -.9126065E+00
12.79 	 -.9137067E+00
12.8 	 -.9121866E+00
12.81 	 -.9099122E+00
12.82 	 -.9087385E+00
12.83 	 -.9100350E+00
12.84 	 -.9146870E+00
12.85 	 -.9232232E+00
12.86 	 -.9356720E+00
12.87 	 -.9514270E+00
12.88 	 -.9693344E+00
12.89 	 -.9879423E+00
12.9 	 -.1006243E+01
12.91 	 -.1023936E+01
12.92 	 -.1040952E+01
12.93 	 -.1056884E+01
12.94 	 -.1070657E+01
12.95 	 -.1080991E+01
12.96 	 -.1086811E+01
12.97 	 -.1087308E+01
12.98 	 -.1082156E+01
12.99 	 -.1071780E+01
13.0 	 -.1057458E+01
13.01 	 -.1040632E+01
13.02 	 -.1022071E+01
13.03 	 -.1001926E+01
13.04 	 -.9798748E+00
13.05 	 -.9548468E+00
13.06 	 -.9255847E+00
13.07 	 -.8920733E+00
13.08 	 -.8556115E+00
13.09 	 -.8175514E+00
13.1 	 -.7785822E+00
13.11 	 -.7387420E+00
13.12 	 -.6976065E+00
13.13 	 -.6546424E+00
13.14 	 -.6096780E+00
13.15 	 -.5632162E+00
13.16 	 -.5161714E+00
13.17 	 -.4697103E+00
13.18 	 -.4251806E+00
13.19 	 -.3835611E+00
13.2 	 -.3451318E+00
13.21 	 -.3093312E+00
13.22 	 -.2750646E+00
13.23 	 -.2413760E+00
13.24 	 -.2076868E+00
13.25 	 -.1737691E+00
13.26 	 -.1399268E+00
13.27 	 -.1072598E+00
13.28 	 -.7707202E-01
13.29 	 -.5001050E-01
13.3 	 -.2626403E-01
13.31 	 -.5837592E-02
13.32 	 .1205949E-01
13.33 	 .2888930E-01
13.34 	 .4560972E-01
13.35 	 .6232319E-01
13.36 	 .7866397E-01
13.37 	 .9417830E-01
13.38 	 .1086547E+00
13.39 	 .1223856E+00
13.4 	 .1359646E+00
13.41 	 .1495920E+00
13.42 	 .1631028E+00
13.43 	 .1767132E+00
13.44 	 .1911409E+00
13.45 	 .2068163E+00
13.46 	 .2233474E+00
13.47 	 .2399061E+00
13.48 	 .2559517E+00
13.49 	 .2714051E+00
13.5 	 .2860881E+00
13.51 	 .2997022E+00
13.52 	 .3125126E+00
13.53 	 .3252841E+00
13.54 	 .3383511E+00
13.55 	 .3513417E+00
13.56 	 .3639245E+00
13.57 	 .3761626E+00
13.58 	 .3883048E+00
13.59 	 .4004449E+00
13.6 	 .4122274E+00
13.61 	 .4231038E+00
13.62 	 .4328298E+00
13.63 	 .4413382E+00
13.64 	 .4483635E+00
13.65 	 .4537531E+00
13.66 	 .4577626E+00
13.67 	 .4605134E+00
13.68 	 .4617800E+00
13.69 	 .4616933E+00
13.7 	 .4607899E+00
13.71 	 .4595700E+00
13.72 	 .4586052E+00
13.73 	 .4585411E+00
13.74 	 .4596995E+00
13.75 	 .4620178E+00
13.76 	 .4656402E+00
13.77 	 .4710299E+00
13.78 	 .4784790E+00
13.79 	 .4879579E+00
13.8 	 .4991235E+00
13.81 	 .5115615E+00
13.82 	 .5252189E+00
13.83 	 .5401321E+00
13.84 	 .5560038E+00
13.85 	 .5723172E+00
13.86 	 .5884775E+00
13.87 	 .6040450E+00
13.88 	 .6190069E+00
13.89 	 .6338461E+00
13.9 	 .6492813E+00
13.91 	 .6656622E+00
13.92 	 .6824730E+00
13.93 	 .6984535E+00
13.94 	 .7121808E+00
13.95 	 .7225963E+00
13.96 	 .7291611E+00
13.97 	 .7315943E+00
13.98 	 .7295646E+00
13.99 	 .7222973E+00
14.0 	 .7086371E+00
14.01 	 .6877550E+00
14.02 	 .6593221E+00
14.03 	 .6231572E+00
14.04 	 .5791208E+00
14.05 	 .5271299E+00
14.06 	 .4671144E+00
14.07 	 .3995902E+00
14.08 	 .3264121E+00
14.09 	 .2502392E+00
14.1 	 .1734793E+00
14.11 	 .9810030E-01
14.12 	 .2576378E-01
14.13 	 -.4233551E-01
14.14 	 -.1055067E+00
14.15 	 -.1634066E+00
14.16 	 -.2163320E+00
14.17 	 -.2651127E+00
14.18 	 -.3100501E+00
14.19 	 -.3507987E+00
14.2 	 -.3871385E+00
14.21 	 -.4193054E+00
14.22 	 -.4477624E+00
14.23 	 -.4727121E+00
14.24 	 -.4942314E+00
14.25 	 -.5124144E+00
14.26 	 -.5272339E+00
14.27 	 -.5389632E+00
14.28 	 -.5481900E+00
14.29 	 -.5553305E+00
14.3 	 -.5604497E+00
14.31 	 -.5630613E+00
14.32 	 -.5621182E+00
14.33 	 -.5566416E+00
14.34 	 -.5465497E+00
14.35 	 -.5326982E+00
14.36 	 -.5161544E+00
14.37 	 -.4974490E+00
14.38 	 -.4763842E+00
14.39 	 -.4525605E+00
14.4 	 -.4257102E+00
14.41 	 -.3957136E+00
14.42 	 -.3628030E+00
14.43 	 -.3273632E+00
14.44 	 -.2894069E+00
14.45 	 -.2488681E+00
14.46 	 -.2063996E+00
14.47 	 -.1633570E+00
14.48 	 -.1208090E+00
14.49 	 -.7915626E-01
14.5 	 -.3883633E-01
14.51 	 -.4763804E-03
14.52 	 .3541872E-01
14.53 	 .6864236E-01
14.54 	 .9941287E-01
14.55 	 .1281552E+00
14.56 	 .1550630E+00
14.57 	 .1797994E+00
14.58 	 .2020550E+00
14.59 	 .2219306E+00
14.6 	 .2394280E+00
14.61 	 .2543279E+00
14.62 	 .2662031E+00
14.63 	 .2743825E+00
14.64 	 .2782115E+00
14.65 	 .2774185E+00
14.66 	 .2721286E+00
14.67 	 .2624793E+00
14.68 	 .2489744E+00
14.69 	 .2329866E+00
14.7 	 .2161938E+00
14.71 	 .1999642E+00
14.72 	 .1852720E+00
14.73 	 .1728119E+00
14.74 	 .1631108E+00
14.75 	 .1565259E+00
14.76 	 .1532666E+00
14.77 	 .1533694E+00
14.78 	 .1568097E+00
14.79 	 .1636656E+00
14.8 	 .1738241E+00
14.81 	 .1865984E+00
14.82 	 .2007000E+00
14.83 	 .2144542E+00
14.84 	 .2264239E+00
14.85 	 .2358716E+00
14.86 	 .2422734E+00
14.87 	 .2447812E+00
14.88 	 .2426318E+00
14.89 	 .2357625E+00
14.9 	 .2246049E+00
14.91 	 .2097326E+00
14.92 	 .1918897E+00
14.93 	 .1719990E+00
14.94 	 .1510800E+00
14.95 	 .1300448E+00
14.96 	 .1091385E+00
14.97 	 .8770472E-01
14.98 	 .6518733E-01
14.99 	 .4158921E-01
15.0 	 .1690926E-01
15.01 	 -.8660291E-02
15.02 	 -.3432006E-01
15.03 	 -.5927886E-01
15.04 	 -.8349547E-01
15.05 	 -.1069883E+00
15.06 	 -.1292819E+00
15.07 	 -.1501788E+00
15.08 	 -.1700260E+00
15.09 	 -.1892133E+00
15.1 	 -.2076355E+00
15.11 	 -.2244659E+00
15.12 	 -.2384143E+00
15.13 	 -.2484080E+00
15.14 	 -.2543583E+00
15.15 	 -.2569259E+00
15.16 	 -.2566735E+00
15.17 	 -.2543074E+00
15.18 	 -.2512404E+00
15.19 	 -.2490225E+00
15.2 	 -.2487730E+00
15.21 	 -.2510016E+00
15.22 	 -.2556799E+00
15.23 	 -.2625094E+00
15.24 	 -.2712497E+00
15.25 	 -.2823152E+00
15.26 	 -.2966700E+00
15.27 	 -.3152783E+00
15.28 	 -.3385698E+00
15.29 	 -.3661205E+00
15.3 	 -.3970621E+00
15.31 	 -.4304517E+00
15.32 	 -.4653336E+00
15.33 	 -.5008418E+00
15.34 	 -.5361507E+00
15.35 	 -.5704720E+00
15.36 	 -.6032432E+00
15.37 	 -.6340136E+00
15.38 	 -.6620815E+00
15.39 	 -.6867566E+00
15.4 	 -.7079781E+00
15.41 	 -.7259873E+00
15.42 	 -.7406245E+00
15.43 	 -.7512784E+00
15.44 	 -.7574481E+00
15.45 	 -.7593075E+00
15.46 	 -.7574708E+00
15.47 	 -.7525871E+00
15.48 	 -.7449611E+00
15.49 	 -.7342136E+00
15.5 	 -.7200347E+00
15.51 	 -.7027687E+00
15.52 	 -.6829465E+00
15.53 	 -.6609012E+00
15.54 	 -.6368331E+00
15.55 	 -.6109472E+00
15.56 	 -.5834785E+00
15.57 	 -.5548674E+00
15.58 	 -.5254866E+00
15.59 	 -.4951806E+00
15.6 	 -.4636134E+00
15.61 	 -.4306073E+00
15.62 	 -.3959154E+00
15.63 	 -.3592263E+00
15.64 	 -.3204373E+00
15.65 	 -.2794236E+00
15.66 	 -.2358836E+00
15.67 	 -.1897522E+00
15.68 	 -.1413269E+00
15.69 	 -.9125415E-01
15.7 	 -.4057276E-01
15.71 	 .9595840E-02
15.72 	 .5836785E-01
15.73 	 .1052236E+00
15.74 	 .1498557E+00
15.75 	 .1918341E+00
15.76 	 .2307118E+00
15.77 	 .2662123E+00
15.78 	 .2980644E+00
15.79 	 .3260970E+00
15.8 	 .3501675E+00
15.81 	 .3700351E+00
15.82 	 .3856768E+00
15.83 	 .3971067E+00
15.84 	 .4043294E+00
15.85 	 .4077527E+00
15.86 	 .4079648E+00
15.87 	 .4056744E+00
15.88 	 .4019663E+00
15.89 	 .3979268E+00
15.9 	 .3941839E+00
15.91 	 .3909927E+00
15.92 	 .3884868E+00
15.93 	 .3867157E+00
15.94 	 .3856506E+00
15.95 	 .3853535E+00
15.96 	 .3860708E+00
15.97 	 .3878559E+00
15.98 	 .3905744E+00
15.99 	 .3943125E+00
16.0 	 .3993736E+00
16.01 	 .4061109E+00
16.02 	 .4149135E+00
16.03 	 .4264562E+00
16.04 	 .4414128E+00
16.05 	 .4600033E+00
16.06 	 .4820221E+00
16.07 	 .5068723E+00
16.08 	 .5338319E+00
16.09 	 .5623455E+00
16.1 	 .5917764E+00
16.11 	 .6214221E+00
16.12 	 .6508003E+00
16.13 	 .6794067E+00
16.14 	 .7065035E+00
16.15 	 .7310522E+00
16.16 	 .7516003E+00
16.17 	 .7665266E+00
16.18 	 .7745678E+00
16.19 	 .7752009E+00
16.2 	 .7687527E+00
16.21 	 .7561149E+00
16.22 	 .7381764E+00
16.23 	 .7156389E+00
16.24 	 .6892541E+00
16.25 	 .6597598E+00
16.26 	 .6277199E+00
16.27 	 .5937544E+00
16.28 	 .5586610E+00
16.29 	 .5232153E+00
16.3 	 .4880231E+00
16.31 	 .4536463E+00
16.32 	 .4207467E+00
16.33 	 .3899144E+00
16.34 	 .3612935E+00
16.35 	 .3345807E+00
16.36 	 .3094967E+00
16.37 	 .2857926E+00
16.38 	 .2632120E+00
16.39 	 .2418403E+00
16.4 	 .2219384E+00
16.41 	 .2035721E+00
16.42 	 .1863861E+00
16.43 	 .1699564E+00
16.44 	 .1543820E+00
16.45 	 .1397906E+00
16.46 	 .1256676E+00
16.47 	 .1109923E+00
16.48 	 .9484460E-01
16.49 	 .7689321E-01
16.5 	 .5696135E-01
16.51 	 .3462068E-01
16.52 	 .9604465E-02
16.53 	 -.1787927E-01
16.54 	 -.4717596E-01
16.55 	 -.7737390E-01
16.56 	 -.1076051E+00
16.57 	 -.1372914E+00
16.58 	 -.1659040E+00
16.59 	 -.1926397E+00
16.6 	 -.2166565E+00
16.61 	 -.2374734E+00
16.62 	 -.2551206E+00
16.63 	 -.2701551E+00
16.64 	 -.2833203E+00
16.65 	 -.2949482E+00
16.66 	 -.3049968E+00
16.67 	 -.3134146E+00
16.68 	 -.3200600E+00
16.69 	 -.3246817E+00
16.7 	 -.3274366E+00
16.71 	 -.3292838E+00
16.72 	 -.3317016E+00
16.73 	 -.3359481E+00
16.74 	 -.3427673E+00
16.75 	 -.3524968E+00
16.76 	 -.3649149E+00
16.77 	 -.3793767E+00
16.78 	 -.3949695E+00
16.79 	 -.4104424E+00
16.8 	 -.4246992E+00
16.81 	 -.4370223E+00
16.82 	 -.4467597E+00
16.83 	 -.4532625E+00
16.84 	 -.4560204E+00
16.85 	 -.4548083E+00
16.86 	 -.4495683E+00
16.87 	 -.4404608E+00
16.88 	 -.4276444E+00
16.89 	 -.4107402E+00
16.9 	 -.3891500E+00
16.91 	 -.3627184E+00
16.92 	 -.3320935E+00
16.93 	 -.2985566E+00
16.94 	 -.2634954E+00
16.95 	 -.2281525E+00
16.96 	 -.1936358E+00
16.97 	 -.1610555E+00
16.98 	 -.1313038E+00
16.99 	 -.1047379E+00
17.0 	 -.8136182E-01
17.01 	 -.6109402E-01
17.02 	 -.4387651E-01
17.03 	 -.2955739E-01
17.04 	 -.1788083E-01
17.05 	 -.8466875E-02
17.06 	 -.7751777E-03
17.07 	 .5581906E-02
17.08 	 .1093401E-01
17.09 	 .1570749E-01
17.1 	 .2006004E-01
17.11 	 .2390388E-01
17.12 	 .2726989E-01
17.13 	 .3030399E-01
17.14 	 .3306998E-01
17.15 	 .3556848E-01
17.16 	 .3782977E-01
17.17 	 .3969315E-01
17.18 	 .4086517E-01
17.19 	 .4133213E-01
17.2 	 .4145458E-01
17.21 	 .4177917E-01
17.22 	 .4264893E-01
17.23 	 .4421950E-01
17.24 	 .4657036E-01
17.25 	 .4945730E-01
17.26 	 .5239456E-01
17.27 	 .5485187E-01
17.28 	 .5643171E-01
17.29 	 .5722836E-01
17.3 	 .5793242E-01
17.31 	 .5951418E-01
17.32 	 .6288154E-01
17.33 	 .6845494E-01
17.34 	 .7597847E-01
17.35 	 .8509677E-01
17.36 	 .9562173E-01
17.37 	 .1072021E+00
17.38 	 .1193898E+00
17.39 	 .1317517E+00
17.4 	 .1437886E+00
17.41 	 .1552002E+00
17.42 	 .1660396E+00
17.43 	 .1764180E+00
17.44 	 .1862706E+00
17.45 	 .1952951E+00
17.46 	 .2030812E+00
17.47 	 .2095091E+00
17.48 	 .2151093E+00
17.49 	 .2206463E+00
17.5 	 .2262377E+00
17.51 	 .2313634E+00
17.52 	 .2353948E+00
17.53 	 .2379696E+00
17.54 	 .2390690E+00
17.55 	 .2387084E+00
17.56 	 .2368785E+00
17.57 	 .2336220E+00
17.58 	 .2290461E+00
17.59 	 .2234130E+00
17.6 	 .2170517E+00
17.61 	 .2100446E+00
17.62 	 .2022529E+00
17.63 	 .1935499E+00
17.64 	 .1837568E+00
17.65 	 .1727522E+00
17.66 	 .1603983E+00
17.67 	 .1461588E+00
17.68 	 .1294605E+00
17.69 	 .1101825E+00
17.7 	 .8845552E-01
17.71 	 .6451997E-01
17.72 	 .3860435E-01
17.73 	 .1102008E-01
17.74 	 -.1752507E-01
17.75 	 -.4625891E-01
17.76 	 -.7468478E-01
17.77 	 -.1026222E+00
17.78 	 -.1301687E+00
17.79 	 -.1575475E+00
17.8 	 -.1851457E+00
17.81 	 -.2135676E+00
17.82 	 -.2434734E+00
17.83 	 -.2754543E+00
17.84 	 -.3099054E+00
17.85 	 -.3468612E+00
17.86 	 -.3860142E+00
17.87 	 -.4268219E+00
17.88 	 -.4686052E+00
17.89 	 -.5105901E+00
17.9 	 -.5519654E+00
17.91 	 -.5920671E+00
17.92 	 -.6306061E+00
17.93 	 -.6675278E+00
17.94 	 -.7027413E+00
17.95 	 -.7361693E+00
17.96 	 -.7677497E+00
17.97 	 -.7974150E+00
17.98 	 -.8248014E+00
17.99 	 -.8491213E+00
18.0 	 -.8697512E+00
18.01 	 -.8864953E+00
18.02 	 -.8993474E+00
18.03 	 -.9083525E+00
18.04 	 -.9135931E+00
18.05 	 -.9152866E+00
18.06 	 -.9140172E+00
18.07 	 -.9105030E+00
18.08 	 -.9049971E+00
18.09 	 -.8971710E+00
18.1 	 -.8865790E+00
18.11 	 -.8731739E+00
18.12 	 -.8573031E+00
18.13 	 -.8393336E+00
18.14 	 -.8194287E+00
18.15 	 -.7974223E+00
18.16 	 -.7728269E+00
18.17 	 -.7452780E+00
18.18 	 -.7144089E+00
18.19 	 -.6795120E+00
18.2 	 -.6400851E+00
18.21 	 -.5961492E+00
18.22 	 -.5481131E+00
18.23 	 -.4966816E+00
18.24 	 -.4427547E+00
18.25 	 -.3872281E+00
18.26 	 -.3306287E+00
18.27 	 -.2731504E+00
18.28 	 -.2150213E+00
18.29 	 -.1566818E+00
18.3 	 -.9894877E-01
18.31 	 -.4274078E-01
18.32 	 .1147528E-01
18.33 	 .6353717E-01
18.34 	 .1132016E+00
18.35 	 .1603357E+00
18.36 	 .2051316E+00
18.37 	 .2477431E+00
18.38 	 .2882184E+00
18.39 	 .3266280E+00
18.4 	 .3628407E+00
18.41 	 .3965225E+00
18.42 	 .4272719E+00
18.43 	 .4548129E+00
18.44 	 .4789690E+00
18.45 	 .4995947E+00
18.46 	 .5167396E+00
18.47 	 .5304790E+00
18.48 	 .5409565E+00
18.49 	 .5487127E+00
18.5 	 .5543502E+00
18.51 	 .5579834E+00
18.52 	 .5594127E+00
18.53 	 .5586199E+00
18.54 	 .5561224E+00
18.55 	 .5529810E+00
18.56 	 .5502722E+00
18.57 	 .5485298E+00
18.58 	 .5476691E+00
18.59 	 .5473967E+00
18.6 	 .5474257E+00
18.61 	 .5474577E+00
18.62 	 .5473677E+00
18.63 	 .5471251E+00
18.64 	 .5466559E+00
18.65 	 .5458589E+00
18.66 	 .5443974E+00
18.67 	 .5416213E+00
18.68 	 .5370493E+00
18.69 	 .5307394E+00
18.7 	 .5229596E+00
18.71 	 .5138162E+00
18.72 	 .5033556E+00
18.73 	 .4919994E+00
18.74 	 .4803314E+00
18.75 	 .4686181E+00
18.76 	 .4571320E+00
18.77 	 .4464120E+00
18.78 	 .4371235E+00
18.79 	 .4298651E+00
18.8 	 .4247863E+00
18.81 	 .4213448E+00
18.82 	 .4185664E+00
18.83 	 .4153236E+00
18.84 	 .4105501E+00
18.85 	 .4034172E+00
18.86 	 .3934079E+00
18.87 	 .3805047E+00
18.88 	 .3653128E+00
18.89 	 .3489682E+00
18.9 	 .3326912E+00
18.91 	 .3173304E+00
18.92 	 .3031102E+00
18.93 	 .2896671E+00
18.94 	 .2764969E+00
18.95 	 .2632744E+00
18.96 	 .2499198E+00
18.97 	 .2364394E+00
18.98 	 .2226957E+00
18.99 	 .2084091E+00
19.0 	 .1931562E+00
19.01 	 .1764213E+00
19.02 	 .1578319E+00
19.03 	 .1373352E+00
19.04 	 .1152116E+00
19.05 	 .9198399E-01
19.06 	 .6824259E-01
19.07 	 .4433959E-01
19.08 	 .2045290E-01
19.09 	 -.3064445E-02
19.1 	 -.2574980E-01
19.11 	 -.4711572E-01
19.12 	 -.6680837E-01
19.13 	 -.8472553E-01
19.14 	 -.1008411E+00
19.15 	 -.1152393E+00
19.16 	 -.1281236E+00
19.17 	 -.1398842E+00
19.18 	 -.1508281E+00
19.19 	 -.1605802E+00
19.2 	 -.1684258E+00
19.21 	 -.1738435E+00
19.22 	 -.1765145E+00
19.23 	 -.1763522E+00
19.24 	 -.1733675E+00
19.25 	 -.1675506E+00
19.26 	 -.1589286E+00
19.27 	 -.1477896E+00
19.28 	 -.1348882E+00
19.29 	 -.1211378E+00
19.3 	 -.1074792E+00
19.31 	 -.9500927E-01
19.32 	 -.8450706E-01
19.33 	 -.7610039E-01
19.34 	 -.6960432E-01
19.35 	 -.6473975E-01
19.36 	 -.6119132E-01
19.37 	 -.5866883E-01
19.38 	 -.5683603E-01
19.39 	 -.5539010E-01
19.4 	 -.5434844E-01
19.41 	 -.5384837E-01
19.42 	 -.5379469E-01
19.43 	 -.5404168E-01
19.44 	 -.5450574E-01
19.45 	 -.5527729E-01
19.46 	 -.5678457E-01
19.47 	 -.5959915E-01
19.48 	 -.6395916E-01
19.49 	 -.6941006E-01
19.5 	 -.7524418E-01
19.51 	 -.8104767E-01
19.52 	 -.8661041E-01
19.53 	 -.9188201E-01
19.54 	 -.9695877E-01
19.55 	 -.1019004E+00
19.56 	 -.1065661E+00
19.57 	 -.1107541E+00
19.58 	 -.1144622E+00
19.59 	 -.1177796E+00
19.6 	 -.1208688E+00
19.61 	 -.1241366E+00
19.62 	 -.1281264E+00
19.63 	 -.1331878E+00
19.64 	 -.1395063E+00
19.65 	 -.1473742E+00
19.66 	 -.1570778E+00
19.67 	 -.1687443E+00
19.68 	 -.1822245E+00
19.69 	 -.1969784E+00
19.7 	 -.2124426E+00
19.71 	 -.2283867E+00
19.72 	 -.2449285E+00
19.73 	 -.2621590E+00
19.74 	 -.2796014E+00
19.75 	 -.2963840E+00
19.76 	 -.3117532E+00
19.77 	 -.3252900E+00
19.78 	 -.3366169E+00
19.79 	 -.3450604E+00
19.8 	 -.3501380E+00
19.81 	 -.3519725E+00
19.82 	 -.3510878E+00
19.83 	 -.3481988E+00
19.84 	 -.3440693E+00
19.85 	 -.3393811E+00
19.86 	 -.3346244E+00
19.87 	 -.3304052E+00
19.88 	 -.3274134E+00
19.89 	 -.3257875E+00
19.9 	 -.3251018E+00
19.91 	 -.3247910E+00
19.92 	 -.3245242E+00
19.93 	 -.3243207E+00
19.94 	 -.3243023E+00
19.95 	 -.3242755E+00
19.96 	 -.3237573E+00
19.97 	 -.3223835E+00
19.98 	 -.3198386E+00
19.99 	 -.3156907E+00
20.0 	 -.3096515E+00
20.01 	 -.3016977E+00
20.02 	 -.2918930E+00
20.03 	 -.2804463E+00
20.04 	 -.2675116E+00
20.05 	 -.2528939E+00
20.06 	 -.2363941E+00
20.07 	 -.2180400E+00
20.08 	 -.1980627E+00
20.09 	 -.1768365E+00
20.1 	 -.1547577E+00
20.11 	 -.1323041E+00
20.12 	 -.1099837E+00
20.13 	 -.8827286E-01
20.14 	 -.6778964E-01
20.15 	 -.4914279E-01
20.16 	 -.3276806E-01
20.17 	 -.1921181E-01
20.18 	 -.8958814E-02
20.19 	 -.1997161E-02
20.2 	 .1907765E-02
20.21 	 .2855172E-02
20.22 	 .8238529E-03
20.23 	 -.4141193E-02
20.24 	 -.1175514E-01
20.25 	 -.2160944E-01
20.26 	 -.3334337E-01
20.27 	 -.4680171E-01
20.28 	 -.6193357E-01
20.29 	 -.7846050E-01
20.3 	 -.9587877E-01
20.31 	 -.1135580E+00
20.32 	 -.1306592E+00
20.33 	 -.1462981E+00
20.34 	 -.1599763E+00
20.35 	 -.1714794E+00
20.36 	 -.1806168E+00
20.37 	 -.1872800E+00
20.38 	 -.1913840E+00
20.39 	 -.1929826E+00
20.4 	 -.1923662E+00
20.41 	 -.1897067E+00
20.42 	 -.1849449E+00
20.43 	 -.1780343E+00
20.44 	 -.1689220E+00
20.45 	 -.1575061E+00
20.46 	 -.1436794E+00
20.47 	 -.1275651E+00
20.48 	 -.1096693E+00
20.49 	 -.9041659E-01
20.5 	 -.7002709E-01
20.51 	 -.4880583E-01
20.52 	 -.2701585E-01
20.53 	 -.4687041E-02
20.54 	 .1816998E-01
20.55 	 .4139928E-01
20.56 	 .6484576E-01
20.57 	 .8842779E-01
20.58 	 .1122512E+00
20.59 	 .1365611E+00
20.6 	 .1613369E+00
20.61 	 .1863120E+00
20.62 	 .2113251E+00
20.63 	 .2361449E+00
20.64 	 .2603212E+00
20.65 	 .2835697E+00
20.66 	 .3058033E+00
20.67 	 .3266680E+00
20.68 	 .3456932E+00
20.69 	 .3625997E+00
20.7 	 .3769064E+00
20.71 	 .3879773E+00
20.72 	 .3955770E+00
20.73 	 .3998522E+00
20.74 	 .4010199E+00
20.75 	 .3995168E+00
20.76 	 .3960990E+00
20.77 	 .3914756E+00
20.78 	 .3861036E+00
20.79 	 .3803758E+00
20.8 	 .3744788E+00
20.81 	 .3681348E+00
20.82 	 .3610832E+00
20.83 	 .3533688E+00
20.84 	 .3450296E+00
20.85 	 .3359629E+00
20.86 	 .3259352E+00
20.87 	 .3145679E+00
20.88 	 .3016475E+00
20.89 	 .2875785E+00
20.9 	 .2732261E+00
20.91 	 .2594464E+00
20.92 	 .2467138E+00
20.93 	 .2351090E+00
20.94 	 .2247656E+00
20.95 	 .2158953E+00
20.96 	 .2084442E+00
20.97 	 .2020822E+00
20.98 	 .1966152E+00
20.99 	 .1920460E+00
21.0 	 .1881921E+00
21.01 	 .1846976E+00
21.02 	 .1810636E+00
21.03 	 .1766065E+00
21.04 	 .1706937E+00
21.05 	 .1629930E+00
21.06 	 .1535346E+00
21.07 	 .1424481E+00
21.08 	 .1298788E+00
21.09 	 .1162241E+00
21.1 	 .1020075E+00
21.11 	 .8778278E-01
21.12 	 .7425252E-01
21.13 	 .6210661E-01
21.14 	 .5170988E-01
21.15 	 .4306014E-01
21.16 	 .3612476E-01
21.17 	 .3088296E-01
21.18 	 .2723320E-01
21.19 	 .2512698E-01
21.2 	 .2451299E-01
21.21 	 .2528732E-01
21.22 	 .2735355E-01
21.23 	 .3061036E-01
21.24 	 .3485324E-01
21.25 	 .3968692E-01
21.26 	 .4453415E-01
21.27 	 .4884146E-01
21.28 	 .5228061E-01
21.29 	 .5485289E-01
21.3 	 .5673223E-01
21.31 	 .5777669E-01
21.32 	 .5747092E-01
21.33 	 .5527546E-01
21.34 	 .5081287E-01
21.35 	 .4400302E-01
21.36 	 .3529036E-01
21.37 	 .2540128E-01
21.38 	 .1501503E-01
21.39 	 .4691388E-02
21.4 	 -.5318836E-02
21.41 	 -.1492993E-01
21.42 	 -.2408130E-01
21.43 	 -.3283355E-01
21.44 	 -.4128139E-01
21.45 	 -.4927311E-01
21.46 	 -.5640407E-01
21.47 	 -.6232734E-01
21.48 	 -.6671628E-01
21.49 	 -.6915996E-01
21.5 	 -.6950106E-01
21.51 	 -.6810331E-01
21.52 	 -.6555930E-01
21.53 	 -.6231198E-01
21.54 	 -.5870678E-01
21.55 	 -.5526967E-01
21.56 	 -.5266302E-01
21.57 	 -.5137179E-01
21.58 	 -.5142869E-01
21.59 	 -.5242268E-01
21.6 	 -.5396831E-01
21.61 	 -.5602059E-01
21.62 	 -.5867363E-01
21.63 	 -.6178532E-01
21.64 	 -.6486781E-01
21.65 	 -.6724162E-01
21.66 	 -.6822559E-01
21.67 	 -.6755909E-01
21.68 	 -.6539394E-01
21.69 	 -.6183185E-01
21.7 	 -.5710006E-01
21.71 	 -.5191405E-01
21.72 	 -.4711030E-01
21.73 	 -.4302467E-01
21.74 	 -.3963885E-01
21.75 	 -.3688513E-01
21.76 	 -.3467372E-01
21.77 	 -.3304512E-01
21.78 	 -.3202203E-01
21.79 	 -.3138104E-01
21.8 	 -.3083972E-01
21.81 	 -.3037876E-01
21.82 	 -.3033951E-01
21.83 	 -.3120653E-01
21.84 	 -.3320544E-01
21.85 	 -.3617833E-01
21.86 	 -.3989828E-01
21.87 	 -.4426167E-01
21.88 	 -.4918881E-01
21.89 	 -.5456808E-01
21.9 	 -.6023197E-01
21.91 	 -.6595856E-01
21.92 	 -.7168724E-01
21.93 	 -.7760534E-01
21.94 	 -.8389599E-01
21.95 	 -.9054217E-01
21.96 	 -.9727587E-01
21.97 	 -.1038141E+00
21.98 	 -.1099646E+00
21.99 	 -.1153682E+00
22.0 	 -.1196521E+00
22.01 	 -.1227435E+00
22.02 	 -.1247795E+00
22.03 	 -.1257644E+00
22.04 	 -.1254294E+00
22.05 	 -.1233012E+00
22.06 	 -.1189033E+00
22.07 	 -.1121753E+00
22.08 	 -.1033792E+00
22.09 	 -.9269051E-01
22.1 	 -.8017008E-01
22.11 	 -.6598322E-01
22.12 	 -.5053477E-01
22.13 	 -.3433529E-01
22.14 	 -.1792855E-01
22.15 	 -.1733392E-02
22.16 	 .1413537E-01
22.17 	 .2948911E-01
22.18 	 .4390008E-01
22.19 	 .5711494E-01
22.2 	 .6904280E-01
22.21 	 .7952081E-01
22.22 	 .8845168E-01
22.23 	 .9580980E-01
22.24 	 .1014116E+00
22.25 	 .1050538E+00
22.26 	 .1067676E+00
22.27 	 .1067202E+00
22.28 	 .1051455E+00
22.29 	 .1024148E+00
22.3 	 .9898263E-01
22.31 	 .9518269E-01
22.32 	 .9114532E-01
22.33 	 .8689162E-01
22.34 	 .8224327E-01
22.35 	 .7682533E-01
22.36 	 .7036246E-01
22.37 	 .6277325E-01
22.38 	 .5421102E-01
22.39 	 .4507691E-01
22.4 	 .3571836E-01
22.41 	 .2625037E-01
22.42 	 .1668095E-01
22.43 	 .7014084E-02
22.44 	 -.2754817E-02
22.45 	 -.1256895E-01
22.46 	 -.2230601E-01
22.47 	 -.3197460E-01
22.48 	 -.4158302E-01
22.49 	 -.5108546E-01
22.5 	 -.6071286E-01
22.51 	 -.7078015E-01
22.52 	 -.8138484E-01
22.53 	 -.9257635E-01
22.54 	 -.1042609E+00
22.55 	 -.1160282E+00
22.56 	 -.1274986E+00
22.57 	 -.1385323E+00
22.58 	 -.1490575E+00
22.59 	 -.1589758E+00
22.6 	 -.1681765E+00
22.61 	 -.1765273E+00
22.62 	 -.1839102E+00
22.63 	 -.1904435E+00
22.64 	 -.1964143E+00
22.65 	 -.2020276E+00
22.66 	 -.2074064E+00
22.67 	 -.2126405E+00
22.68 	 -.2178490E+00
22.69 	 -.2230736E+00
22.7 	 -.2282844E+00
22.71 	 -.2334618E+00
22.72 	 -.2384820E+00
22.73 	 -.2431126E+00
22.74 	 -.2471477E+00
22.75 	 -.2506650E+00
22.76 	 -.2540308E+00
22.77 	 -.2576676E+00
22.78 	 -.2618750E+00
22.79 	 -.2665424E+00
22.8 	 -.2712574E+00
22.81 	 -.2757842E+00
22.82 	 -.2802364E+00
22.83 	 -.2848818E+00
22.84 	 -.2897564E+00
22.85 	 -.2945060E+00
22.86 	 -.2985075E+00
22.87 	 -.3010779E+00
22.88 	 -.3016340E+00
22.89 	 -.2997088E+00
22.9 	 -.2949604E+00
22.91 	 -.2872829E+00
22.92 	 -.2769635E+00
22.93 	 -.2646152E+00
22.94 	 -.2509532E+00
22.95 	 -.2365639E+00
22.96 	 -.2219231E+00
22.97 	 -.2075368E+00
22.98 	 -.1934974E+00
22.99 	 -.1794626E+00
23.0 	 -.1653015E+00
23.01 	 -.1510431E+00
23.02 	 -.1365994E+00
23.03 	 -.1218445E+00
23.04 	 -.1065600E+00
23.05 	 -.9038752E-01
23.06 	 -.7306051E-01
23.07 	 -.5437406E-01
23.08 	 -.3397244E-01
23.09 	 -.1155031E-01
23.1 	 .1293634E-01
23.11 	 .3940849E-01
23.12 	 .6769412E-01
23.13 	 .9736269E-01
23.14 	 .1279404E+00
23.15 	 .1592799E+00
23.16 	 .1912421E+00
23.17 	 .2233536E+00
23.18 	 .2552453E+00
23.19 	 .2868185E+00
23.2 	 .3177661E+00
23.21 	 .3475242E+00
23.22 	 .3756231E+00
23.23 	 .4019372E+00
23.24 	 .4266103E+00
23.25 	 .4496897E+00
23.26 	 .4709224E+00
23.27 	 .4899608E+00
23.28 	 .5068068E+00
23.29 	 .5217315E+00
23.3 	 .5348991E+00
23.31 	 .5465106E+00
23.32 	 .5568989E+00
23.33 	 .5663600E+00
23.34 	 .5752358E+00
23.35 	 .5840264E+00
23.36 	 .5931467E+00
23.37 	 .6025327E+00
23.38 	 .6119340E+00
23.39 	 .6213047E+00
23.4 	 .6305283E+00
23.41 	 .6393783E+00
23.42 	 .6475473E+00
23.43 	 .6547393E+00
23.44 	 .6608221E+00
23.45 	 .6656316E+00
23.46 	 .6688771E+00
23.47 	 .6699862E+00
23.48 	 .6684885E+00
23.49 	 .6645217E+00
23.5 	 .6584544E+00
23.51 	 .6506252E+00
23.52 	 .6413322E+00
23.53 	 .6307200E+00
23.54 	 .6187818E+00
23.55 	 .6053925E+00
23.56 	 .5903224E+00
23.57 	 .5732522E+00
23.58 	 .5538303E+00
23.59 	 .5319677E+00
23.6 	 .5077176E+00
23.61 	 .4810177E+00
23.62 	 .4519739E+00
23.63 	 .4208495E+00
23.64 	 .3879656E+00
23.65 	 .3538113E+00
23.66 	 .3189014E+00
23.67 	 .2835472E+00
23.68 	 .2479838E+00
23.69 	 .2126200E+00
23.7 	 .1779011E+00
23.71 	 .1439922E+00
23.72 	 .1107440E+00
23.73 	 .7800093E-01
23.74 	 .4574568E-01
23.75 	 .1401819E-01
23.76 	 -.1711492E-01
23.77 	 -.4771275E-01
23.78 	 -.7805155E-01
23.79 	 -.1083440E+00
23.8 	 -.1386732E+00
23.81 	 -.1690760E+00
23.82 	 -.1994418E+00
23.83 	 -.2297042E+00
23.84 	 -.2597676E+00
23.85 	 -.2892946E+00
23.86 	 -.3180161E+00
23.87 	 -.3458642E+00
23.88 	 -.3727223E+00
23.89 	 -.3982758E+00
23.9 	 -.4222249E+00
23.91 	 -.4444503E+00
23.92 	 -.4648417E+00
23.93 	 -.4832000E+00
23.94 	 -.4993374E+00
23.95 	 -.5131200E+00
23.96 	 -.5245682E+00
23.97 	 -.5340457E+00
23.98 	 -.5418784E+00
23.99 	 -.5479860E+00
24.0 	 -.5522535E+00
24.01 	 -.5545538E+00
24.02 	 -.5545374E+00
24.03 	 -.5517913E+00
24.04 	 -.5458944E+00
24.05 	 -.5365941E+00
24.06 	 -.5240403E+00
24.07 	 -.5086403E+00
24.08 	 -.4907074E+00
24.09 	 -.4704150E+00
24.1 	 -.4480820E+00
24.11 	 -.4242647E+00
24.12 	 -.3995106E+00
24.13 	 -.3741135E+00
24.14 	 -.3481784E+00
24.15 	 -.3216882E+00
24.16 	 -.2945860E+00
24.17 	 -.2671013E+00
24.18 	 -.2395059E+00
24.19 	 -.2116962E+00
24.2 	 -.1836389E+00
24.21 	 -.1555189E+00
24.22 	 -.1274633E+00
24.23 	 -.9959695E-01
24.24 	 -.7204186E-01
24.25 	 -.4488101E-01
24.26 	 -.1811319E-01
24.27 	 .8179592E-02
24.28 	 .3371830E-01
24.29 	 .5836603E-01
24.3 	 .8206968E-01
24.31 	 .1046260E+00
24.32 	 .1259115E+00
24.33 	 .1459982E+00
24.34 	 .1651554E+00
24.35 	 .1837384E+00
24.36 	 .2019227E+00
24.37 	 .2195624E+00
24.38 	 .2363584E+00
24.39 	 .2522474E+00
24.4 	 .2672336E+00
24.41 	 .2811618E+00
24.42 	 .2938714E+00
24.43 	 .3052763E+00
24.44 	 .3154123E+00
24.45 	 .3243033E+00
24.46 	 .3319629E+00
24.47 	 .3384529E+00
24.48 	 .3438355E+00
24.49 	 .3483688E+00
24.5 	 .3523777E+00
24.51 	 .3558987E+00
24.52 	 .3587460E+00
24.53 	 .3605915E+00
24.54 	 .3610424E+00
24.55 	 .3598544E+00
24.56 	 .3567850E+00
24.57 	 .3515046E+00
24.58 	 .3438126E+00
24.59 	 .3337339E+00
24.6 	 .3213758E+00
24.61 	 .3069400E+00
24.62 	 .2907667E+00
24.63 	 .2730936E+00
24.64 	 .2541944E+00
24.65 	 .2345081E+00
24.66 	 .2144682E+00
24.67 	 .1943103E+00
24.68 	 .1740815E+00
24.69 	 .1539259E+00
24.7 	 .1340311E+00
24.71 	 .1143598E+00
24.72 	 .9472060E-01
24.73 	 .7505009E-01
24.74 	 .5532073E-01
24.75 	 .3547193E-01
24.76 	 .1559410E-01
24.77 	 -.4174538E-02
24.78 	 -.2376678E-01
24.79 	 -.4307540E-01
24.8 	 -.6201939E-01
24.81 	 -.8066496E-01
24.82 	 -.9908220E-01
24.83 	 -.1172534E+00
24.84 	 -.1350461E+00
24.85 	 -.1521728E+00
24.86 	 -.1684019E+00
24.87 	 -.1838441E+00
24.88 	 -.1986098E+00
24.89 	 -.2126251E+00
24.9 	 -.2259370E+00
24.91 	 -.2385369E+00
24.92 	 -.2502944E+00
24.93 	 -.2610570E+00
24.94 	 -.2706179E+00
24.95 	 -.2788277E+00
24.96 	 -.2858387E+00
24.97 	 -.2921472E+00
24.98 	 -.2980964E+00
24.99 	 -.3036282E+00
25.0 	 -.3085470E+00
25.01 	 -.3125583E+00
25.02 	 -.3152929E+00
25.03 	 -.3165414E+00
25.04 	 -.3163006E+00
25.05 	 -.3146523E+00
25.06 	 -.3116710E+00
25.07 	 -.3074963E+00
25.08 	 -.3023249E+00
25.09 	 -.2961990E+00
25.1 	 -.2890874E+00
25.11 	 -.2810972E+00
25.12 	 -.2724374E+00
25.13 	 -.2633417E+00
25.14 	 -.2540503E+00
25.15 	 -.2447064E+00
25.16 	 -.2352647E+00
25.17 	 -.2257292E+00
25.18 	 -.2162358E+00
25.19 	 -.2066649E+00
25.2 	 -.1966891E+00
25.21 	 -.1861103E+00
25.22 	 -.1748893E+00
25.23 	 -.1630415E+00
25.24 	 -.1504358E+00
25.25 	 -.1368171E+00
25.26 	 -.1220783E+00
25.27 	 -.1063847E+00
25.28 	 -.9000565E-01
25.29 	 -.7305423E-01
25.3 	 -.5561954E-01
25.31 	 -.3810971E-01
25.32 	 -.2103131E-01
25.33 	 -.4690650E-02
25.34 	 .1071754E-01
25.35 	 .2516108E-01
25.36 	 .3879307E-01
25.37 	 .5172764E-01
25.38 	 .6398149E-01
25.39 	 .7561214E-01
25.4 	 .8662679E-01
25.41 	 .9695304E-01
25.42 	 .1066457E+00
25.43 	 .1158921E+00
25.44 	 .1247504E+00
25.45 	 .1331238E+00
25.46 	 .1409577E+00
25.47 	 .1482951E+00
25.48 	 .1553765E+00
25.49 	 .1625404E+00
25.5 	 .1698943E+00
25.51 	 .1772849E+00
25.52 	 .1845224E+00
25.53 	 .1913737E+00
25.54 	 .1975157E+00
25.55 	 .2026533E+00
25.56 	 .2065291E+00
25.57 	 .2089529E+00
25.58 	 .2099904E+00
25.59 	 .2099463E+00
25.6 	 .2089968E+00
25.61 	 .2070934E+00
25.62 	 .2042071E+00
25.63 	 .2003750E+00
25.64 	 .1955649E+00
25.65 	 .1898831E+00
25.66 	 .1836782E+00
25.67 	 .1770321E+00
25.68 	 .1698276E+00
25.69 	 .1621526E+00
25.7 	 .1540873E+00
25.71 	 .1455887E+00
25.72 	 .1367672E+00
25.73 	 .1279556E+00
25.74 	 .1194570E+00
25.75 	 .1115220E+00
25.76 	 .1044099E+00
25.77 	 .9820964E-01
25.78 	 .9279968E-01
25.79 	 .8809409E-01
25.8 	 .8401566E-01
25.81 	 .8031117E-01
25.82 	 .7667438E-01
25.83 	 .7300371E-01
25.84 	 .6943646E-01
25.85 	 .6616896E-01
25.86 	 .6334714E-01
25.87 	 .6083799E-01
25.88 	 .5837428E-01
25.89 	 .5592581E-01
25.9 	 .5359501E-01
25.91 	 .5149979E-01
25.92 	 .4971737E-01
25.93 	 .4834426E-01
25.94 	 .4734187E-01
25.95 	 .4639466E-01
25.96 	 .4521651E-01
25.97 	 .4354020E-01
25.98 	 .4122091E-01
25.99 	 .3839058E-01
26.0 	 .3518681E-01
26.01 	 .3170342E-01
26.02 	 .2800623E-01
26.03 	 .2409735E-01
26.04 	 .2006749E-01
26.05 	 .1611567E-01
26.06 	 .1241293E-01
26.07 	 .8839451E-02
26.08 	 .5084411E-02
26.09 	 .1078706E-02
26.1 	 -.3175157E-02
26.11 	 -.7791385E-02
26.12 	 -.1289499E-01
26.13 	 -.1863027E-01
26.14 	 -.2505793E-01
26.15 	 -.3201836E-01
26.16 	 -.3914170E-01
26.17 	 -.4617372E-01
26.18 	 -.5320352E-01
26.19 	 -.6038541E-01
26.2 	 -.6788841E-01
26.21 	 -.7600074E-01
26.22 	 -.8497203E-01
26.23 	 -.9490657E-01
26.24 	 -.1059671E+00
26.25 	 -.1183194E+00
26.26 	 -.1318353E+00
26.27 	 -.1464163E+00
26.28 	 -.1619943E+00
26.29 	 -.1780953E+00
26.3 	 -.1940841E+00
26.31 	 -.2094583E+00
26.32 	 -.2238147E+00
26.33 	 -.2369248E+00
26.34 	 -.2486712E+00
26.35 	 -.2589622E+00
26.36 	 -.2677757E+00
26.37 	 -.2751428E+00
26.38 	 -.2810108E+00
26.39 	 -.2851164E+00
26.4 	 -.2871902E+00
26.41 	 -.2870891E+00
26.42 	 -.2847861E+00
26.43 	 -.2804462E+00
26.44 	 -.2744030E+00
26.45 	 -.2670621E+00
26.46 	 -.2587132E+00
26.47 	 -.2494264E+00
26.48 	 -.2390523E+00
26.49 	 -.2273667E+00
26.5 	 -.2142901E+00
26.51 	 -.1999077E+00
26.52 	 -.1844185E+00
26.53 	 -.1679315E+00
26.54 	 -.1505014E+00
26.55 	 -.1324046E+00
26.56 	 -.1140318E+00
26.57 	 -.9573328E-01
26.58 	 -.7779465E-01
26.59 	 -.6039092E-01
26.6 	 -.4366870E-01
26.61 	 -.2784930E-01
26.62 	 -.1304303E-01
26.63 	 .7972079E-03
26.64 	 .1368143E-01
26.65 	 .2568786E-01
26.66 	 .3692860E-01
26.67 	 .4725795E-01
26.68 	 .5642329E-01
26.69 	 .6441101E-01
26.7 	 .7137264E-01
26.71 	 .7741790E-01
26.72 	 .8255140E-01
26.73 	 .8685965E-01
26.74 	 .9050767E-01
26.75 	 .9346617E-01
26.76 	 .9572125E-01
26.77 	 .9739282E-01
26.78 	 .9851081E-01
26.79 	 .9908791E-01
26.8 	 .9919804E-01
26.81 	 .9886680E-01
26.82 	 .9813612E-01
26.83 	 .9715140E-01
26.84 	 .9609257E-01
26.85 	 .9510496E-01
26.86 	 .9421457E-01
26.87 	 .9322239E-01
26.88 	 .9189540E-01
26.89 	 .9032781E-01
26.9 	 .8876485E-01
26.91 	 .8729344E-01
26.92 	 .8581927E-01
26.93 	 .8415584E-01
26.94 	 .8225283E-01
26.95 	 .8017006E-01
26.96 	 .7795055E-01
26.97 	 .7550458E-01
26.98 	 .7279695E-01
26.99 	 .7010521E-01
27.0 	 .6759891E-01
27.01 	 .6518972E-01
27.02 	 .6284601E-01
27.03 	 .6053991E-01
27.04 	 .5813073E-01
27.05 	 .5563295E-01
27.06 	 .5317434E-01
27.07 	 .5069747E-01
27.08 	 .4798320E-01
27.09 	 .4472560E-01
27.1 	 .4062421E-01
27.11 	 .3566671E-01
27.12 	 .3028531E-01
27.13 	 .2493277E-01
27.14 	 .1969921E-01
27.15 	 .1462472E-01
27.16 	 .9967017E-02
27.17 	 .5934182E-02
27.18 	 .2759913E-02
27.19 	 .8783124E-03
27.2 	 .5989726E-03
27.21 	 .1951339E-02
27.22 	 .4871839E-02
27.23 	 .9376439E-02
27.24 	 .1541911E-01
27.25 	 .2287244E-01
27.26 	 .3164522E-01
27.27 	 .4154869E-01
27.28 	 .5241547E-01
27.29 	 .6431790E-01
27.3 	 .7733384E-01
27.31 	 .9132789E-01
27.32 	 .1060402E+00
27.33 	 .1210427E+00
27.34 	 .1358092E+00
27.35 	 .1499639E+00
27.36 	 .1633284E+00
27.37 	 .1756923E+00
27.38 	 .1867840E+00
27.39 	 .1966220E+00
27.4 	 .2053033E+00
27.41 	 .2126804E+00
27.42 	 .2185749E+00
27.43 	 .2229677E+00
27.44 	 .2259302E+00
27.45 	 .2276018E+00
27.46 	 .2282351E+00
27.47 	 .2279761E+00
27.48 	 .2269686E+00
27.49 	 .2256186E+00
27.5 	 .2241817E+00
27.51 	 .2225119E+00
27.52 	 .2204473E+00
27.53 	 .2179499E+00
27.54 	 .2150054E+00
27.55 	 .2115168E+00
27.56 	 .2073395E+00
27.57 	 .2024530E+00
27.58 	 .1969566E+00
27.59 	 .1910438E+00
27.6 	 .1848834E+00
27.61 	 .1786023E+00
27.62 	 .1723877E+00
27.63 	 .1663910E+00
27.64 	 .1606663E+00
27.65 	 .1553080E+00
27.66 	 .1503835E+00
27.67 	 .1456820E+00
27.68 	 .1409549E+00
27.69 	 .1361908E+00
27.7 	 .1312865E+00
27.71 	 .1258391E+00
27.72 	 .1194678E+00
27.73 	 .1120991E+00
27.74 	 .1037666E+00
27.75 	 .9438869E-01
27.76 	 .8390451E-01
27.77 	 .7231660E-01
27.78 	 .5968561E-01
27.79 	 .4619930E-01
27.8 	 .3201869E-01
27.81 	 .1723253E-01
27.82 	 .2044156E-02
27.83 	 -.1331658E-01
27.84 	 -.2871346E-01
27.85 	 -.4404150E-01
27.86 	 -.5914658E-01
27.87 	 -.7382926E-01
27.88 	 -.8798451E-01
27.89 	 -.1015421E+00
27.9 	 -.1143344E+00
27.91 	 -.1261862E+00
27.92 	 -.1370618E+00
27.93 	 -.1470460E+00
27.94 	 -.1562538E+00
27.95 	 -.1647703E+00
27.96 	 -.1726501E+00
27.97 	 -.1800297E+00
27.98 	 -.1869962E+00
27.99 	 -.1934119E+00
28.0 	 -.1991300E+00
28.01 	 -.2041260E+00
28.02 	 -.2083534E+00
28.03 	 -.2117337E+00
28.04 	 -.2142774E+00
28.05 	 -.2160298E+00
28.06 	 -.2170248E+00
28.07 	 -.2173819E+00
28.08 	 -.2171897E+00
28.09 	 -.2163955E+00
28.1 	 -.2149845E+00
28.11 	 -.2130552E+00
28.12 	 -.2106889E+00
28.13 	 -.2079384E+00
28.14 	 -.2048699E+00
28.15 	 -.2014580E+00
28.16 	 -.1976033E+00
28.17 	 -.1933155E+00
28.18 	 -.1887185E+00
28.19 	 -.1839032E+00
28.2 	 -.1789492E+00
28.21 	 -.1740049E+00
28.22 	 -.1692534E+00
28.23 	 -.1647978E+00
28.24 	 -.1606039E+00
28.25 	 -.1565976E+00
28.26 	 -.1527127E+00
28.27 	 -.1489182E+00
28.28 	 -.1451794E+00
28.29 	 -.1413832E+00
28.3 	 -.1374434E+00
28.31 	 -.1333436E+00
28.32 	 -.1290837E+00
28.33 	 -.1246683E+00
28.34 	 -.1201048E+00
28.35 	 -.1153892E+00
28.36 	 -.1105195E+00
28.37 	 -.1055409E+00
28.38 	 -.1004990E+00
28.39 	 -.9537474E-01
28.4 	 -.9012342E-01
28.41 	 -.8476330E-01
28.42 	 -.7935386E-01
28.43 	 -.7390009E-01
28.44 	 -.6837139E-01
28.45 	 -.6274417E-01
28.46 	 -.5703538E-01
28.47 	 -.5133002E-01
28.48 	 -.4564924E-01
28.49 	 -.3991165E-01
28.5 	 -.3411258E-01
28.51 	 -.2831909E-01
28.52 	 -.2256107E-01
28.53 	 -.1689553E-01
28.54 	 -.1149913E-01
28.55 	 -.6492843E-02
28.56 	 -.1776168E-02
28.57 	 .2748855E-02
28.58 	 .7059708E-02
28.59 	 .1112970E-01
28.6 	 .1493441E-01
28.61 	 .1842266E-01
28.62 	 .2154080E-01
28.63 	 .2426292E-01
28.64 	 .2659520E-01
28.65 	 .2855173E-01
28.66 	 .3012768E-01
28.67 	 .3127774E-01
28.68 	 .3195807E-01
28.69 	 .3218770E-01
28.7 	 .3199753E-01
28.71 	 .3139867E-01
28.72 	 .3041620E-01
28.73 	 .2911738E-01
28.74 	 .2760255E-01
28.75 	 .2593543E-01
28.76 	 .2413867E-01
28.77 	 .2223293E-01
28.78 	 .2023373E-01
28.79 	 .1816707E-01
28.8 	 .1606748E-01
28.81 	 .1394787E-01
28.82 	 .1182005E-01
28.83 	 .9706920E-02
28.84 	 .7631038E-02
28.85 	 .5615896E-02
28.86 	 .3678561E-02
28.87 	 .1825558E-02
28.88 	 .5917752E-04
28.89 	 -.1609561E-02
28.9 	 -.3151121E-02
28.91 	 -.4543469E-02
28.92 	 -.5803716E-02
28.93 	 -.6961038E-02
28.94 	 -.8026236E-02
28.95 	 -.8999494E-02
28.96 	 -.9885086E-02
28.97 	 -.1069882E-01
28.98 	 -.1144456E-01
28.99 	 -.1210536E-01
29.0 	 -.1266970E-01
29.01 	 -.1313292E-01
29.02 	 -.1349136E-01
29.03 	 -.1374449E-01
29.04 	 -.1389025E-01
29.05 	 -.1392839E-01
29.06 	 -.1386968E-01
29.07 	 -.1373448E-01
29.08 	 -.1353763E-01
29.09 	 -.1328039E-01
29.1 	 -.1296416E-01
29.11 	 -.1259792E-01
29.12 	 -.1219070E-01
29.13 	 -.1174915E-01
29.14 	 -.1127931E-01
29.15 	 -.1078359E-01
29.16 	 -.1025974E-01
29.17 	 -.9712825E-02
29.18 	 -.9156015E-02
29.19 	 -.8594836E-02
29.2 	 -.8026505E-02
29.21 	 -.7453646E-02
29.22 	 -.6883686E-02
29.23 	 -.6318824E-02
29.24 	 -.5758255E-02
29.25 	 -.5204298E-02
29.26 	 -.4660436E-02
29.27 	 -.4130353E-02
29.28 	 -.3619622E-02
29.29 	 -.3131909E-02
29.3 	 -.2669765E-02
29.31 	 -.2235984E-02
29.32 	 -.1830468E-02
29.33 	 -.1452383E-02
29.34 	 -.1101279E-02
29.35 	 -.7763694E-03
29.36 	 -.4770497E-03
29.37 	 -.2032259E-03
29.38 	 .4449869E-04
29.39 	 .2663003E-03
29.4 	 .4636280E-03
29.41 	 .6378235E-03
29.42 	 .7891302E-03
29.43 	 .9181459E-03
29.44 	 .1026165E-02
29.45 	 .1113770E-02
29.46 	 .1181966E-02
29.47 	 .1232057E-02
29.48 	 .1265480E-02
29.49 	 .1285203E-02
29.5 	 .1294148E-02
29.51 	 .1293871E-02
29.52 	 .1285677E-02
29.53 	 .1271098E-02
29.54 	 .1251382E-02
29.55 	 .1227658E-02
29.56 	 .1201482E-02
29.57 	 .1174272E-02
29.58 	 .1146870E-02
29.59 	 .1119931E-02
29.6 	 .1094053E-02
29.61 	 .1069366E-02
29.62 	 .1045676E-02
29.63 	 .1022959E-02
29.64 	 .1001176E-02
29.65 	 .9803190E-03
29.66 	 .9604385E-03
29.67 	 .9413163E-03
29.68 	 .9226519E-03
29.69 	 .9043131E-03
29.7 	 .8862471E-03
29.71 	 .8683496E-03
29.72 	 .8504462E-03
29.73 	 .8324312E-03
29.74 	 .8143485E-03
29.75 	 .7963025E-03
29.76 	 .7783808E-03
29.77 	 .7606446E-03
29.78 	 .7431647E-03
29.79 	 .7260340E-03
29.8 	 .7093209E-03
29.81 	 .6930622E-03
29.82 	 .6772965E-03
29.83 	 .6620733E-03
29.84 	 .6474496E-03
29.85 	 .6334861E-03
29.86 	 .6202394E-03
29.87 	 .6077603E-03
29.88 	 .5961007E-03
29.89 	 .5853153E-03
29.9 	 .5754596E-03
29.91 	 .5665881E-03
29.92 	 .5587538E-03
29.93 	 .5520112E-03
29.94 	 .5464170E-03
29.95 	 .5420310E-03
29.96 	 .5389167E-03
29.97 	 .5371415E-03
29.98 	 .5367771E-03
29.99 	 .5378990E-03
