0.0 	 .0000000E+00
0.01 	 .4918416E-01
0.02 	 .8708140E-01
0.03 	 .1231627E+00
0.04 	 .1520675E+00
0.05 	 .1760660E+00
0.06 	 .1882875E+00
0.07 	 .1995230E+00
0.08 	 .2369856E+00
0.09 	 .2896240E+00
0.1 	 .3246046E+00
0.11 	 .3249456E+00
0.12 	 .3010379E+00
0.13 	 .2817749E+00
0.14 	 .2673264E+00
0.15 	 .2385904E+00
0.16 	 .1980571E+00
0.17 	 .1696691E+00
0.18 	 .1703983E+00
0.19 	 .1998546E+00
0.2 	 .2370657E+00
0.21 	 .2864920E+00
0.22 	 .3315617E+00
0.23 	 .3376510E+00
0.24 	 .3208817E+00
0.25 	 .3094767E+00
0.26 	 .3269088E+00
0.27 	 .3515254E+00
0.28 	 .3445623E+00
0.29 	 .3128302E+00
0.3 	 .2934532E+00
0.31 	 .3027831E+00
0.32 	 .3547313E+00
0.33 	 .4178244E+00
0.34 	 .4494877E+00
0.35 	 .4651929E+00
0.36 	 .4752711E+00
0.37 	 .4906834E+00
0.38 	 .4932279E+00
0.39 	 .4795642E+00
0.4 	 .4676641E+00
0.41 	 .4462566E+00
0.42 	 .4138113E+00
0.43 	 .3508561E+00
0.44 	 .2765831E+00
0.45 	 .2182554E+00
0.46 	 .1571707E+00
0.47 	 .1027801E+00
0.48 	 .6228451E-01
0.49 	 .2515259E-01
0.5 	 -.4135124E-02
0.51 	 .3054495E-02
0.52 	 .4641139E-01
0.53 	 .1089637E+00
0.54 	 .1905113E+00
0.55 	 .2476795E+00
0.56 	 .2517751E+00
0.57 	 .2250005E+00
0.58 	 .1895982E+00
0.59 	 .1533190E+00
0.6 	 .1376251E+00
0.61 	 .1277351E+00
0.62 	 .7231311E-01
0.63 	 .1137365E-01
0.64 	 .2871589E-01
0.65 	 .1074779E+00
0.66 	 .1509792E+00
0.67 	 .1258959E+00
0.68 	 .3601852E-01
0.69 	 -.6309689E-01
0.7 	 -.1017627E+00
0.71 	 -.1302544E+00
0.72 	 -.1608634E+00
0.73 	 -.1767978E+00
0.74 	 -.2184422E+00
0.75 	 -.2737551E+00
0.76 	 -.3296853E+00
0.77 	 -.3898130E+00
0.78 	 -.4222649E+00
0.79 	 -.4085989E+00
0.8 	 -.3452846E+00
0.81 	 -.2873981E+00
0.82 	 -.2969362E+00
0.83 	 -.3336246E+00
0.84 	 -.3443273E+00
0.85 	 -.3039717E+00
0.86 	 -.2378406E+00
0.87 	 -.1970396E+00
0.88 	 -.1629566E+00
0.89 	 -.1021780E+00
0.9 	 -.3436602E-01
0.91 	 -.5485658E-02
0.92 	 -.3246883E-01
0.93 	 -.5344873E-01
0.94 	 -.2794094E-01
0.95 	 -.1017143E-01
0.96 	 .2410054E-02
0.97 	 .6630972E-01
0.98 	 .1628955E+00
0.99 	 .2436120E+00
1.0 	 .2786761E+00
1.01 	 .2590566E+00
1.02 	 .2340289E+00
1.03 	 .2101538E+00
1.04 	 .1502172E+00
1.05 	 .8909288E-01
1.06 	 .5800426E-01
1.07 	 .2484780E-01
1.08 	 -.2444807E-01
1.09 	 -.5316932E-01
1.1 	 -.5525531E-01
1.11 	 -.3389638E-01
1.12 	 .4189084E-01
1.13 	 .1440433E+00
1.14 	 .2037933E+00
1.15 	 .2024589E+00
1.16 	 .1931058E+00
1.17 	 .2256896E+00
1.18 	 .2425839E+00
1.19 	 .2239365E+00
1.2 	 .2388950E+00
1.21 	 .3011209E+00
1.22 	 .3437268E+00
1.23 	 .2949448E+00
1.24 	 .1735570E+00
1.25 	 .6353252E-01
1.26 	 .2159765E-01
1.27 	 .2769016E-01
1.28 	 .4415589E-01
1.29 	 .6347401E-01
1.3 	 .8666461E-01
1.31 	 .1136577E+00
1.32 	 .1290415E+00
1.33 	 .1089134E+00
1.34 	 .5769392E-01
1.35 	 .1478734E-01
1.36 	 .5658822E-03
1.37 	 .2746092E-01
1.38 	 .6172871E-01
1.39 	 .6709527E-01
1.4 	 .4045023E-01
1.41 	 -.4181901E-01
1.42 	 -.1378479E+00
1.43 	 -.1784688E+00
1.44 	 -.1967353E+00
1.45 	 -.2790271E+00
1.46 	 -.3931404E+00
1.47 	 -.4394345E+00
1.48 	 -.4042279E+00
1.49 	 -.3614985E+00
1.5 	 -.3489007E+00
1.51 	 -.3485525E+00
1.52 	 -.3708350E+00
1.53 	 -.4106276E+00
1.54 	 -.4411275E+00
1.55 	 -.4641948E+00
1.56 	 -.4646780E+00
1.57 	 -.4201944E+00
1.58 	 -.3830300E+00
1.59 	 -.4152915E+00
1.6 	 -.5226196E+00
1.61 	 -.6412673E+00
1.62 	 -.6844851E+00
1.63 	 -.6121985E+00
1.64 	 -.4545409E+00
1.65 	 -.2844503E+00
1.66 	 -.1641636E+00
1.67 	 -.1083923E+00
1.68 	 -.9704444E-01
1.69 	 -.1198287E+00
1.7 	 -.1496322E+00
1.71 	 -.1554315E+00
1.72 	 -.1358765E+00
1.73 	 -.1297715E+00
1.74 	 -.1902422E+00
1.75 	 -.2904759E+00
1.76 	 -.3756764E+00
1.77 	 -.4538046E+00
1.78 	 -.5061286E+00
1.79 	 -.5061053E+00
1.8 	 -.4448638E+00
1.81 	 -.3177837E+00
1.82 	 -.1946526E+00
1.83 	 -.1091642E+00
1.84 	 -.2125418E-01
1.85 	 .8126885E-01
1.86 	 .1750923E+00
1.87 	 .2296628E+00
1.88 	 .2629123E+00
1.89 	 .3091046E+00
1.9 	 .3485375E+00
1.91 	 .3519978E+00
1.92 	 .3212156E+00
1.93 	 .2604314E+00
1.94 	 .1868371E+00
1.95 	 .1235552E+00
1.96 	 .8989782E-01
1.97 	 .6487267E-01
1.98 	 -.6496322E-02
1.99 	 -.1004666E+00
2.0 	 -.1587116E+00
2.01 	 -.1907026E+00
2.02 	 -.2271228E+00
2.03 	 -.2347987E+00
2.04 	 -.1957183E+00
2.05 	 -.1955209E+00
2.06 	 -.3063846E+00
2.07 	 -.5091672E+00
2.08 	 -.7499329E+00
2.09 	 -.9598640E+00
2.1 	 -.1103897E+01
2.11 	 -.1199333E+01
2.12 	 -.1276936E+01
2.13 	 -.1334066E+01
2.14 	 -.1366992E+01
2.15 	 -.1387996E+01
2.16 	 -.1382705E+01
2.17 	 -.1334519E+01
2.18 	 -.1205473E+01
2.19 	 -.9980877E+00
2.2 	 -.7404254E+00
2.21 	 -.4095341E+00
2.22 	 -.2558597E-01
2.23 	 .2868954E+00
2.24 	 .4722038E+00
2.25 	 .5837150E+00
2.26 	 .6693244E+00
2.27 	 .7633357E+00
2.28 	 .8436164E+00
2.29 	 .8334682E+00
2.3 	 .6924265E+00
2.31 	 .4837484E+00
2.32 	 .3035043E+00
2.33 	 .1974293E+00
2.34 	 .7713362E-01
2.35 	 -.1735755E+00
2.36 	 -.4884308E+00
2.37 	 -.6770613E+00
2.38 	 -.6275248E+00
2.39 	 -.4049383E+00
2.4 	 -.1108831E+00
2.41 	 .2168767E+00
2.42 	 .5938427E+00
2.43 	 .9782105E+00
2.44 	 .1240026E+01
2.45 	 .1344564E+01
2.46 	 .1376845E+01
2.47 	 .1398447E+01
2.48 	 .1383584E+01
2.49 	 .1353041E+01
2.5 	 .1337111E+01
2.51 	 .1272435E+01
2.52 	 .1104909E+01
2.53 	 .8444141E+00
2.54 	 .5472456E+00
2.55 	 .2180743E+00
2.56 	 -.7929282E-01
2.57 	 -.1918989E+00
2.58 	 -.6664809E-01
2.59 	 .2118103E+00
2.6 	 .4324830E+00
2.61 	 .4729766E+00
2.62 	 .4204707E+00
2.63 	 .3930282E+00
2.64 	 .4378743E+00
2.65 	 .4678095E+00
2.66 	 .3798523E+00
2.67 	 .2214881E+00
2.68 	 .8536696E-01
2.69 	 .2330459E-01
2.7 	 -.4903411E-02
2.71 	 -.1409726E+00
2.72 	 -.4076556E+00
2.73 	 -.6008899E+00
2.74 	 -.5315247E+00
2.75 	 -.2364942E+00
2.76 	 .4075504E-01
2.77 	 .9676051E-01
2.78 	 -.1935235E-01
2.79 	 -.1175227E+00
2.8 	 -.1522955E+00
2.81 	 -.2326127E+00
2.82 	 -.3346118E+00
2.83 	 -.3521310E+00
2.84 	 -.3088831E+00
2.85 	 -.3201406E+00
2.86 	 -.4756634E+00
2.87 	 -.7033737E+00
2.88 	 -.8249018E+00
2.89 	 -.7394266E+00
2.9 	 -.5448089E+00
2.91 	 -.3916853E+00
2.92 	 -.2999880E+00
2.93 	 -.3048008E+00
2.94 	 -.4315365E+00
2.95 	 -.5417500E+00
2.96 	 -.5304496E+00
2.97 	 -.5008768E+00
2.98 	 -.6031581E+00
2.99 	 -.8927796E+00
3.0 	 -.1228716E+01
3.01 	 -.1325715E+01
3.02 	 -.1031201E+01
3.03 	 -.3597650E+00
3.04 	 .4584176E+00
3.05 	 .1074458E+01
3.06 	 .1331090E+01
3.07 	 .1315612E+01
3.08 	 .1295744E+01
3.09 	 .1350674E+01
3.1 	 .1348499E+01
3.11 	 .1243413E+01
3.12 	 .1023254E+01
3.13 	 .7209269E+00
3.14 	 .4195802E+00
3.15 	 .1141633E+00
3.16 	 -.2095254E+00
3.17 	 -.5160717E+00
3.18 	 -.8040357E+00
3.19 	 -.1116912E+01
3.2 	 -.1423137E+01
3.21 	 -.1624291E+01
3.22 	 -.1696710E+01
3.23 	 -.1673888E+01
3.24 	 -.1583169E+01
3.25 	 -.1438303E+01
3.26 	 -.1201937E+01
3.27 	 -.7820203E+00
3.28 	 -.2348995E+00
3.29 	 .2970399E+00
3.3 	 .7132069E+00
3.31 	 .9802977E+00
3.32 	 .1147438E+01
3.33 	 .1219528E+01
3.34 	 .1138361E+01
3.35 	 .9564433E+00
3.36 	 .8431335E+00
3.37 	 .9295658E+00
3.38 	 .1201799E+01
3.39 	 .1473382E+01
3.4 	 .1618241E+01
3.41 	 .1619915E+01
3.42 	 .1563883E+01
3.43 	 .1612223E+01
3.44 	 .1797857E+01
3.45 	 .2113717E+01
3.46 	 .2487373E+01
3.47 	 .2770899E+01
3.48 	 .2937872E+01
3.49 	 .3028347E+01
3.5 	 .3008531E+01
3.51 	 .2809014E+01
3.52 	 .2436979E+01
3.53 	 .1914387E+01
3.54 	 .1350021E+01
3.55 	 .9242906E+00
3.56 	 .7399466E+00
3.57 	 .6938679E+00
3.58 	 .5144848E+00
3.59 	 .6593229E-01
3.6 	 -.6298973E+00
3.61 	 -.1404856E+01
3.62 	 -.2041508E+01
3.63 	 -.2441965E+01
3.64 	 -.2676114E+01
3.65 	 -.2945956E+01
3.66 	 -.3285296E+01
3.67 	 -.3496511E+01
3.68 	 -.3435607E+01
3.69 	 -.3209074E+01
3.7 	 -.3034257E+01
3.71 	 -.2884993E+01
3.72 	 -.2571260E+01
3.73 	 -.2018502E+01
3.74 	 -.1337089E+01
3.75 	 -.6558055E+00
3.76 	 .9852560E-01
3.77 	 .9125534E+00
3.78 	 .1600827E+01
3.79 	 .1985848E+01
3.8 	 .1920219E+01
3.81 	 .1371807E+01
3.82 	 .5700278E+00
3.83 	 -.1008475E+00
3.84 	 -.4831210E+00
3.85 	 -.6387596E+00
3.86 	 -.8168606E+00
3.87 	 -.1247980E+01
3.88 	 -.1993733E+01
3.89 	 -.2953290E+01
3.9 	 -.3845699E+01
3.91 	 -.4481581E+01
3.92 	 -.4744341E+01
3.93 	 -.4575994E+01
3.94 	 -.4052548E+01
3.95 	 -.3345421E+01
3.96 	 -.2557486E+01
3.97 	 -.1634916E+01
3.98 	 -.6418383E+00
3.99 	 .2112340E+00
4.0 	 .8027675E+00
4.01 	 .1211091E+01
4.02 	 .1619634E+01
4.03 	 .2080843E+01
4.04 	 .2486566E+01
4.05 	 .2660354E+01
4.06 	 .2537748E+01
4.07 	 .2226932E+01
4.08 	 .1906065E+01
4.09 	 .1756567E+01
4.1 	 .1834603E+01
4.11 	 .2050295E+01
4.12 	 .2186158E+01
4.13 	 .2074774E+01
4.14 	 .1681938E+01
4.15 	 .1074079E+01
4.16 	 .3673088E+00
4.17 	 -.2620529E+00
4.18 	 -.5515673E+00
4.19 	 -.3609490E+00
4.2 	 .2391141E+00
4.21 	 .8547189E+00
4.22 	 .1045167E+01
4.23 	 .6894748E+00
4.24 	 .3023914E-01
4.25 	 -.4852207E+00
4.26 	 -.6979474E+00
4.27 	 -.7831103E+00
4.28 	 -.7616615E+00
4.29 	 -.5226489E+00
4.3 	 -.1914564E+00
4.31 	 .3541462E-01
4.32 	 .8394590E-01
4.33 	 .5528857E-01
4.34 	 .1943596E+00
4.35 	 .5566950E+00
4.36 	 .8443821E+00
4.37 	 .7505371E+00
4.38 	 .4562099E+00
4.39 	 .3814967E+00
4.4 	 .6906956E+00
4.41 	 .1190815E+01
4.42 	 .1606316E+01
4.43 	 .1907463E+01
4.44 	 .2218532E+01
4.45 	 .2515738E+01
4.46 	 .2568268E+01
4.47 	 .2290302E+01
4.48 	 .1842586E+01
4.49 	 .1492161E+01
4.5 	 .1334377E+01
4.51 	 .1157691E+01
4.52 	 .8126957E+00
4.53 	 .4312765E+00
4.54 	 .1990436E+00
4.55 	 .5747051E-01
4.56 	 -.2279286E+00
4.57 	 -.7444932E+00
4.58 	 -.1433967E+01
4.59 	 -.2156885E+01
4.6 	 -.2748128E+01
4.61 	 -.3099136E+01
4.62 	 -.3119047E+01
4.63 	 -.2772738E+01
4.64 	 -.2126266E+01
4.65 	 -.1348329E+01
4.66 	 -.6375309E+00
4.67 	 -.1556378E+00
4.68 	 .5330520E-01
4.69 	 .6053579E-01
4.7 	 -.2731584E-02
4.71 	 -.1572992E+00
4.72 	 -.5289509E+00
4.73 	 -.1168612E+01
4.74 	 -.2003325E+01
4.75 	 -.2729967E+01
4.76 	 -.3106910E+01
4.77 	 -.3181650E+01
4.78 	 -.3227307E+01
4.79 	 -.3403359E+01
4.8 	 -.3595002E+01
4.81 	 -.3631889E+01
4.82 	 -.3410888E+01
4.83 	 -.2827507E+01
4.84 	 -.1818029E+01
4.85 	 -.4451122E+00
4.86 	 .1104084E+01
4.87 	 .2439307E+01
4.88 	 .3302477E+01
4.89 	 .3735830E+01
4.9 	 .3849698E+01
4.91 	 .3706547E+01
4.92 	 .3327290E+01
4.93 	 .2731999E+01
4.94 	 .1954648E+01
4.95 	 .1149033E+01
4.96 	 .5447700E+00
4.97 	 .1614813E+00
4.98 	 -.2045958E+00
4.99 	 -.6547723E+00
5.0 	 -.1164716E+01
5.01 	 -.1675830E+01
5.02 	 -.2074161E+01
5.03 	 -.2305245E+01
5.04 	 -.2344897E+01
5.05 	 -.2197040E+01
5.06 	 -.1886685E+01
5.07 	 -.1366847E+01
5.08 	 -.6492271E+00
5.09 	 .1415001E+00
5.1 	 .8549887E+00
5.11 	 .1411660E+01
5.12 	 .1789931E+01
5.13 	 .1963789E+01
5.14 	 .1909432E+01
5.15 	 .1689497E+01
5.16 	 .1482382E+01
5.17 	 .1430105E+01
5.18 	 .1520262E+01
5.19 	 .1590978E+01
5.2 	 .1482763E+01
5.21 	 .1143743E+01
5.22 	 .6513156E+00
5.23 	 .1247743E+00
5.24 	 -.2919753E+00
5.25 	 -.3584367E+00
5.26 	 -.4840694E-01
5.27 	 .3613834E+00
5.28 	 .5718616E+00
5.29 	 .5445934E+00
5.3 	 .5916431E+00
5.31 	 .9941916E+00
5.32 	 .1772721E+01
5.33 	 .2590055E+01
5.34 	 .3029776E+01
5.35 	 .2905726E+01
5.36 	 .2197821E+01
5.37 	 .1018383E+01
5.38 	 -.3955099E+00
5.39 	 -.1715273E+01
5.4 	 -.2805901E+01
5.41 	 -.3686427E+01
5.42 	 -.4160348E+01
5.43 	 -.4014221E+01
5.44 	 -.3335256E+01
5.45 	 -.2539559E+01
5.46 	 -.2412515E+01
5.47 	 -.2944644E+01
5.48 	 -.3385383E+01
5.49 	 -.3429939E+01
5.5 	 -.3122067E+01
5.51 	 -.2710813E+01
5.52 	 -.2226102E+01
5.53 	 -.1518406E+01
5.54 	 -.5689146E+00
5.55 	 .5214424E+00
5.56 	 .1596177E+01
5.57 	 .2597694E+01
5.58 	 .3541484E+01
5.59 	 .4380732E+01
5.6 	 .4890833E+01
5.61 	 .4787707E+01
5.62 	 .4011647E+01
5.63 	 .2786367E+01
5.64 	 .1484558E+01
5.65 	 .4725005E+00
5.66 	 -.3308134E-01
5.67 	 .2003788E-01
5.68 	 .5073845E+00
5.69 	 .1237258E+01
5.7 	 .1934287E+01
5.71 	 .2189287E+01
5.72 	 .1821348E+01
5.73 	 .9554243E+00
5.74 	 -.8559901E-01
5.75 	 -.8943771E+00
5.76 	 -.1266727E+01
5.77 	 -.1245215E+01
5.78 	 -.1158705E+01
5.79 	 -.1315563E+01
5.8 	 -.1732430E+01
5.81 	 -.2258389E+01
5.82 	 -.2663414E+01
5.83 	 -.2683378E+01
5.84 	 -.2144811E+01
5.85 	 -.1106579E+01
5.86 	 -.5818665E-01
5.87 	 .3759481E+00
5.88 	 .1565207E+00
5.89 	 -.3653002E+00
5.9 	 -.7484562E+00
5.91 	 -.4939924E+00
5.92 	 .5705801E+00
5.93 	 .1976880E+01
5.94 	 .3021970E+01
5.95 	 .3353871E+01
5.96 	 .3049461E+01
5.97 	 .2376881E+01
5.98 	 .1565496E+01
5.99 	 .8652217E+00
6.0 	 .4903034E+00
6.01 	 .5340208E+00
6.02 	 .9367973E+00
6.03 	 .1335103E+01
6.04 	 .1395031E+01
6.05 	 .1039343E+01
6.06 	 .3230354E+00
6.07 	 -.5063151E+00
6.08 	 -.1141925E+01
6.09 	 -.1412734E+01
6.1 	 -.1287261E+01
6.11 	 -.9197112E+00
6.12 	 -.5790347E+00
6.13 	 -.3881950E+00
6.14 	 -.3214492E+00
6.15 	 -.3001888E+00
6.16 	 -.2561562E+00
6.17 	 -.1731197E+00
6.18 	 .5865296E-03
6.19 	 .2870848E+00
6.2 	 .6329593E+00
6.21 	 .9204470E+00
6.22 	 .1008953E+01
6.23 	 .8707228E+00
6.24 	 .5564134E+00
6.25 	 .1883778E+00
6.26 	 -.1230918E+00
6.27 	 -.3533729E+00
6.28 	 -.4937544E+00
6.29 	 -.5146932E+00
6.3 	 -.3785749E+00
6.31 	 -.2064731E+00
6.32 	 -.2058904E+00
6.33 	 -.4435343E+00
6.34 	 -.8304949E+00
6.35 	 -.1253280E+01
6.36 	 -.1660843E+01
6.37 	 -.2075718E+01
6.38 	 -.2544039E+01
6.39 	 -.3029071E+01
6.4 	 -.3381410E+01
6.41 	 -.3437036E+01
6.42 	 -.3139514E+01
6.43 	 -.2559121E+01
6.44 	 -.1871487E+01
6.45 	 -.1228118E+01
6.46 	 -.6349646E+00
6.47 	 -.2545969E-01
6.48 	 .5679430E+00
6.49 	 .1034762E+01
6.5 	 .1335742E+01
6.51 	 .1524259E+01
6.52 	 .1654979E+01
6.53 	 .1741165E+01
6.54 	 .1835001E+01
6.55 	 .1965731E+01
6.56 	 .2051625E+01
6.57 	 .1978362E+01
6.58 	 .1712177E+01
6.59 	 .1238289E+01
6.6 	 .6209146E+00
6.61 	 .1482560E+00
6.62 	 .2953611E-01
6.63 	 .2646047E+00
6.64 	 .6339878E+00
6.65 	 .8606050E+00
6.66 	 .8806791E+00
6.67 	 .7427854E+00
6.68 	 .5344137E+00
6.69 	 .3152805E+00
6.7 	 .7756507E-01
6.71 	 -.1352980E+00
6.72 	 -.2038355E+00
6.73 	 -.5615963E-01
6.74 	 .2009380E+00
6.75 	 .3312013E+00
6.76 	 .2418203E+00
6.77 	 .6160893E-01
6.78 	 .2910635E-02
6.79 	 .1746373E+00
6.8 	 .5750089E+00
6.81 	 .1078211E+01
6.82 	 .1498935E+01
6.83 	 .1669900E+01
6.84 	 .1425339E+01
6.85 	 .7169676E+00
6.86 	 -.3490840E+00
6.87 	 -.1418996E+01
6.88 	 -.2051961E+01
6.89 	 -.2027693E+01
6.9 	 -.1416222E+01
6.91 	 -.5639838E+00
6.92 	 .1781518E+00
6.93 	 .6782605E+00
6.94 	 .9302715E+00
6.95 	 .9714291E+00
6.96 	 .8122643E+00
6.97 	 .4979721E+00
6.98 	 .1618173E+00
6.99 	 -.4393355E-01
7.0 	 -.3396091E-01
7.01 	 .1681025E+00
7.02 	 .4633859E+00
7.03 	 .7430172E+00
7.04 	 .9431195E+00
7.05 	 .1017688E+01
7.06 	 .9376588E+00
7.07 	 .7196944E+00
7.08 	 .4302918E+00
7.09 	 .1277875E+00
7.1 	 -.1566150E+00
7.11 	 -.3894422E+00
7.12 	 -.5154980E+00
7.13 	 -.4904575E+00
7.14 	 -.3540850E+00
7.15 	 -.2306043E+00
7.16 	 -.2430687E+00
7.17 	 -.4525951E+00
7.18 	 -.8500824E+00
7.19 	 -.1336030E+01
7.2 	 -.1806776E+01
7.21 	 -.2221066E+01
7.22 	 -.2573789E+01
7.23 	 -.2860746E+01
7.24 	 -.2981194E+01
7.25 	 -.2844325E+01
7.26 	 -.2445747E+01
7.27 	 -.1899883E+01
7.28 	 -.1444360E+01
7.29 	 -.1206640E+01
7.3 	 -.1198467E+01
7.31 	 -.1373333E+01
7.32 	 -.1589384E+01
7.33 	 -.1716016E+01
7.34 	 -.1714564E+01
7.35 	 -.1612911E+01
7.36 	 -.1453723E+01
7.37 	 -.1223776E+01
7.38 	 -.9748480E+00
7.39 	 -.8372423E+00
7.4 	 -.8574143E+00
7.41 	 -.1014152E+01
7.42 	 -.1194952E+01
7.43 	 -.1285582E+01
7.44 	 -.1339309E+01
7.45 	 -.1486936E+01
7.46 	 -.1773199E+01
7.47 	 -.2127910E+01
7.48 	 -.2375669E+01
7.49 	 -.2353659E+01
7.5 	 -.2020504E+01
7.51 	 -.1381047E+01
7.52 	 -.4964126E+00
7.53 	 .4574191E+00
7.54 	 .1266905E+01
7.55 	 .1831513E+01
7.56 	 .2157025E+01
7.57 	 .2284695E+01
7.58 	 .2328435E+01
7.59 	 .2372215E+01
7.6 	 .2368220E+01
7.61 	 .2254102E+01
7.62 	 .2011110E+01
7.63 	 .1627332E+01
7.64 	 .1131221E+01
7.65 	 .5439405E+00
7.66 	 -.1523927E+00
7.67 	 -.8798894E+00
7.68 	 -.1464631E+01
7.69 	 -.1775402E+01
7.7 	 -.1777900E+01
7.71 	 -.1509198E+01
7.72 	 -.1110092E+01
7.73 	 -.7451804E+00
7.74 	 -.4233134E+00
7.75 	 -.5204130E-01
7.76 	 .3723563E+00
7.77 	 .7813821E+00
7.78 	 .1206349E+01
7.79 	 .1734598E+01
7.8 	 .2338264E+01
7.81 	 .2812536E+01
7.82 	 .2958742E+01
7.83 	 .2725686E+01
7.84 	 .2171434E+01
7.85 	 .1452954E+01
7.86 	 .7498150E+00
7.87 	 .1446669E+00
7.88 	 -.3644409E+00
7.89 	 -.7488252E+00
7.9 	 -.9713419E+00
7.91 	 -.1032301E+01
7.92 	 -.9382136E+00
7.93 	 -.7030206E+00
7.94 	 -.3510751E+00
7.95 	 .5865644E-01
7.96 	 .4429150E+00
7.97 	 .7741476E+00
7.98 	 .1117341E+01
7.99 	 .1588909E+01
8.0 	 .2231745E+01
8.01 	 .2945159E+01
8.02 	 .3593015E+01
8.03 	 .4101325E+01
8.04 	 .4424075E+01
8.05 	 .4515820E+01
8.06 	 .4352276E+01
8.07 	 .3943205E+01
8.08 	 .3339962E+01
8.09 	 .2656630E+01
8.1 	 .1998091E+01
8.11 	 .1406049E+01
8.12 	 .9246390E+00
8.13 	 .5923051E+00
8.14 	 .4196786E+00
8.15 	 .3505531E+00
8.16 	 .2974893E+00
8.17 	 .2412749E+00
8.18 	 .2223443E+00
8.19 	 .2760216E+00
8.2 	 .3682329E+00
8.21 	 .4378015E+00
8.22 	 .4620949E+00
8.23 	 .4795773E+00
8.24 	 .5042603E+00
8.25 	 .5128514E+00
8.26 	 .4897388E+00
8.27 	 .3861171E+00
8.28 	 .1631721E+00
8.29 	 -.1450125E+00
8.3 	 -.4635184E+00
8.31 	 -.7525112E+00
8.32 	 -.9694463E+00
8.33 	 -.1055197E+01
8.34 	 -.9747100E+00
8.35 	 -.7301550E+00
8.36 	 -.3708576E+00
8.37 	 -.3436276E-01
8.38 	 .1529354E+00
8.39 	 .1795957E+00
8.4 	 .7897186E-01
8.41 	 -.9755059E-01
8.42 	 -.2775936E+00
8.43 	 -.4123318E+00
8.44 	 -.5088060E+00
8.45 	 -.5756671E+00
8.46 	 -.6172556E+00
8.47 	 -.6509734E+00
8.48 	 -.7259160E+00
8.49 	 -.8778972E+00
8.5 	 -.1027998E+01
8.51 	 -.1083879E+01
8.52 	 -.1072603E+01
8.53 	 -.1061847E+01
8.54 	 -.1081625E+01
8.55 	 -.1118134E+01
8.56 	 -.1173336E+01
8.57 	 -.1292585E+01
8.58 	 -.1460590E+01
8.59 	 -.1594451E+01
8.6 	 -.1612869E+01
8.61 	 -.1472250E+01
8.62 	 -.1177555E+01
8.63 	 -.8104612E+00
8.64 	 -.4739213E+00
8.65 	 -.2201307E+00
8.66 	 -.1432550E-01
8.67 	 .2090614E+00
8.68 	 .4117559E+00
8.69 	 .5314211E+00
8.7 	 .5837788E+00
8.71 	 .6646594E+00
8.72 	 .8862053E+00
8.73 	 .1266909E+01
8.74 	 .1702908E+01
8.75 	 .2075520E+01
8.76 	 .2372173E+01
8.77 	 .2622472E+01
8.78 	 .2807833E+01
8.79 	 .2874510E+01
8.8 	 .2777830E+01
8.81 	 .2523992E+01
8.82 	 .2147091E+01
8.83 	 .1705202E+01
8.84 	 .1256822E+01
8.85 	 .8437264E+00
8.86 	 .5150897E+00
8.87 	 .3061860E+00
8.88 	 .2174253E+00
8.89 	 .2038327E+00
8.9 	 .1456651E+00
8.91 	 -.9115230E-01
8.92 	 -.5441236E+00
8.93 	 -.1184826E+01
8.94 	 -.1928089E+01
8.95 	 -.2667422E+01
8.96 	 -.3316756E+01
8.97 	 -.3820124E+01
8.98 	 -.4136971E+01
8.99 	 -.4224963E+01
9.0 	 -.4070549E+01
9.01 	 -.3679938E+01
9.02 	 -.3105378E+01
9.03 	 -.2448439E+01
9.04 	 -.1824664E+01
9.05 	 -.1321892E+01
9.06 	 -.9688064E+00
9.07 	 -.7317439E+00
9.08 	 -.5838313E+00
9.09 	 -.5162478E+00
9.1 	 -.4966896E+00
9.11 	 -.4848625E+00
9.12 	 -.4888872E+00
9.13 	 -.5723107E+00
9.14 	 -.7731773E+00
9.15 	 -.1090577E+01
9.16 	 -.1432339E+01
9.17 	 -.1646998E+01
9.18 	 -.1649513E+01
9.19 	 -.1471809E+01
9.2 	 -.1202614E+01
9.21 	 -.8783940E+00
9.22 	 -.5188901E+00
9.23 	 -.1645267E+00
9.24 	 .1017569E+00
9.25 	 .2290250E+00
9.26 	 .2366398E+00
9.27 	 .1507143E+00
9.28 	 .2017368E-01
9.29 	 -.1331695E+00
9.3 	 -.3251071E+00
9.31 	 -.5550090E+00
9.32 	 -.8258755E+00
9.33 	 -.1114664E+01
9.34 	 -.1335745E+01
9.35 	 -.1425782E+01
9.36 	 -.1381264E+01
9.37 	 -.1262669E+01
9.38 	 -.1173766E+01
9.39 	 -.1177584E+01
9.4 	 -.1248880E+01
9.41 	 -.1307344E+01
9.42 	 -.1253555E+01
9.43 	 -.1030229E+01
9.44 	 -.6579159E+00
9.45 	 -.2337074E+00
9.46 	 .1135426E+00
9.47 	 .3070656E+00
9.48 	 .3179783E+00
9.49 	 .2000769E+00
9.5 	 .5952282E-01
9.51 	 -.2211486E-01
9.52 	 .1574051E-01
9.53 	 .1875205E+00
9.54 	 .4114562E+00
9.55 	 .5850262E+00
9.56 	 .6774372E+00
9.57 	 .7125318E+00
9.58 	 .7206533E+00
9.59 	 .6836597E+00
9.6 	 .5746982E+00
9.61 	 .4438042E+00
9.62 	 .3973493E+00
9.63 	 .4830889E+00
9.64 	 .6631388E+00
9.65 	 .8892537E+00
9.66 	 .1125210E+01
9.67 	 .1359865E+01
9.68 	 .1620554E+01
9.69 	 .1912375E+01
9.7 	 .2170983E+01
9.71 	 .2315749E+01
9.72 	 .2312838E+01
9.73 	 .2193854E+01
9.74 	 .2005783E+01
9.75 	 .1746643E+01
9.76 	 .1396754E+01
9.77 	 .9854374E+00
9.78 	 .5945534E+00
9.79 	 .2792576E+00
9.8 	 .6922318E-01
9.81 	 -.4552077E-01
9.82 	 -.1031085E+00
9.83 	 -.1167415E+00
9.84 	 -.1100623E+00
9.85 	 -.1059435E+00
9.86 	 -.9306379E-01
9.87 	 -.1685719E-01
9.88 	 .1703515E+00
9.89 	 .4713426E+00
9.9 	 .8339905E+00
9.91 	 .1168065E+01
9.92 	 .1421571E+01
9.93 	 .1598988E+01
9.94 	 .1688396E+01
9.95 	 .1655610E+01
9.96 	 .1476678E+01
9.97 	 .1195694E+01
9.98 	 .8898583E+00
9.99 	 .6101349E+00
10.0 	 .4165009E+00
10.01 	 .3349492E+00
10.02 	 .3215650E+00
10.03 	 .3096008E+00
10.04 	 .2882655E+00
10.05 	 .2899327E+00
10.06 	 .3335445E+00
10.07 	 .4060093E+00
10.08 	 .4900854E+00
10.09 	 .5855027E+00
10.1 	 .7063127E+00
10.11 	 .8520654E+00
10.12 	 .1028141E+01
10.13 	 .1263764E+01
10.14 	 .1533100E+01
10.15 	 .1763782E+01
10.16 	 .1888282E+01
10.17 	 .1880707E+01
10.18 	 .1759320E+01
10.19 	 .1563655E+01
10.2 	 .1358909E+01
10.21 	 .1187416E+01
10.22 	 .1078240E+01
10.23 	 .1037181E+01
10.24 	 .9996032E+00
10.25 	 .8933875E+00
10.26 	 .6950115E+00
10.27 	 .4454299E+00
10.28 	 .2117400E+00
10.29 	 .4017694E-01
10.3 	 -.6703916E-01
10.31 	 -.1626140E+00
10.32 	 -.3146852E+00
10.33 	 -.5282531E+00
10.34 	 -.7502921E+00
10.35 	 -.9370072E+00
10.36 	 -.1075547E+01
10.37 	 -.1183834E+01
10.38 	 -.1288670E+01
10.39 	 -.1412668E+01
10.4 	 -.1568880E+01
10.41 	 -.1699689E+01
10.42 	 -.1739048E+01
10.43 	 -.1705769E+01
10.44 	 -.1665140E+01
10.45 	 -.1665335E+01
10.46 	 -.1691713E+01
10.47 	 -.1737203E+01
10.48 	 -.1815806E+01
10.49 	 -.1957897E+01
10.5 	 -.2174106E+01
10.51 	 -.2435900E+01
10.52 	 -.2700354E+01
10.53 	 -.2903482E+01
10.54 	 -.3002998E+01
10.55 	 -.2972760E+01
10.56 	 -.2801426E+01
10.57 	 -.2508529E+01
10.58 	 -.2168477E+01
10.59 	 -.1843657E+01
10.6 	 -.1548200E+01
10.61 	 -.1271905E+01
10.62 	 -.1001601E+01
10.63 	 -.7505587E+00
10.64 	 -.5299000E+00
10.65 	 -.3259132E+00
10.66 	 -.9601345E-01
10.67 	 .1666799E+00
10.68 	 .4061906E+00
10.69 	 .5709530E+00
10.7 	 .6666178E+00
10.71 	 .7306091E+00
10.72 	 .7879497E+00
10.73 	 .8276383E+00
10.74 	 .8147911E+00
10.75 	 .7049632E+00
10.76 	 .4832030E+00
10.77 	 .1907249E+00
10.78 	 -.1075737E+00
10.79 	 -.3547368E+00
10.8 	 -.5617754E+00
10.81 	 -.7486319E+00
10.82 	 -.9079653E+00
10.83 	 -.1028735E+01
10.84 	 -.1092688E+01
10.85 	 -.1082813E+01
10.86 	 -.1003450E+01
10.87 	 -.8959440E+00
10.88 	 -.7887883E+00
10.89 	 -.6790823E+00
10.9 	 -.5687962E+00
10.91 	 -.4676812E+00
10.92 	 -.3631158E+00
10.93 	 -.2502495E+00
10.94 	 -.1252419E+00
10.95 	 .2901889E-01
10.96 	 .1911505E+00
10.97 	 .3095774E+00
10.98 	 .3683677E+00
10.99 	 .3756223E+00
11.0 	 .3685453E+00
11.01 	 .3956421E+00
11.02 	 .4504519E+00
11.03 	 .5395454E+00
11.04 	 .6506714E+00
11.05 	 .7222830E+00
11.06 	 .7329979E+00
11.07 	 .7208803E+00
11.08 	 .7295150E+00
11.09 	 .7640125E+00
11.1 	 .8139417E+00
11.11 	 .8652711E+00
11.12 	 .9161004E+00
11.13 	 .9783309E+00
11.14 	 .1058533E+01
11.15 	 .1145947E+01
11.16 	 .1215158E+01
11.17 	 .1252856E+01
11.18 	 .1261160E+01
11.19 	 .1263514E+01
11.2 	 .1286791E+01
11.21 	 .1361102E+01
11.22 	 .1518023E+01
11.23 	 .1749832E+01
11.24 	 .2013435E+01
11.25 	 .2257376E+01
11.26 	 .2453591E+01
11.27 	 .2578308E+01
11.28 	 .2669012E+01
11.29 	 .2767826E+01
11.3 	 .2828097E+01
11.31 	 .2816779E+01
11.32 	 .2739424E+01
11.33 	 .2638547E+01
11.34 	 .2547670E+01
11.35 	 .2438352E+01
11.36 	 .2272418E+01
11.37 	 .2047937E+01
11.38 	 .1821545E+01
11.39 	 .1651070E+01
11.4 	 .1534891E+01
11.41 	 .1444315E+01
11.42 	 .1358589E+01
11.43 	 .1251801E+01
11.44 	 .1126251E+01
11.45 	 .1020073E+01
11.46 	 .9564798E+00
11.47 	 .9689849E+00
11.48 	 .1069290E+01
11.49 	 .1208979E+01
11.5 	 .1302943E+01
11.51 	 .1286635E+01
11.52 	 .1177197E+01
11.53 	 .1061338E+01
11.54 	 .9805324E+00
11.55 	 .8822654E+00
11.56 	 .7104003E+00
11.57 	 .4556962E+00
11.58 	 .1854603E+00
11.59 	 -.2668916E-01
11.6 	 -.1580698E+00
11.61 	 -.2164524E+00
11.62 	 -.2172586E+00
11.63 	 -.1575382E+00
11.64 	 -.3578093E-01
11.65 	 .1271209E+00
11.66 	 .2550988E+00
11.67 	 .2897266E+00
11.68 	 .2260535E+00
11.69 	 .8277164E-01
11.7 	 -.9027345E-01
11.71 	 -.2706593E+00
11.72 	 -.4706174E+00
11.73 	 -.7077795E+00
11.74 	 -.1007508E+01
11.75 	 -.1359403E+01
11.76 	 -.1732440E+01
11.77 	 -.2113838E+01
11.78 	 -.2490035E+01
11.79 	 -.2832389E+01
11.8 	 -.3122767E+01
11.81 	 -.3362069E+01
11.82 	 -.3547905E+01
11.83 	 -.3679166E+01
11.84 	 -.3758610E+01
11.85 	 -.3813062E+01
11.86 	 -.3880535E+01
11.87 	 -.3985323E+01
11.88 	 -.4121413E+01
11.89 	 -.4257484E+01
11.9 	 -.4385304E+01
11.91 	 -.4497852E+01
11.92 	 -.4560785E+01
11.93 	 -.4551999E+01
11.94 	 -.4467066E+01
11.95 	 -.4337167E+01
11.96 	 -.4197498E+01
11.97 	 -.4060468E+01
11.98 	 -.3945221E+01
11.99 	 -.3857707E+01
12.0 	 -.3794336E+01
12.01 	 -.3729984E+01
12.02 	 -.3621428E+01
12.03 	 -.3445954E+01
12.04 	 -.3213684E+01
12.05 	 -.2925868E+01
12.06 	 -.2575345E+01
12.07 	 -.2167995E+01
12.08 	 -.1732933E+01
12.09 	 -.1290410E+01
12.1 	 -.8355051E+00
12.11 	 -.3667489E+00
12.12 	 .1101682E+00
12.13 	 .5699434E+00
12.14 	 .1027909E+01
12.15 	 .1500985E+01
12.16 	 .1966651E+01
12.17 	 .2407064E+01
12.18 	 .2815344E+01
12.19 	 .3141485E+01
12.2 	 .3357823E+01
12.21 	 .3503284E+01
12.22 	 .3584078E+01
12.23 	 .3615706E+01
12.24 	 .3620082E+01
12.25 	 .3618567E+01
12.26 	 .3602720E+01
12.27 	 .3529167E+01
12.28 	 .3393257E+01
12.29 	 .3202381E+01
12.3 	 .2984542E+01
12.31 	 .2754832E+01
12.32 	 .2531712E+01
12.33 	 .2327895E+01
12.34 	 .2129998E+01
12.35 	 .1949494E+01
12.36 	 .1795762E+01
12.37 	 .1673584E+01
12.38 	 .1574028E+01
12.39 	 .1486414E+01
12.4 	 .1405360E+01
12.41 	 .1316256E+01
12.42 	 .1215050E+01
12.43 	 .1110574E+01
12.44 	 .1015629E+01
12.45 	 .9553174E+00
12.46 	 .9223992E+00
12.47 	 .9051328E+00
12.48 	 .9114090E+00
12.49 	 .9389375E+00
12.5 	 .9924989E+00
12.51 	 .1068023E+01
12.52 	 .1147667E+01
12.53 	 .1202039E+01
12.54 	 .1204855E+01
12.55 	 .1139723E+01
12.56 	 .1009485E+01
12.57 	 .8169591E+00
12.58 	 .5674775E+00
12.59 	 .2919629E+00
12.6 	 .7477379E-02
12.61 	 -.2626665E+00
12.62 	 -.4871953E+00
12.63 	 -.6470070E+00
12.64 	 -.7646941E+00
12.65 	 -.8694997E+00
12.66 	 -.9513727E+00
12.67 	 -.9931914E+00
12.68 	 -.9922853E+00
12.69 	 -.9784977E+00
12.7 	 -.9693007E+00
12.71 	 -.9800058E+00
12.72 	 -.1021484E+01
12.73 	 -.1073114E+01
12.74 	 -.1099661E+01
12.75 	 -.1085113E+01
12.76 	 -.1057964E+01
12.77 	 -.1051017E+01
12.78 	 -.1074193E+01
12.79 	 -.1113421E+01
12.8 	 -.1163380E+01
12.81 	 -.1232301E+01
12.82 	 -.1310724E+01
12.83 	 -.1389076E+01
12.84 	 -.1438065E+01
12.85 	 -.1420426E+01
12.86 	 -.1343862E+01
12.87 	 -.1228762E+01
12.88 	 -.1098912E+01
12.89 	 -.9666405E+00
12.9 	 -.8326892E+00
12.91 	 -.7371721E+00
12.92 	 -.6980512E+00
12.93 	 -.6804426E+00
12.94 	 -.6468423E+00
12.95 	 -.5840286E+00
12.96 	 -.5091537E+00
12.97 	 -.4477202E+00
12.98 	 -.4064489E+00
12.99 	 -.3751086E+00
13.0 	 -.3529993E+00
13.01 	 -.3489120E+00
13.02 	 -.3743779E+00
13.03 	 -.4345677E+00
13.04 	 -.5212803E+00
13.05 	 -.6047725E+00
13.06 	 -.6820740E+00
13.07 	 -.7715168E+00
13.08 	 -.8703206E+00
13.09 	 -.9572631E+00
13.1 	 -.1003241E+01
13.11 	 -.1007404E+01
13.12 	 -.9654926E+00
13.13 	 -.8719352E+00
13.14 	 -.7532249E+00
13.15 	 -.6351847E+00
13.16 	 -.5276556E+00
13.17 	 -.4279074E+00
13.18 	 -.3335997E+00
13.19 	 -.2592142E+00
13.2 	 -.1895492E+00
13.21 	 -.9549144E-01
13.22 	 .3250005E-01
13.23 	 .1951254E+00
13.24 	 .3806732E+00
13.25 	 .5594404E+00
13.26 	 .7097244E+00
13.27 	 .8325654E+00
13.28 	 .9131819E+00
13.29 	 .9420626E+00
13.3 	 .9485709E+00
13.31 	 .9941436E+00
13.32 	 .1110134E+01
13.33 	 .1281371E+01
13.34 	 .1493031E+01
13.35 	 .1718144E+01
13.36 	 .1925365E+01
13.37 	 .2107722E+01
13.38 	 .2249346E+01
13.39 	 .2320931E+01
13.4 	 .2310638E+01
13.41 	 .2238048E+01
13.42 	 .2138935E+01
13.43 	 .2048153E+01
13.44 	 .2018208E+01
13.45 	 .2063071E+01
13.46 	 .2107944E+01
13.47 	 .2095050E+01
13.48 	 .2000398E+01
13.49 	 .1827807E+01
13.5 	 .1645775E+01
13.51 	 .1491956E+01
13.52 	 .1363810E+01
13.53 	 .1240625E+01
13.54 	 .1114969E+01
13.55 	 .1020907E+01
13.56 	 .9555783E+00
13.57 	 .8816784E+00
13.58 	 .7882464E+00
13.59 	 .6662213E+00
13.6 	 .5159431E+00
13.61 	 .3772562E+00
13.62 	 .2781937E+00
13.63 	 .2093646E+00
13.64 	 .1446059E+00
13.65 	 .6406552E-01
13.66 	 -.4737825E-01
13.67 	 -.1709233E+00
13.68 	 -.2559542E+00
13.69 	 -.2728075E+00
13.7 	 -.2079918E+00
13.71 	 -.7416849E-01
13.72 	 .9646888E-01
13.73 	 .2610756E+00
13.74 	 .3876382E+00
13.75 	 .4694759E+00
13.76 	 .5195701E+00
13.77 	 .5468718E+00
13.78 	 .5601720E+00
13.79 	 .5618209E+00
13.8 	 .5295662E+00
13.81 	 .4659680E+00
13.82 	 .3956691E+00
13.83 	 .3454124E+00
13.84 	 .2876549E+00
13.85 	 .1959837E+00
13.86 	 .1008522E+00
13.87 	 .2345261E-01
13.88 	 -.4328577E-01
13.89 	 -.1174850E+00
13.9 	 -.2031454E+00
13.91 	 -.2864755E+00
13.92 	 -.3631749E+00
13.93 	 -.4435947E+00
13.94 	 -.5432966E+00
13.95 	 -.6652509E+00
13.96 	 -.7858951E+00
13.97 	 -.8732456E+00
13.98 	 -.9159211E+00
13.99 	 -.9272132E+00
14.0 	 -.9464161E+00
14.01 	 -.9823309E+00
14.02 	 -.1014985E+01
14.03 	 -.1054610E+01
14.04 	 -.1112917E+01
14.05 	 -.1209319E+01
14.06 	 -.1342494E+01
14.07 	 -.1496772E+01
14.08 	 -.1670592E+01
14.09 	 -.1855473E+01
14.1 	 -.2040274E+01
14.11 	 -.2205842E+01
14.12 	 -.2308354E+01
14.13 	 -.2330437E+01
14.14 	 -.2291133E+01
14.15 	 -.2195323E+01
14.16 	 -.2057169E+01
14.17 	 -.1894351E+01
14.18 	 -.1724813E+01
14.19 	 -.1567776E+01
14.2 	 -.1435902E+01
14.21 	 -.1361985E+01
14.22 	 -.1353844E+01
14.23 	 -.1403020E+01
14.24 	 -.1492520E+01
14.25 	 -.1592032E+01
14.26 	 -.1685502E+01
14.27 	 -.1759181E+01
14.28 	 -.1804516E+01
14.29 	 -.1816328E+01
14.3 	 -.1797136E+01
14.31 	 -.1759202E+01
14.32 	 -.1730119E+01
14.33 	 -.1715388E+01
14.34 	 -.1687695E+01
14.35 	 -.1634349E+01
14.36 	 -.1554211E+01
14.37 	 -.1438088E+01
14.38 	 -.1287212E+01
14.39 	 -.1096061E+01
14.4 	 -.8844777E+00
14.41 	 -.6999976E+00
14.42 	 -.5595223E+00
14.43 	 -.4557610E+00
14.44 	 -.3595505E+00
14.45 	 -.2500986E+00
14.46 	 -.1114334E+00
14.47 	 .5849524E-01
14.48 	 .2162525E+00
14.49 	 .3403861E+00
14.5 	 .4726507E+00
14.51 	 .6354585E+00
14.52 	 .8039871E+00
14.53 	 .9665250E+00
14.54 	 .1107721E+01
14.55 	 .1210722E+01
14.56 	 .1294731E+01
14.57 	 .1364379E+01
14.58 	 .1396622E+01
14.59 	 .1396212E+01
14.6 	 .1384721E+01
14.61 	 .1379551E+01
14.62 	 .1401043E+01
14.63 	 .1457180E+01
14.64 	 .1518376E+01
14.65 	 .1550890E+01
14.66 	 .1557201E+01
14.67 	 .1543600E+01
14.68 	 .1531249E+01
14.69 	 .1520578E+01
14.7 	 .1505886E+01
14.71 	 .1491275E+01
14.72 	 .1477703E+01
14.73 	 .1469863E+01
14.74 	 .1455141E+01
14.75 	 .1442450E+01
14.76 	 .1456162E+01
14.77 	 .1502917E+01
14.78 	 .1549733E+01
14.79 	 .1586527E+01
14.8 	 .1609330E+01
14.81 	 .1619961E+01
14.82 	 .1631403E+01
14.83 	 .1634514E+01
14.84 	 .1628153E+01
14.85 	 .1622473E+01
14.86 	 .1616023E+01
14.87 	 .1594260E+01
14.88 	 .1566978E+01
14.89 	 .1536865E+01
14.9 	 .1481509E+01
14.91 	 .1371597E+01
14.92 	 .1214821E+01
14.93 	 .1047563E+01
14.94 	 .8899156E+00
14.95 	 .7546911E+00
14.96 	 .6300578E+00
14.97 	 .4877126E+00
14.98 	 .3302657E+00
14.99 	 .1852301E+00
15.0 	 .6795767E-01
15.01 	 -.1657119E-01
15.02 	 -.4631402E-01
15.03 	 -.2349107E-01
15.04 	 .2547476E-01
15.05 	 .6955006E-01
15.06 	 .9514333E-01
15.07 	 .1148360E+00
15.08 	 .1292280E+00
15.09 	 .1451902E+00
15.1 	 .1626926E+00
15.11 	 .1827753E+00
15.12 	 .2053983E+00
15.13 	 .2214605E+00
15.14 	 .2237613E+00
15.15 	 .1889380E+00
15.16 	 .1334824E+00
15.17 	 .7243615E-01
15.18 	 -.7762164E-02
15.19 	 -.1047623E+00
15.2 	 -.2234749E+00
15.21 	 -.3557289E+00
15.22 	 -.4909732E+00
15.23 	 -.6265076E+00
15.24 	 -.7575515E+00
15.25 	 -.8501811E+00
15.26 	 -.8884748E+00
15.27 	 -.9031359E+00
15.28 	 -.9177670E+00
15.29 	 -.9332381E+00
15.3 	 -.9348377E+00
15.31 	 -.9452283E+00
15.32 	 -.9878725E+00
15.33 	 -.1041168E+01
15.34 	 -.1096643E+01
15.35 	 -.1150299E+01
15.36 	 -.1194883E+01
15.37 	 -.1230046E+01
15.38 	 -.1262389E+01
15.39 	 -.1298733E+01
15.4 	 -.1325125E+01
15.41 	 -.1348477E+01
15.42 	 -.1373639E+01
15.43 	 -.1393321E+01
15.44 	 -.1409912E+01
15.45 	 -.1429774E+01
15.46 	 -.1451266E+01
15.47 	 -.1458596E+01
15.48 	 -.1447294E+01
15.49 	 -.1422811E+01
15.5 	 -.1380746E+01
15.51 	 -.1319838E+01
15.52 	 -.1245580E+01
15.53 	 -.1164090E+01
15.54 	 -.1093222E+01
15.55 	 -.1055047E+01
15.56 	 -.1054426E+01
15.57 	 -.1065517E+01
15.58 	 -.1045404E+01
15.59 	 -.9912876E+00
15.6 	 -.9343108E+00
15.61 	 -.8752337E+00
15.62 	 -.8150966E+00
15.63 	 -.7661506E+00
15.64 	 -.7258456E+00
15.65 	 -.6853606E+00
15.66 	 -.6450957E+00
15.67 	 -.5952696E+00
15.68 	 -.5362326E+00
15.69 	 -.4750153E+00
15.7 	 -.4091375E+00
15.71 	 -.3560711E+00
15.72 	 -.3114857E+00
15.73 	 -.2619097E+00
15.74 	 -.2069531E+00
15.75 	 -.1402752E+00
15.76 	 -.5320508E-01
15.77 	 .6140807E-01
15.78 	 .1990937E+00
15.79 	 .3259782E+00
15.8 	 .4226094E+00
15.81 	 .4974282E+00
15.82 	 .5365430E+00
15.83 	 .5653967E+00
15.84 	 .6165628E+00
15.85 	 .6725495E+00
15.86 	 .7253858E+00
15.87 	 .7744818E+00
15.88 	 .8278481E+00
15.89 	 .8752839E+00
15.9 	 .8898460E+00
15.91 	 .8730446E+00
15.92 	 .8374812E+00
15.93 	 .7941070E+00
15.94 	 .7417617E+00
15.95 	 .6900665E+00
15.96 	 .6394514E+00
15.97 	 .5913166E+00
15.98 	 .5778756E+00
15.99 	 .6094596E+00
16.0 	 .6589555E+00
16.01 	 .7157122E+00
16.02 	 .7994519E+00
16.03 	 .8882821E+00
16.04 	 .9684914E+00
16.05 	 .1056812E+01
16.06 	 .1154373E+01
16.07 	 .1237732E+01
16.08 	 .1291539E+01
16.09 	 .1319512E+01
16.1 	 .1322383E+01
16.11 	 .1316713E+01
16.12 	 .1299251E+01
16.13 	 .1255597E+01
16.14 	 .1193111E+01
16.15 	 .1114552E+01
16.16 	 .1022693E+01
16.17 	 .9421642E+00
16.18 	 .8687165E+00
16.19 	 .8013995E+00
16.2 	 .7555649E+00
16.21 	 .7334528E+00
16.22 	 .7322331E+00
16.23 	 .7389842E+00
16.24 	 .7409548E+00
16.25 	 .7230633E+00
16.26 	 .6895399E+00
16.27 	 .6443854E+00
16.28 	 .5963405E+00
16.29 	 .5399046E+00
16.3 	 .4681171E+00
16.31 	 .3797577E+00
16.32 	 .2884180E+00
16.33 	 .2017689E+00
16.34 	 .1022183E+00
16.35 	 .2867686E-02
16.36 	 -.9052224E-01
16.37 	 -.1951634E+00
16.38 	 -.3291478E+00
16.39 	 -.4733533E+00
16.4 	 -.6056276E+00
16.41 	 -.7231902E+00
16.42 	 -.8273913E+00
16.43 	 -.9285221E+00
16.44 	 -.1029483E+01
16.45 	 -.1122753E+01
16.46 	 -.1205482E+01
16.47 	 -.1272979E+01
16.48 	 -.1330945E+01
16.49 	 -.1379570E+01
16.5 	 -.1423414E+01
16.51 	 -.1468809E+01
16.52 	 -.1489751E+01
16.53 	 -.1484600E+01
16.54 	 -.1456917E+01
16.55 	 -.1400411E+01
16.56 	 -.1318511E+01
16.57 	 -.1231261E+01
16.58 	 -.1157113E+01
16.59 	 -.1096316E+01
16.6 	 -.1044040E+01
16.61 	 -.1002925E+01
16.62 	 -.9569300E+00
16.63 	 -.8945629E+00
16.64 	 -.8479975E+00
16.65 	 -.8212443E+00
16.66 	 -.8011419E+00
16.67 	 -.7935308E+00
16.68 	 -.7746685E+00
16.69 	 -.7205824E+00
16.7 	 -.6455539E+00
16.71 	 -.5546937E+00
16.72 	 -.4525323E+00
16.73 	 -.3481206E+00
16.74 	 -.2508097E+00
16.75 	 -.1439677E+00
16.76 	 .1473993E-01
16.77 	 .2317840E+00
16.78 	 .4887026E+00
16.79 	 .7607027E+00
16.8 	 .1020721E+01
16.81 	 .1247836E+01
16.82 	 .1436867E+01
16.83 	 .1589574E+01
16.84 	 .1717439E+01
16.85 	 .1828581E+01
16.86 	 .1910410E+01
16.87 	 .1959336E+01
16.88 	 .1976588E+01
16.89 	 .1946965E+01
16.9 	 .1885528E+01
16.91 	 .1815921E+01
16.92 	 .1743333E+01
16.93 	 .1656063E+01
16.94 	 .1528700E+01
16.95 	 .1376493E+01
16.96 	 .1231197E+01
16.97 	 .1105804E+01
16.98 	 .9865907E+00
16.99 	 .8626872E+00
17.0 	 .7313829E+00
17.01 	 .5990186E+00
17.02 	 .4839461E+00
17.03 	 .3773445E+00
17.04 	 .2788938E+00
17.05 	 .2086263E+00
17.06 	 .1647116E+00
17.07 	 .1271176E+00
17.08 	 .8375304E-01
17.09 	 .3136745E-01
17.1 	 -.3161931E-01
17.11 	 -.9146572E-01
17.12 	 -.1602031E+00
17.13 	 -.2485126E+00
17.14 	 -.3450331E+00
17.15 	 -.4422836E+00
17.16 	 -.4937391E+00
17.17 	 -.4957791E+00
17.18 	 -.4695361E+00
17.19 	 -.3964378E+00
17.2 	 -.2871656E+00
17.21 	 -.1639519E+00
17.22 	 -.3450749E-01
17.23 	 .8520587E-01
17.24 	 .1850870E+00
17.25 	 .2734670E+00
17.26 	 .3433649E+00
17.27 	 .3845696E+00
17.28 	 .4081224E+00
17.29 	 .4219141E+00
17.3 	 .4298052E+00
17.31 	 .4304155E+00
17.32 	 .4311358E+00
17.33 	 .4370667E+00
17.34 	 .4422075E+00
17.35 	 .4435779E+00
17.36 	 .4278264E+00
17.37 	 .3931928E+00
17.38 	 .3632998E+00
17.39 	 .3434178E+00
17.4 	 .3135648E+00
17.41 	 .2724406E+00
17.42 	 .2235755E+00
17.43 	 .1686197E+00
17.44 	 .1148140E+00
17.45 	 .6237857E-01
17.46 	 .1458361E-01
17.47 	 -.1917980E-01
17.48 	 -.5048293E-01
17.49 	 -.8771670E-01
17.5 	 -.1283008E+00
17.51 	 -.1857368E+00
17.52 	 -.2650552E+00
17.53 	 -.3702364E+00
17.54 	 -.5024606E+00
17.55 	 -.6558771E+00
17.56 	 -.8296858E+00
17.57 	 -.1002624E+01
17.58 	 -.1161582E+01
17.59 	 -.1307077E+01
17.6 	 -.1439691E+01
17.61 	 -.1564835E+01
17.62 	 -.1680127E+01
17.63 	 -.1792649E+01
17.64 	 -.1904711E+01
17.65 	 -.2004361E+01
17.66 	 -.2093351E+01
17.67 	 -.2167418E+01
17.68 	 -.2205852E+01
17.69 	 -.2187579E+01
17.7 	 -.2113391E+01
17.71 	 -.2000048E+01
17.72 	 -.1851141E+01
17.73 	 -.1685602E+01
17.74 	 -.1523264E+01
17.75 	 -.1365446E+01
17.76 	 -.1203167E+01
17.77 	 -.1054430E+01
17.78 	 -.9467779E+00
17.79 	 -.8783898E+00
17.8 	 -.8270735E+00
17.81 	 -.7744570E+00
17.82 	 -.7196804E+00
17.83 	 -.6549025E+00
17.84 	 -.5817338E+00
17.85 	 -.5093351E+00
17.86 	 -.4303357E+00
17.87 	 -.3472958E+00
17.88 	 -.2755672E+00
17.89 	 -.2038085E+00
17.9 	 -.1192984E+00
17.91 	 -.2081675E-01
17.92 	 .7496461E-01
17.93 	 .1675756E+00
17.94 	 .2549161E+00
17.95 	 .3159837E+00
17.96 	 .3626897E+00
17.97 	 .4110160E+00
17.98 	 .4477210E+00
17.99 	 .4611734E+00
18.0 	 .4672350E+00
18.01 	 .4709164E+00
18.02 	 .4684672E+00
18.03 	 .4679482E+00
18.04 	 .4773603E+00
18.05 	 .4834220E+00
18.06 	 .4690516E+00
18.07 	 .4399495E+00
18.08 	 .3966959E+00
18.09 	 .3400708E+00
18.1 	 .2908266E+00
18.11 	 .2534337E+00
18.12 	 .2290122E+00
18.13 	 .2112616E+00
18.14 	 .1872602E+00
18.15 	 .1583383E+00
18.16 	 .1196854E+00
18.17 	 .9044356E-01
18.18 	 .8142395E-01
18.19 	 .8296553E-01
18.2 	 .1031792E+00
18.21 	 .1326239E+00
18.22 	 .1752601E+00
18.23 	 .2318278E+00
18.24 	 .3076677E+00
18.25 	 .4244021E+00
18.26 	 .5640090E+00
18.27 	 .7102667E+00
18.28 	 .8419529E+00
18.29 	 .9428556E+00
18.3 	 .1005724E+01
18.31 	 .1029729E+01
18.32 	 .1018559E+01
18.33 	 .9609646E+00
18.34 	 .8626256E+00
18.35 	 .7264525E+00
18.36 	 .5533254E+00
18.37 	 .3612962E+00
18.38 	 .1702371E+00
18.39 	 -.8750612E-02
18.4 	 -.1556948E+00
18.41 	 -.2661749E+00
18.42 	 -.3529423E+00
18.43 	 -.4215178E+00
18.44 	 -.4854126E+00
18.45 	 -.5226545E+00
18.46 	 -.5161216E+00
18.47 	 -.4719645E+00
18.48 	 -.3898132E+00
18.49 	 -.2794987E+00
18.5 	 -.1530725E+00
18.51 	 -.3152674E-01
18.52 	 .6126589E-01
18.53 	 .1202048E+00
18.54 	 .1674125E+00
18.55 	 .2165805E+00
18.56 	 .2675487E+00
18.57 	 .3201271E+00
18.58 	 .3838267E+00
18.59 	 .4563374E+00
18.6 	 .5300382E+00
18.61 	 .6093997E+00
18.62 	 .6862310E+00
18.63 	 .7492007E+00
18.64 	 .7864577E+00
18.65 	 .8008923E+00
18.66 	 .8031355E+00
18.67 	 .8022884E+00
18.68 	 .8012714E+00
18.69 	 .8034847E+00
18.7 	 .8117988E+00
18.71 	 .8182627E+00
18.72 	 .8267368E+00
18.73 	 .8306506E+00
18.74 	 .8107717E+00
18.75 	 .7783015E+00
18.76 	 .7314298E+00
18.77 	 .6645959E+00
18.78 	 .5892011E+00
18.79 	 .4966245E+00
18.8 	 .3909265E+00
18.81 	 .2864086E+00
18.82 	 .1829910E+00
18.83 	 .8705417E-01
18.84 	 -.4192073E-02
18.85 	 -.9536825E-01
18.86 	 -.1763433E+00
18.87 	 -.2375260E+00
18.88 	 -.2539138E+00
18.89 	 -.2361878E+00
18.9 	 -.2148214E+00
18.91 	 -.1901545E+00
18.92 	 -.1499359E+00
18.93 	 -.1045066E+00
18.94 	 -.6939847E-01
18.95 	 -.3190998E-01
18.96 	 .1912005E-01
18.97 	 .9253259E-01
18.98 	 .1718058E+00
18.99 	 .2341473E+00
19.0 	 .2721661E+00
19.01 	 .2744110E+00
19.02 	 .2541635E+00
19.03 	 .2308458E+00
19.04 	 .2064980E+00
19.05 	 .1798200E+00
19.06 	 .1527120E+00
19.07 	 .1233038E+00
19.08 	 .9843613E-01
19.09 	 .8684001E-01
19.1 	 .9096569E-01
19.11 	 .9492140E-01
19.12 	 .8023512E-01
19.13 	 .6196851E-01
19.14 	 .2925037E-01
19.15 	 -.2256980E-01
19.16 	 -.8651125E-01
19.17 	 -.1491925E+00
19.18 	 -.1889912E+00
19.19 	 -.2244693E+00
19.2 	 -.2637778E+00
19.21 	 -.3065366E+00
19.22 	 -.3465050E+00
19.23 	 -.3659711E+00
19.24 	 -.3641448E+00
19.25 	 -.3523673E+00
19.26 	 -.3436601E+00
19.27 	 -.3345728E+00
19.28 	 -.3256455E+00
19.29 	 -.3164980E+00
19.3 	 -.2981895E+00
19.31 	 -.2726101E+00
19.32 	 -.2448204E+00
19.33 	 -.2201310E+00
19.34 	 -.2066527E+00
19.35 	 -.1909841E+00
19.36 	 -.1632741E+00
19.37 	 -.1401246E+00
19.38 	 -.1142647E+00
19.39 	 -.8618443E-01
19.4 	 -.7311578E-01
19.41 	 -.8659996E-01
19.42 	 -.1144156E+00
19.43 	 -.1368407E+00
19.44 	 -.1621359E+00
19.45 	 -.1849609E+00
19.46 	 -.1918940E+00
19.47 	 -.1884058E+00
19.48 	 -.1934786E+00
19.49 	 -.2142630E+00
19.5 	 -.2475986E+00
19.51 	 -.2997863E+00
19.52 	 -.3583146E+00
19.53 	 -.4043815E+00
19.54 	 -.4305161E+00
19.55 	 -.4389886E+00
19.56 	 -.4431406E+00
19.57 	 -.4431121E+00
19.58 	 -.4126701E+00
19.59 	 -.3412036E+00
19.6 	 -.2619761E+00
19.61 	 -.1994003E+00
19.62 	 -.1545264E+00
19.63 	 -.1197936E+00
19.64 	 -.8397054E-01
19.65 	 -.4045656E-01
19.66 	 .1247308E-02
19.67 	 .4457144E-01
19.68 	 .1076278E+00
19.69 	 .1857860E+00
19.7 	 .2613339E+00
19.71 	 .3219703E+00
19.72 	 .3640447E+00
19.73 	 .3928678E+00
19.74 	 .4241012E+00
19.75 	 .4552047E+00
19.76 	 .4837080E+00
19.77 	 .5195021E+00
19.78 	 .5535162E+00
19.79 	 .5830899E+00
19.8 	 .6118736E+00
19.81 	 .6285860E+00
19.82 	 .6402280E+00
19.83 	 .6536203E+00
19.84 	 .6534312E+00
19.85 	 .6429110E+00
19.86 	 .6258102E+00
19.87 	 .5846468E+00
19.88 	 .5056694E+00
19.89 	 .3925383E+00
19.9 	 .2475839E+00
19.91 	 .7440637E-01
19.92 	 -.9851100E-01
19.93 	 -.2670578E+00
19.94 	 -.4301139E+00
19.95 	 -.5692272E+00
19.96 	 -.6806574E+00
19.97 	 -.7615042E+00
19.98 	 -.8261090E+00
19.99 	 -.8728018E+00
20.0 	 -.8996923E+00
20.01 	 -.9248726E+00
20.02 	 -.9411217E+00
20.03 	 -.9395988E+00
20.04 	 -.9277647E+00
20.05 	 -.9196208E+00
20.06 	 -.9130970E+00
20.07 	 -.9006025E+00
20.08 	 -.8737563E+00
20.09 	 -.8282079E+00
20.1 	 -.7830995E+00
20.11 	 -.7567330E+00
20.12 	 -.7449780E+00
20.13 	 -.7247320E+00
20.14 	 -.6791931E+00
20.15 	 -.6034808E+00
20.16 	 -.5037557E+00
20.17 	 -.3787677E+00
20.18 	 -.2422484E+00
20.19 	 -.1089893E+00
20.2 	 .1633900E-01
20.21 	 .1221153E+00
20.22 	 .2133201E+00
20.23 	 .2930937E+00
20.24 	 .3595560E+00
20.25 	 .4038660E+00
20.26 	 .4294540E+00
20.27 	 .4464212E+00
20.28 	 .4542875E+00
20.29 	 .4575834E+00
20.3 	 .4559889E+00
20.31 	 .4429432E+00
20.32 	 .4226268E+00
20.33 	 .3936797E+00
20.34 	 .3420801E+00
20.35 	 .2739388E+00
20.36 	 .1873557E+00
20.37 	 .8128045E-01
20.38 	 -.2668484E-01
20.39 	 -.1321397E+00
20.4 	 -.2208927E+00
20.41 	 -.2884732E+00
20.42 	 -.3324210E+00
20.43 	 -.3367543E+00
20.44 	 -.3024533E+00
20.45 	 -.2391889E+00
20.46 	 -.1611928E+00
20.47 	 -.7724594E-01
20.48 	 .1226167E-01
20.49 	 .1058198E+00
20.5 	 .2118295E+00
20.51 	 .3218597E+00
20.52 	 .4216889E+00
20.53 	 .5186180E+00
20.54 	 .6123668E+00
20.55 	 .7018652E+00
20.56 	 .7782324E+00
20.57 	 .8379178E+00
20.58 	 .8838518E+00
20.59 	 .9186547E+00
20.6 	 .9536578E+00
20.61 	 .9830304E+00
20.62 	 .9889305E+00
20.63 	 .9754887E+00
20.64 	 .9583865E+00
20.65 	 .9393043E+00
20.66 	 .9015501E+00
20.67 	 .8430938E+00
20.68 	 .7792270E+00
20.69 	 .7021989E+00
20.7 	 .5982580E+00
20.71 	 .4738749E+00
20.72 	 .3531524E+00
20.73 	 .2381707E+00
20.74 	 .1237491E+00
20.75 	 .2274915E-01
20.76 	 -.5989867E-01
20.77 	 -.1314751E+00
20.78 	 -.2042516E+00
20.79 	 -.2885792E+00
20.8 	 -.3905986E+00
20.81 	 -.4941781E+00
20.82 	 -.5745148E+00
20.83 	 -.6451204E+00
20.84 	 -.7043246E+00
20.85 	 -.7351855E+00
20.86 	 -.7534650E+00
20.87 	 -.7652135E+00
20.88 	 -.7735116E+00
20.89 	 -.7813594E+00
20.9 	 -.7877670E+00
20.91 	 -.7964147E+00
20.92 	 -.7964113E+00
20.93 	 -.7732952E+00
20.94 	 -.7389778E+00
20.95 	 -.7100408E+00
20.96 	 -.6925049E+00
20.97 	 -.6888305E+00
20.98 	 -.6855459E+00
20.99 	 -.6805610E+00
21.0 	 -.6797464E+00
21.01 	 -.6814720E+00
21.02 	 -.6847076E+00
21.03 	 -.6887332E+00
21.04 	 -.7051599E+00
21.05 	 -.7445491E+00
21.06 	 -.7963495E+00
21.07 	 -.8491898E+00
21.08 	 -.9006299E+00
21.09 	 -.9384983E+00
21.1 	 -.9565545E+00
21.11 	 -.9516879E+00
21.12 	 -.9146877E+00
21.13 	 -.8570251E+00
21.14 	 -.7892012E+00
21.15 	 -.7111161E+00
21.16 	 -.6282603E+00
21.17 	 -.5434941E+00
21.18 	 -.4602180E+00
21.19 	 -.3937136E+00
21.2 	 -.3343798E+00
21.21 	 -.2491930E+00
21.22 	 -.1398934E+00
21.23 	 -.2735338E-01
21.24 	 .8297658E-01
21.25 	 .1923866E+00
21.26 	 .2855349E+00
21.27 	 .3543807E+00
21.28 	 .4110554E+00
21.29 	 .4663300E+00
21.3 	 .5236550E+00
21.31 	 .5843404E+00
21.32 	 .6495366E+00
21.33 	 .7196734E+00
21.34 	 .7843597E+00
21.35 	 .8407453E+00
21.36 	 .8784790E+00
21.37 	 .8713179E+00
21.38 	 .8393242E+00
21.39 	 .8036402E+00
21.4 	 .7621558E+00
21.41 	 .7189113E+00
21.42 	 .6883283E+00
21.43 	 .6768476E+00
21.44 	 .6744180E+00
21.45 	 .6896605E+00
21.46 	 .7355265E+00
21.47 	 .7943841E+00
21.48 	 .8359999E+00
21.49 	 .8565235E+00
21.5 	 .8718368E+00
21.51 	 .8811395E+00
21.52 	 .8662496E+00
21.53 	 .8283274E+00
21.54 	 .7676029E+00
21.55 	 .6767352E+00
21.56 	 .5680356E+00
21.57 	 .4458547E+00
21.58 	 .3058020E+00
21.59 	 .1611589E+00
21.6 	 .3005748E-01
21.61 	 -.7732121E-01
21.62 	 -.1497159E+00
21.63 	 -.1981878E+00
21.64 	 -.2315380E+00
21.65 	 -.2398452E+00
21.66 	 -.2355909E+00
21.67 	 -.2265159E+00
21.68 	 -.2141304E+00
21.69 	 -.2059153E+00
21.7 	 -.2061009E+00
21.71 	 -.2244884E+00
21.72 	 -.2592775E+00
21.73 	 -.3086881E+00
21.74 	 -.3710300E+00
21.75 	 -.4263210E+00
21.76 	 -.4689604E+00
21.77 	 -.4905574E+00
21.78 	 -.4860013E+00
21.79 	 -.4746544E+00
21.8 	 -.4650275E+00
21.81 	 -.4552405E+00
21.82 	 -.4451233E+00
21.83 	 -.4281951E+00
21.84 	 -.3981855E+00
21.85 	 -.3569944E+00
21.86 	 -.3145931E+00
21.87 	 -.2734717E+00
21.88 	 -.2321403E+00
21.89 	 -.2037101E+00
21.9 	 -.1876311E+00
21.91 	 -.1709619E+00
21.92 	 -.1517722E+00
21.93 	 -.1215313E+00
21.94 	 -.6824765E-01
21.95 	 .1239914E-01
21.96 	 .1201890E+00
21.97 	 .2451510E+00
21.98 	 .3689029E+00
21.99 	 .4722427E+00
22.0 	 .5555005E+00
22.01 	 .6113554E+00
22.02 	 .6345068E+00
22.03 	 .6353759E+00
22.04 	 .6149328E+00
22.05 	 .5763378E+00
22.06 	 .5246216E+00
22.07 	 .4716853E+00
22.08 	 .4238097E+00
22.09 	 .3849453E+00
22.1 	 .3532217E+00
22.11 	 .3215683E+00
22.12 	 .2991961E+00
22.13 	 .2911356E+00
22.14 	 .3048975E+00
22.15 	 .3440925E+00
22.16 	 .4011295E+00
22.17 	 .4713681E+00
22.18 	 .5467774E+00
22.19 	 .6220468E+00
22.2 	 .6847950E+00
22.21 	 .7371821E+00
22.22 	 .8008406E+00
22.23 	 .8574685E+00
22.24 	 .8968846E+00
22.25 	 .9297601E+00
22.26 	 .9577653E+00
22.27 	 .9869306E+00
22.28 	 .9983841E+00
22.29 	 .1003717E+01
22.3 	 .1014801E+01
22.31 	 .1015124E+01
22.32 	 .1005945E+01
22.33 	 .9856860E+00
22.34 	 .9470747E+00
22.35 	 .8893415E+00
22.36 	 .8265279E+00
22.37 	 .7678248E+00
22.38 	 .7098019E+00
22.39 	 .6513791E+00
22.4 	 .5906962E+00
22.41 	 .5170319E+00
22.42 	 .4326266E+00
22.43 	 .3443310E+00
22.44 	 .2533752E+00
22.45 	 .1620994E+00
22.46 	 .6644334E-01
22.47 	 -.3186294E-01
22.48 	 -.1281889E+00
22.49 	 -.2235246E+00
22.5 	 -.2960077E+00
22.51 	 -.3451481E+00
22.52 	 -.3823371E+00
22.53 	 -.3995438E+00
22.54 	 -.4031989E+00
22.55 	 -.3960727E+00
22.56 	 -.3912167E+00
22.57 	 -.4035124E+00
22.58 	 -.4254791E+00
22.59 	 -.4417951E+00
22.6 	 -.4512102E+00
22.61 	 -.4577548E+00
22.62 	 -.4492778E+00
22.63 	 -.4417007E+00
22.64 	 -.4601964E+00
22.65 	 -.4835225E+00
22.66 	 -.5103689E+00
22.67 	 -.5490266E+00
22.68 	 -.5856238E+00
22.69 	 -.6250114E+00
22.7 	 -.6552478E+00
22.71 	 -.6653919E+00
22.72 	 -.6559637E+00
22.73 	 -.6276634E+00
22.74 	 -.6019633E+00
22.75 	 -.5838140E+00
22.76 	 -.5585137E+00
22.77 	 -.5326734E+00
22.78 	 -.5081230E+00
22.79 	 -.4712513E+00
22.8 	 -.4333393E+00
22.81 	 -.4084587E+00
22.82 	 -.3912688E+00
22.83 	 -.3601874E+00
22.84 	 -.3060333E+00
22.85 	 -.2446884E+00
22.86 	 -.1993651E+00
22.87 	 -.1647130E+00
22.88 	 -.1362314E+00
22.89 	 -.1184309E+00
22.9 	 -.1060910E+00
22.91 	 -.1149034E+00
22.92 	 -.1418076E+00
22.93 	 -.1801331E+00
22.94 	 -.2379806E+00
22.95 	 -.3255613E+00
22.96 	 -.4258133E+00
22.97 	 -.5172844E+00
22.98 	 -.6140059E+00
22.99 	 -.7185583E+00
23.0 	 -.8195801E+00
23.01 	 -.8993696E+00
23.02 	 -.9637074E+00
23.03 	 -.1009393E+01
23.04 	 -.1028246E+01
23.05 	 -.1025566E+01
23.06 	 -.9956430E+00
23.07 	 -.9469181E+00
23.08 	 -.8843716E+00
23.09 	 -.8123039E+00
23.1 	 -.7312753E+00
23.11 	 -.6402955E+00
23.12 	 -.5548463E+00
23.13 	 -.4830385E+00
23.14 	 -.4243522E+00
23.15 	 -.3771671E+00
23.16 	 -.3404330E+00
23.17 	 -.3083395E+00
23.18 	 -.2687651E+00
23.19 	 -.2304008E+00
23.2 	 -.1963570E+00
23.21 	 -.1711741E+00
23.22 	 -.1535720E+00
23.23 	 -.1389202E+00
23.24 	 -.1226782E+00
23.25 	 -.9025440E-01
23.26 	 -.4526920E-01
23.27 	 .9857126E-02
23.28 	 .7412447E-01
23.29 	 .1550837E+00
23.3 	 .2456639E+00
23.31 	 .3241929E+00
23.32 	 .3924607E+00
23.33 	 .4544579E+00
23.34 	 .5099844E+00
23.35 	 .5680611E+00
23.36 	 .6225474E+00
23.37 	 .6481306E+00
23.38 	 .6464608E+00
23.39 	 .6196482E+00
23.4 	 .5578017E+00
23.41 	 .4654219E+00
23.42 	 .3691616E+00
23.43 	 .2771718E+00
23.44 	 .1789713E+00
23.45 	 .8213095E-01
23.46 	 -.1268921E-01
23.47 	 -.8734717E-01
23.48 	 -.1496938E+00
23.49 	 -.2156909E+00
23.5 	 -.2776675E+00
23.51 	 -.3391141E+00
23.52 	 -.3971103E+00
23.53 	 -.4518863E+00
23.54 	 -.5025018E+00
23.55 	 -.5408560E+00
23.56 	 -.5737896E+00
23.57 	 -.6035829E+00
23.58 	 -.6441475E+00
23.59 	 -.6995537E+00
23.6 	 -.7497995E+00
23.61 	 -.7942246E+00
23.62 	 -.8271185E+00
23.63 	 -.8434506E+00
23.64 	 -.8308596E+00
23.65 	 -.7930059E+00
23.66 	 -.7388305E+00
23.67 	 -.6599824E+00
23.68 	 -.5742936E+00
23.69 	 -.4955957E+00
23.7 	 -.4208883E+00
23.71 	 -.3481911E+00
23.72 	 -.2700635E+00
23.73 	 -.1876254E+00
23.74 	 -.1104880E+00
23.75 	 -.4003146E-01
23.76 	 .2911488E-01
23.77 	 .8602980E-01
23.78 	 .1405044E+00
23.79 	 .2093804E+00
23.8 	 .2694354E+00
23.81 	 .3016972E+00
23.82 	 .3037056E+00
23.83 	 .2756906E+00
23.84 	 .2337440E+00
23.85 	 .1922673E+00
23.86 	 .1478801E+00
23.87 	 .1050230E+00
23.88 	 .6916662E-01
23.89 	 .4209104E-01
23.9 	 .2703666E-01
23.91 	 .2312338E-01
23.92 	 .3255144E-01
23.93 	 .6042140E-01
23.94 	 .9543201E-01
23.95 	 .1250819E+00
23.96 	 .1487510E+00
23.97 	 .1733000E+00
23.98 	 .2110203E+00
23.99 	 .2591317E+00
24.0 	 .3054127E+00
24.01 	 .3518835E+00
24.02 	 .3926236E+00
24.03 	 .4327434E+00
24.04 	 .4914351E+00
24.05 	 .5599877E+00
24.06 	 .6349309E+00
24.07 	 .7104640E+00
24.08 	 .7781160E+00
24.09 	 .8330264E+00
24.1 	 .8744552E+00
24.11 	 .9102031E+00
24.12 	 .9405603E+00
24.13 	 .9694071E+00
24.14 	 .9999239E+00
24.15 	 .1032851E+01
24.16 	 .1062647E+01
24.17 	 .1079192E+01
24.18 	 .1090306E+01
24.19 	 .1097749E+01
24.2 	 .1087940E+01
24.21 	 .1073880E+01
24.22 	 .1072092E+01
24.23 	 .1072454E+01
24.24 	 .1074065E+01
24.25 	 .1076676E+01
24.26 	 .1068496E+01
24.27 	 .1063606E+01
24.28 	 .1061317E+01
24.29 	 .1040294E+01
24.3 	 .1000610E+01
24.31 	 .9512640E+00
24.32 	 .8863462E+00
24.33 	 .8009459E+00
24.34 	 .7020238E+00
24.35 	 .5911402E+00
24.36 	 .4757158E+00
24.37 	 .3590309E+00
24.38 	 .2420458E+00
24.39 	 .1288708E+00
24.4 	 .2776680E-01
24.41 	 -.5747572E-01
24.42 	 -.1258167E+00
24.43 	 -.1775561E+00
24.44 	 -.2226651E+00
24.45 	 -.2470322E+00
24.46 	 -.2442965E+00
24.47 	 -.2191188E+00
24.48 	 -.1795597E+00
24.49 	 -.1409011E+00
24.5 	 -.1003526E+00
24.51 	 -.5795426E-01
24.52 	 -.1392604E-01
24.53 	 .3285212E-01
24.54 	 .7162906E-01
24.55 	 .9741422E-01
24.56 	 .1169483E+00
24.57 	 .1331817E+00
24.58 	 .1561355E+00
24.59 	 .1938806E+00
24.6 	 .2248845E+00
24.61 	 .2401063E+00
24.62 	 .2485570E+00
24.63 	 .2473563E+00
24.64 	 .2335937E+00
24.65 	 .2005787E+00
24.66 	 .1429906E+00
24.67 	 .7515090E-01
24.68 	 -.2900293E-02
24.69 	 -.9092299E-01
24.7 	 -.1655346E+00
24.71 	 -.2347961E+00
24.72 	 -.2802254E+00
24.73 	 -.3009524E+00
24.74 	 -.3200496E+00
24.75 	 -.3277161E+00
24.76 	 -.3237417E+00
24.77 	 -.3016057E+00
24.78 	 -.2604081E+00
24.79 	 -.2083098E+00
24.8 	 -.1484911E+00
24.81 	 -.8760272E-01
24.82 	 -.2836501E-01
24.83 	 .2883199E-01
24.84 	 .6812655E-01
24.85 	 .8648831E-01
24.86 	 .8875781E-01
24.87 	 .7950554E-01
24.88 	 .5901153E-01
24.89 	 .2875594E-01
24.9 	 -.1527167E-01
24.91 	 -.7451149E-01
24.92 	 -.1358821E+00
24.93 	 -.1967931E+00
24.94 	 -.2572247E+00
24.95 	 -.3082357E+00
24.96 	 -.3424154E+00
24.97 	 -.3626242E+00
24.98 	 -.3740325E+00
24.99 	 -.3845913E+00
25.0 	 -.3880199E+00
25.01 	 -.3798278E+00
25.02 	 -.3597150E+00
25.03 	 -.3343321E+00
25.04 	 -.3143005E+00
25.05 	 -.3008501E+00
25.06 	 -.2883905E+00
25.07 	 -.2788918E+00
25.08 	 -.2773546E+00
25.09 	 -.2780082E+00
25.1 	 -.2865934E+00
25.11 	 -.3013798E+00
25.12 	 -.3302285E+00
25.13 	 -.3662086E+00
25.14 	 -.3983288E+00
25.15 	 -.4386707E+00
25.16 	 -.4880342E+00
25.17 	 -.5353781E+00
25.18 	 -.5643607E+00
25.19 	 -.5957343E+00
25.2 	 -.6371596E+00
25.21 	 -.6688545E+00
25.22 	 -.6873187E+00
25.23 	 -.7063637E+00
25.24 	 -.7324401E+00
25.25 	 -.7540468E+00
25.26 	 -.7785645E+00
25.27 	 -.8096036E+00
25.28 	 -.8370131E+00
25.29 	 -.8625131E+00
25.3 	 -.8877838E+00
25.31 	 -.9061545E+00
25.32 	 -.9131748E+00
25.33 	 -.9151452E+00
25.34 	 -.9178165E+00
25.35 	 -.9171682E+00
25.36 	 -.9086998E+00
25.37 	 -.8781498E+00
25.38 	 -.8318289E+00
25.39 	 -.7693570E+00
25.4 	 -.6813731E+00
25.41 	 -.5888295E+00
25.42 	 -.4940665E+00
25.43 	 -.3853128E+00
25.44 	 -.2758798E+00
25.45 	 -.1762788E+00
25.46 	 -.7207814E-01
25.47 	 .3021146E-01
25.48 	 .1165884E+00
25.49 	 .1865528E+00
25.5 	 .2421346E+00
25.51 	 .2861143E+00
25.52 	 .3262726E+00
25.53 	 .3653400E+00
25.54 	 .4068967E+00
25.55 	 .4530229E+00
25.56 	 .4920575E+00
25.57 	 .5334114E+00
25.58 	 .5802450E+00
25.59 	 .6372387E+00
25.6 	 .7141737E+00
25.61 	 .7977185E+00
25.62 	 .8748615E+00
25.63 	 .9350118E+00
25.64 	 .9777791E+00
25.65 	 .1015385E+01
25.66 	 .1046349E+01
25.67 	 .1069121E+01
25.68 	 .1075660E+01
25.69 	 .1055706E+01
25.7 	 .1015498E+01
25.71 	 .9535066E+00
25.72 	 .8802831E+00
25.73 	 .8024579E+00
25.74 	 .7120104E+00
25.75 	 .6169212E+00
25.76 	 .5270615E+00
25.77 	 .4374408E+00
25.78 	 .3413783E+00
25.79 	 .2412142E+00
25.8 	 .1468097E+00
25.81 	 .6779568E-01
25.82 	 -.3428575E-02
25.83 	 -.6163253E-01
25.84 	 -.9236461E-01
25.85 	 -.1024156E+00
25.86 	 -.1040968E+00
25.87 	 -.1061492E+00
25.88 	 -.1079427E+00
25.89 	 -.1120777E+00
25.9 	 -.1179441E+00
25.91 	 -.1246818E+00
25.92 	 -.1273202E+00
25.93 	 -.1259994E+00
25.94 	 -.1350410E+00
25.95 	 -.1436138E+00
25.96 	 -.1499176E+00
25.97 	 -.1569427E+00
25.98 	 -.1591986E+00
25.99 	 -.1687965E+00
26.0 	 -.1816661E+00
26.01 	 -.1906765E+00
26.02 	 -.1995182E+00
26.03 	 -.2026606E+00
26.04 	 -.1946331E+00
26.05 	 -.1718453E+00
26.06 	 -.1532393E+00
26.07 	 -.1338346E+00
26.08 	 -.1066103E+00
26.09 	 -.1114109E+00
26.1 	 -.1328948E+00
26.11 	 -.1538999E+00
26.12 	 -.1876879E+00
26.13 	 -.2238475E+00
26.14 	 -.2632489E+00
26.15 	 -.2966611E+00
26.16 	 -.3148230E+00
26.17 	 -.3268957E+00
26.18 	 -.3222580E+00
26.19 	 -.2896387E+00
26.2 	 -.2420092E+00
26.21 	 -.1917109E+00
26.22 	 -.1384738E+00
26.23 	 -.8386798E-01
26.24 	 -.3480430E-01
26.25 	 .1111750E-01
26.26 	 .5741782E-01
26.27 	 .1031665E+00
26.28 	 .1521341E+00
26.29 	 .2015301E+00
26.3 	 .2497444E+00
26.31 	 .2993973E+00
26.32 	 .3479885E+00
26.33 	 .3953079E+00
26.34 	 .4190731E+00
26.35 	 .4202143E+00
26.36 	 .4052920E+00
26.37 	 .3615449E+00
26.38 	 .3042947E+00
26.39 	 .2392319E+00
26.4 	 .1663466E+00
26.41 	 .6948702E-01
26.42 	 -.3860552E-01
26.43 	 -.1385589E+00
26.44 	 -.2401041E+00
26.45 	 -.3273695E+00
26.46 	 -.4006451E+00
26.47 	 -.4650115E+00
26.48 	 -.5198786E+00
26.49 	 -.5633762E+00
26.5 	 -.5843832E+00
26.51 	 -.5873099E+00
26.52 	 -.5849479E+00
26.53 	 -.5838178E+00
26.54 	 -.5780490E+00
26.55 	 -.5680216E+00
26.56 	 -.5551958E+00
26.57 	 -.5287203E+00
26.58 	 -.4858949E+00
26.59 	 -.4409111E+00
26.6 	 -.4037001E+00
26.61 	 -.3628606E+00
26.62 	 -.3211829E+00
26.63 	 -.2960390E+00
26.64 	 -.2880590E+00
26.65 	 -.2871916E+00
26.66 	 -.2906567E+00
26.67 	 -.2885432E+00
26.68 	 -.2733702E+00
26.69 	 -.2520386E+00
26.7 	 -.2248483E+00
26.71 	 -.1900293E+00
26.72 	 -.1428109E+00
26.73 	 -.8397325E-01
26.74 	 -.2328751E-01
26.75 	 .3904634E-01
26.76 	 .1043284E+00
26.77 	 .1599173E+00
26.78 	 .2016626E+00
26.79 	 .2267539E+00
26.8 	 .2273504E+00
26.81 	 .2160534E+00
26.82 	 .2036942E+00
26.83 	 .1935830E+00
26.84 	 .1851097E+00
26.85 	 .1726739E+00
26.86 	 .1615260E+00
26.87 	 .1550063E+00
26.88 	 .1488244E+00
26.89 	 .1400000E+00
26.9 	 .1280930E+00
26.91 	 .1134434E+00
26.92 	 .1025119E+00
26.93 	 .1030794E+00
26.94 	 .1085050E+00
26.95 	 .1193290E+00
26.96 	 .1468924E+00
26.97 	 .1925154E+00
26.98 	 .2308753E+00
26.99 	 .2435699E+00
27.0 	 .2472615E+00
27.01 	 .2479502E+00
27.02 	 .2463747E+00
27.03 	 .2443880E+00
27.04 	 .2292834E+00
27.05 	 .2088033E+00
27.06 	 .1993978E+00
27.07 	 .2017589E+00
27.08 	 .2179350E+00
27.09 	 .2386655E+00
27.1 	 .2623776E+00
27.11 	 .2967122E+00
27.12 	 .3365830E+00
27.13 	 .3744801E+00
27.14 	 .4129458E+00
27.15 	 .4529948E+00
27.16 	 .4862852E+00
27.17 	 .5217506E+00
27.18 	 .5665904E+00
27.19 	 .6102819E+00
27.2 	 .6472276E+00
27.21 	 .6844474E+00
27.22 	 .7229319E+00
27.23 	 .7623848E+00
27.24 	 .7928902E+00
27.25 	 .8121450E+00
27.26 	 .8193048E+00
27.27 	 .8122950E+00
27.28 	 .8055974E+00
27.29 	 .7955288E+00
27.3 	 .7847404E+00
27.31 	 .7788063E+00
27.32 	 .7754110E+00
27.33 	 .7677634E+00
27.34 	 .7521607E+00
27.35 	 .7316790E+00
27.36 	 .6999509E+00
27.37 	 .6716042E+00
27.38 	 .6527666E+00
27.39 	 .6200991E+00
27.4 	 .5830165E+00
27.41 	 .5419444E+00
27.42 	 .5005701E+00
27.43 	 .4643998E+00
27.44 	 .4171464E+00
27.45 	 .3604570E+00
27.46 	 .2935626E+00
27.47 	 .2287482E+00
27.48 	 .1728051E+00
27.49 	 .1158905E+00
27.5 	 .5695363E-01
27.51 	 .1225277E-03
27.52 	 -.6291691E-01
27.53 	 -.1312133E+00
27.54 	 -.1983138E+00
27.55 	 -.2669523E+00
27.56 	 -.3304203E+00
27.57 	 -.3926290E+00
27.58 	 -.4504693E+00
27.59 	 -.5057891E+00
27.6 	 -.5703232E+00
27.61 	 -.6415226E+00
27.62 	 -.7147696E+00
27.63 	 -.7797436E+00
27.64 	 -.8324590E+00
27.65 	 -.8751762E+00
27.66 	 -.9132795E+00
27.67 	 -.9425699E+00
27.68 	 -.9658777E+00
27.69 	 -.9868375E+00
27.7 	 -.9952799E+00
27.71 	 -.9932595E+00
27.72 	 -.9863450E+00
27.73 	 -.9780533E+00
27.74 	 -.9580901E+00
27.75 	 -.9251783E+00
27.76 	 -.8881726E+00
27.77 	 -.8437039E+00
27.78 	 -.7959570E+00
27.79 	 -.7499250E+00
27.8 	 -.7048605E+00
27.81 	 -.6590436E+00
27.82 	 -.6106572E+00
27.83 	 -.5636037E+00
27.84 	 -.5189673E+00
27.85 	 -.4754249E+00
27.86 	 -.4306948E+00
27.87 	 -.3846902E+00
27.88 	 -.3516516E+00
27.89 	 -.3339945E+00
27.9 	 -.3233567E+00
27.91 	 -.3182153E+00
27.92 	 -.3121943E+00
27.93 	 -.3073878E+00
27.94 	 -.3026409E+00
27.95 	 -.2952802E+00
27.96 	 -.2877065E+00
27.97 	 -.2673458E+00
27.98 	 -.2406688E+00
27.99 	 -.2205329E+00
28.0 	 -.2017994E+00
28.01 	 -.1824753E+00
28.02 	 -.1653695E+00
28.03 	 -.1511426E+00
28.04 	 -.1361892E+00
28.05 	 -.1251911E+00
28.06 	 -.1163254E+00
28.07 	 -.1062774E+00
28.08 	 -.9811631E-01
28.09 	 -.9243481E-01
28.1 	 -.8864303E-01
28.11 	 -.8239415E-01
28.12 	 -.7266506E-01
28.13 	 -.6044863E-01
28.14 	 -.4503077E-01
28.15 	 -.2633010E-01
28.16 	 -.6780894E-02
28.17 	 .1304189E-01
28.18 	 .3440272E-01
28.19 	 .5738957E-01
28.2 	 .8104350E-01
28.21 	 .1045465E+00
28.22 	 .1332251E+00
28.23 	 .1654651E+00
28.24 	 .1916527E+00
28.25 	 .2162633E+00
28.26 	 .2414504E+00
28.27 	 .2617020E+00
28.28 	 .2779703E+00
28.29 	 .2890336E+00
28.3 	 .2971792E+00
28.31 	 .3055662E+00
28.32 	 .3105288E+00
28.33 	 .3113681E+00
28.34 	 .3077801E+00
28.35 	 .3022272E+00
28.36 	 .2972971E+00
28.37 	 .2957264E+00
28.38 	 .2940022E+00
28.39 	 .2864678E+00
28.4 	 .2745289E+00
28.41 	 .2585538E+00
28.42 	 .2453278E+00
28.43 	 .2357400E+00
28.44 	 .2251316E+00
28.45 	 .2146123E+00
28.46 	 .2059671E+00
28.47 	 .2006264E+00
28.48 	 .1969399E+00
28.49 	 .1894134E+00
28.5 	 .1778392E+00
28.51 	 .1640131E+00
28.52 	 .1456653E+00
28.53 	 .1253118E+00
28.54 	 .1061160E+00
28.55 	 .8841831E-01
28.56 	 .7159148E-01
28.57 	 .5522229E-01
28.58 	 .3999156E-01
28.59 	 .2536328E-01
28.6 	 .1257817E-01
28.61 	 .7657706E-03
28.62 	 -.1118463E-01
28.63 	 -.2228289E-01
28.64 	 -.3382181E-01
28.65 	 -.4572981E-01
28.66 	 -.5774849E-01
28.67 	 -.6724859E-01
28.68 	 -.7260761E-01
28.69 	 -.7595791E-01
28.7 	 -.7734292E-01
28.71 	 -.7785501E-01
28.72 	 -.7680017E-01
28.73 	 -.7475535E-01
28.74 	 -.7429896E-01
28.75 	 -.7562210E-01
28.76 	 -.7819043E-01
28.77 	 -.7973864E-01
28.78 	 -.7983216E-01
28.79 	 -.7860151E-01
28.8 	 -.7702433E-01
28.81 	 -.7546643E-01
28.82 	 -.7298185E-01
28.83 	 -.7096971E-01
28.84 	 -.6900439E-01
28.85 	 -.6619138E-01
28.86 	 -.6370137E-01
28.87 	 -.6170325E-01
28.88 	 -.5929912E-01
28.89 	 -.5593787E-01
28.9 	 -.5153215E-01
28.91 	 -.4655314E-01
28.92 	 -.4108159E-01
28.93 	 -.3465348E-01
28.94 	 -.2765397E-01
28.95 	 -.2095908E-01
28.96 	 -.1405896E-01
28.97 	 -.6552573E-02
28.98 	 .7110501E-03
28.99 	 .7095687E-02
29.0 	 .1238703E-01
29.01 	 .1738617E-01
29.02 	 .2159609E-01
29.03 	 .2489039E-01
29.04 	 .2781664E-01
29.05 	 .2999013E-01
29.06 	 .3159393E-01
29.07 	 .3187598E-01
29.08 	 .3100401E-01
29.09 	 .2967749E-01
29.1 	 .2789996E-01
29.11 	 .2603236E-01
29.12 	 .2432722E-01
29.13 	 .2302044E-01
29.14 	 .2212903E-01
29.15 	 .2143270E-01
29.16 	 .2085352E-01
29.17 	 .2046507E-01
29.18 	 .2020500E-01
29.19 	 .1999325E-01
29.2 	 .1985721E-01
29.21 	 .1988177E-01
29.22 	 .2011070E-01
29.23 	 .2036467E-01
29.24 	 .2031516E-01
29.25 	 .2040223E-01
29.26 	 .2090952E-01
29.27 	 .2123123E-01
29.28 	 .2130724E-01
29.29 	 .2131430E-01
29.3 	 .2124402E-01
29.31 	 .2130844E-01
29.32 	 .2138320E-01
29.33 	 .2129289E-01
29.34 	 .2114356E-01
29.35 	 .2098906E-01
29.36 	 .2077844E-01
29.37 	 .2040491E-01
29.38 	 .1995282E-01
29.39 	 .1950271E-01
29.4 	 .1905964E-01
29.41 	 .1852324E-01
29.42 	 .1799126E-01
29.43 	 .1762372E-01
29.44 	 .1730816E-01
29.45 	 .1704339E-01
29.46 	 .1685777E-01
29.47 	 .1668492E-01
29.48 	 .1648527E-01
29.49 	 .1622874E-01
29.5 	 .1595465E-01
29.51 	 .1571099E-01
29.52 	 .1552191E-01
29.53 	 .1542836E-01
29.54 	 .1536988E-01
29.55 	 .1529930E-01
29.56 	 .1521971E-01
29.57 	 .1512795E-01
29.58 	 .1502531E-01
29.59 	 .1491247E-01
29.6 	 .1479008E-01
29.61 	 .1465855E-01
29.62 	 .1452124E-01
29.63 	 .1436889E-01
29.64 	 .1420537E-01
29.65 	 .1402492E-01
29.66 	 .1382048E-01
29.67 	 .1360330E-01
29.68 	 .1337755E-01
29.69 	 .1314007E-01
29.7 	 .1288357E-01
29.71 	 .1260749E-01
29.72 	 .1232162E-01
29.73 	 .1202355E-01
29.74 	 .1170726E-01
29.75 	 .1137730E-01
29.76 	 .1103570E-01
29.77 	 .1068583E-01
29.78 	 .1032923E-01
29.79 	 .9962822E-02
29.8 	 .9585724E-02
29.81 	 .9197268E-02
29.82 	 .8796803E-02
29.83 	 .8384069E-02
29.84 	 .7958632E-02
29.85 	 .7520302E-02
29.86 	 .7069047E-02
29.87 	 .6604695E-02
29.88 	 .6126976E-02
29.89 	 .5635598E-02
29.9 	 .5130278E-02
29.91 	 .4610726E-02
29.92 	 .4076597E-02
29.93 	 .3527545E-02
29.94 	 .2963127E-02
29.95 	 .2382909E-02
29.96 	 .1786450E-02
29.97 	 .1173291E-02
29.98 	 .5429526E-03
29.99 	 -.1050536E-03
