0.0 	 .0000000E+00
0.01 	 .3281133E-06
0.02 	 .9437657E-06
0.03 	 .1193276E-05
0.04 	 .1080889E-05
0.05 	 .5140980E-06
0.06 	 -.2085141E-05
0.07 	 -.9133770E-05
0.08 	 -.2317505E-04
0.09 	 -.4309293E-04
0.1 	 -.5747351E-04
0.11 	 -.5286608E-04
0.12 	 -.2726125E-04
0.13 	 .1626654E-04
0.14 	 .6950973E-04
0.15 	 .1228622E-03
0.16 	 .1820228E-03
0.17 	 .2546823E-03
0.18 	 .3427839E-03
0.19 	 .4505061E-03
0.2 	 .5624629E-03
0.21 	 .6540380E-03
0.22 	 .7316418E-03
0.23 	 .8009872E-03
0.24 	 .8298177E-03
0.25 	 .7792809E-03
0.26 	 .6284563E-03
0.27 	 .3620286E-03
0.28 	 .2111163E-05
0.29 	 -.3872248E-03
0.3 	 -.7747370E-03
0.31 	 -.1185128E-02
0.32 	 -.1671423E-02
0.33 	 -.2245364E-02
0.34 	 -.2866198E-02
0.35 	 -.3500930E-02
0.36 	 -.4053047E-02
0.37 	 -.4346399E-02
0.38 	 -.4313001E-02
0.39 	 -.4042175E-02
0.4 	 -.3657611E-02
0.41 	 -.3257969E-02
0.42 	 -.2832226E-02
0.43 	 -.2241822E-02
0.44 	 -.1329359E-02
0.45 	 .1945060E-04
0.46 	 .1786757E-02
0.47 	 .3873721E-02
0.48 	 .6185516E-02
0.49 	 .8463467E-02
0.5 	 .1033987E-01
0.51 	 .1162307E-01
0.52 	 .1236648E-01
0.53 	 .1270884E-01
0.54 	 .1262765E-01
0.55 	 .1203062E-01
0.56 	 .1105978E-01
0.57 	 .1009576E-01
0.58 	 .9527014E-02
0.59 	 .9409143E-02
0.6 	 .9293910E-02
0.61 	 .8669189E-02
0.62 	 .7448886E-02
0.63 	 .5718271E-02
0.64 	 .3582668E-02
0.65 	 .1346794E-02
0.66 	 -.7255139E-03
0.67 	 -.2464364E-02
0.68 	 -.3711682E-02
0.69 	 -.4719194E-02
0.7 	 -.6054594E-02
0.71 	 -.7872936E-02
0.72 	 -.9823645E-02
0.73 	 -.1151342E-01
0.74 	 -.1276729E-01
0.75 	 -.1346561E-01
0.76 	 -.1354606E-01
0.77 	 -.1337374E-01
0.78 	 -.1322545E-01
0.79 	 -.1286481E-01
0.8 	 -.1225923E-01
0.81 	 -.1169545E-01
0.82 	 -.1123983E-01
0.83 	 -.1091241E-01
0.84 	 -.1084798E-01
0.85 	 -.1078717E-01
0.86 	 -.1028405E-01
0.87 	 -.9269012E-02
0.88 	 -.7954382E-02
0.89 	 -.6505774E-02
0.9 	 -.4855800E-02
0.91 	 -.3178268E-02
0.92 	 -.1980443E-02
0.93 	 -.1421477E-02
0.94 	 -.1126320E-02
0.95 	 -.3374949E-03
0.96 	 .1505984E-02
0.97 	 .4061373E-02
0.98 	 .6264254E-02
0.99 	 .7235381E-02
1.0 	 .7002865E-02
1.01 	 .6168074E-02
1.02 	 .5034737E-02
1.03 	 .3548618E-02
1.04 	 .1731430E-02
1.05 	 -.1230403E-03
1.06 	 -.1488472E-02
1.07 	 -.1926844E-02
1.08 	 -.1152812E-02
1.09 	 .6991535E-03
1.1 	 .2913911E-02
1.11 	 .4652949E-02
1.12 	 .4950574E-02
1.13 	 .3246932E-02
1.14 	 .4362844E-03
1.15 	 -.1663684E-02
1.16 	 -.2054602E-02
1.17 	 -.1382616E-02
1.18 	 -.1324588E-02
1.19 	 -.3572661E-02
1.2 	 -.8610271E-02
1.21 	 -.1540396E-01
1.22 	 -.2237403E-01
1.23 	 -.2781701E-01
1.24 	 -.3031357E-01
1.25 	 -.2939665E-01
1.26 	 -.2505700E-01
1.27 	 -.1779278E-01
1.28 	 -.9643124E-02
1.29 	 -.3022247E-02
1.3 	 .1371268E-02
1.31 	 .4351216E-02
1.32 	 .7378789E-02
1.33 	 .1189618E-01
1.34 	 .1842367E-01
1.35 	 .2663938E-01
1.36 	 .3561434E-01
1.37 	 .4438232E-01
1.38 	 .5222121E-01
1.39 	 .5795714E-01
1.4 	 .6095889E-01
1.41 	 .6230284E-01
1.42 	 .6425768E-01
1.43 	 .6903163E-01
1.44 	 .7698804E-01
1.45 	 .8645462E-01
1.46 	 .9519942E-01
1.47 	 .1015171E+00
1.48 	 .1046218E+00
1.49 	 .1039193E+00
1.5 	 .9894487E-01
1.51 	 .9035959E-01
1.52 	 .7994142E-01
1.53 	 .6939595E-01
1.54 	 .5889284E-01
1.55 	 .4673902E-01
1.56 	 .3063077E-01
1.57 	 .9913650E-02
1.58 	 -.1358143E-01
1.59 	 -.3662459E-01
1.6 	 -.5636815E-01
1.61 	 -.7239928E-01
1.62 	 -.8674387E-01
1.63 	 -.1021088E+00
1.64 	 -.1206733E+00
1.65 	 -.1433408E+00
1.66 	 -.1688678E+00
1.67 	 -.1942087E+00
1.68 	 -.2153711E+00
1.69 	 -.2287022E+00
1.7 	 -.2340534E+00
1.71 	 -.2351868E+00
1.72 	 -.2364264E+00
1.73 	 -.2396011E+00
1.74 	 -.2429499E+00
1.75 	 -.2435226E+00
1.76 	 -.2403674E+00
1.77 	 -.2346199E+00
1.78 	 -.2280820E+00
1.79 	 -.2221879E+00
1.8 	 -.2172166E+00
1.81 	 -.2119586E+00
1.82 	 -.2046272E+00
1.83 	 -.1940666E+00
1.84 	 -.1800178E+00
1.85 	 -.1633262E+00
1.86 	 -.1455310E+00
1.87 	 -.1276851E+00
1.88 	 -.1099066E+00
1.89 	 -.9202414E-01
1.9 	 -.7469814E-01
1.91 	 -.5942239E-01
1.92 	 -.4702530E-01
1.93 	 -.3692214E-01
1.94 	 -.2792941E-01
1.95 	 -.1890510E-01
1.96 	 -.9175428E-02
1.97 	 .1360454E-02
1.98 	 .1278327E-01
1.99 	 .2471119E-01
2.0 	 .3634145E-01
2.01 	 .4731287E-01
2.02 	 .5709239E-01
2.03 	 .6430078E-01
2.04 	 .6801131E-01
2.05 	 .6994092E-01
2.06 	 .7310317E-01
2.07 	 .7829415E-01
2.08 	 .8374265E-01
2.09 	 .8675252E-01
2.1 	 .8469526E-01
2.11 	 .7634816E-01
2.12 	 .6391092E-01
2.13 	 .5202942E-01
2.14 	 .4486777E-01
2.15 	 .4443123E-01
2.16 	 .5016650E-01
2.17 	 .5998536E-01
2.18 	 .7116940E-01
2.19 	 .8174074E-01
2.2 	 .9188968E-01
2.21 	 .1031705E+00
2.22 	 .1169724E+00
2.23 	 .1331252E+00
2.24 	 .1493127E+00
2.25 	 .1626944E+00
2.26 	 .1711253E+00
2.27 	 .1722811E+00
2.28 	 .1645595E+00
2.29 	 .1499369E+00
2.3 	 .1333645E+00
2.31 	 .1194183E+00
2.32 	 .1099274E+00
2.33 	 .1035091E+00
2.34 	 .9848307E-01
2.35 	 .9536409E-01
2.36 	 .9569761E-01
2.37 	 .1002373E+00
2.38 	 .1080846E+00
2.39 	 .1168012E+00
2.4 	 .1233029E+00
2.41 	 .1256739E+00
2.42 	 .1242802E+00
2.43 	 .1209707E+00
2.44 	 .1170947E+00
2.45 	 .1118561E+00
2.46 	 .1034520E+00
2.47 	 .9084635E-01
2.48 	 .7391032E-01
2.49 	 .5415448E-01
2.5 	 .3528642E-01
2.51 	 .2154746E-01
2.52 	 .1569619E-01
2.53 	 .1824461E-01
2.54 	 .2729956E-01
2.55 	 .3919482E-01
2.56 	 .5005992E-01
2.57 	 .5780552E-01
2.58 	 .6265473E-01
2.59 	 .6553701E-01
2.6 	 .6700193E-01
2.61 	 .6652631E-01
2.62 	 .6255401E-01
2.63 	 .5363190E-01
2.64 	 .3832109E-01
2.65 	 .1583624E-01
2.66 	 -.1289651E-01
2.67 	 -.4649275E-01
2.68 	 -.8328287E-01
2.69 	 -.1197469E+00
2.7 	 -.1505642E+00
2.71 	 -.1716805E+00
2.72 	 -.1828861E+00
2.73 	 -.1854889E+00
2.74 	 -.1798801E+00
2.75 	 -.1667435E+00
2.76 	 -.1483857E+00
2.77 	 -.1283354E+00
2.78 	 -.1103495E+00
2.79 	 -.9687218E-01
2.8 	 -.8773538E-01
2.81 	 -.8115080E-01
2.82 	 -.7503742E-01
2.83 	 -.6757911E-01
2.84 	 -.5817890E-01
2.85 	 -.4769275E-01
2.86 	 -.3695406E-01
2.87 	 -.2558672E-01
2.88 	 -.1295011E-01
2.89 	 .3896647E-03
2.9 	 .1203943E-01
2.91 	 .1815449E-01
2.92 	 .1556140E-01
2.93 	 .4533426E-02
2.94 	 -.1084238E-01
2.95 	 -.2509696E-01
2.96 	 -.3436916E-01
2.97 	 -.3778254E-01
2.98 	 -.3674744E-01
2.99 	 -.3387941E-01
3.0 	 -.3192969E-01
3.01 	 -.3214095E-01
3.02 	 -.3298499E-01
3.03 	 -.3114371E-01
3.04 	 -.2444374E-01
3.05 	 -.1284000E-01
3.06 	 .2480663E-02
3.07 	 .1875507E-01
3.08 	 .3170558E-01
3.09 	 .3724901E-01
3.1 	 .3457528E-01
3.11 	 .2820002E-01
3.12 	 .2554862E-01
3.13 	 .3181047E-01
3.14 	 .4665136E-01
3.15 	 .6622827E-01
3.16 	 .8692308E-01
3.17 	 .1070269E+00
3.18 	 .1266495E+00
3.19 	 .1456518E+00
3.2 	 .1622151E+00
3.21 	 .1742742E+00
3.22 	 .1816958E+00
3.23 	 .1860677E+00
3.24 	 .1887685E+00
3.25 	 .1898608E+00
3.26 	 .1889177E+00
3.27 	 .1859493E+00
3.28 	 .1808444E+00
3.29 	 .1733404E+00
3.3 	 .1637451E+00
3.31 	 .1529136E+00
3.32 	 .1416787E+00
3.33 	 .1302450E+00
3.34 	 .1187590E+00
3.35 	 .1081633E+00
3.36 	 .9909852E-01
3.37 	 .9045861E-01
3.38 	 .8022955E-01
3.39 	 .6807027E-01
3.4 	 .5670864E-01
3.41 	 .5082479E-01
3.42 	 .5378092E-01
3.43 	 .6574345E-01
3.44 	 .8486253E-01
3.45 	 .1075092E+00
3.46 	 .1287630E+00
3.47 	 .1447976E+00
3.48 	 .1540018E+00
3.49 	 .1563164E+00
3.5 	 .1526215E+00
3.51 	 .1448068E+00
3.52 	 .1361370E+00
3.53 	 .1307074E+00
3.54 	 .1306643E+00
3.55 	 .1342919E+00
3.56 	 .1377424E+00
3.57 	 .1373167E+00
3.58 	 .1301871E+00
3.59 	 .1156486E+00
3.6 	 .9599583E-01
3.61 	 .7472939E-01
3.62 	 .5446175E-01
3.63 	 .3553998E-01
3.64 	 .1587438E-01
3.65 	 -.6379578E-02
3.66 	 -.3092003E-01
3.67 	 -.5596363E-01
3.68 	 -.7867484E-01
3.69 	 -.9625204E-01
3.7 	 -.1075518E+00
3.71 	 -.1133444E+00
3.72 	 -.1158287E+00
3.73 	 -.1183091E+00
3.74 	 -.1240404E+00
3.75 	 -.1339060E+00
3.76 	 -.1457559E+00
3.77 	 -.1567078E+00
3.78 	 -.1656605E+00
3.79 	 -.1722646E+00
3.8 	 -.1740250E+00
3.81 	 -.1663583E+00
3.82 	 -.1466893E+00
3.83 	 -.1179354E+00
3.84 	 -.8656403E-01
3.85 	 -.5877035E-01
3.86 	 -.3782400E-01
3.87 	 -.2289549E-01
3.88 	 -.1060610E-01
3.89 	 .3051315E-02
3.9 	 .2110744E-01
3.91 	 .4437082E-01
3.92 	 .7182973E-01
3.93 	 .1014336E+00
3.94 	 .1310658E+00
3.95 	 .1587355E+00
3.96 	 .1820346E+00
3.97 	 .1996155E+00
3.98 	 .2123691E+00
3.99 	 .2223511E+00
4.0 	 .2312908E+00
4.01 	 .2398445E+00
4.02 	 .2480839E+00
4.03 	 .2548626E+00
4.04 	 .2571296E+00
4.05 	 .2526539E+00
4.06 	 .2424845E+00
4.07 	 .2304245E+00
4.08 	 .2220545E+00
4.09 	 .2234545E+00
4.1 	 .2383319E+00
4.11 	 .2661629E+00
4.12 	 .3028795E+00
4.13 	 .3422761E+00
4.14 	 .3780081E+00
4.15 	 .4053772E+00
4.16 	 .4223821E+00
4.17 	 .4299190E+00
4.18 	 .4303880E+00
4.19 	 .4270124E+00
4.2 	 .4224972E+00
4.21 	 .4164199E+00
4.22 	 .4062115E+00
4.23 	 .3899569E+00
4.24 	 .3672650E+00
4.25 	 .3389692E+00
4.26 	 .3064949E+00
4.27 	 .2704515E+00
4.28 	 .2300675E+00
4.29 	 .1860987E+00
4.3 	 .1424681E+00
4.31 	 .1025987E+00
4.32 	 .6695118E-01
4.33 	 .3454494E-01
4.34 	 .3786341E-02
4.35 	 -.2675174E-01
4.36 	 -.5662953E-01
4.37 	 -.8434143E-01
4.38 	 -.1104298E+00
4.39 	 -.1382468E+00
4.4 	 -.1716744E+00
4.41 	 -.2123142E+00
4.42 	 -.2577314E+00
4.43 	 -.3025782E+00
4.44 	 -.3420226E+00
4.45 	 -.3753538E+00
4.46 	 -.4058229E+00
4.47 	 -.4371616E+00
4.48 	 -.4714900E+00
4.49 	 -.5088040E+00
4.5 	 -.5465970E+00
4.51 	 -.5798427E+00
4.52 	 -.6022246E+00
4.53 	 -.6086687E+00
4.54 	 -.5986035E+00
4.55 	 -.5766676E+00
4.56 	 -.5498435E+00
4.57 	 -.5240959E+00
4.58 	 -.5016734E+00
4.59 	 -.4815438E+00
4.6 	 -.4623315E+00
4.61 	 -.4428711E+00
4.62 	 -.4217509E+00
4.63 	 -.3981451E+00
4.64 	 -.3726129E+00
4.65 	 -.3466021E+00
4.66 	 -.3204751E+00
4.67 	 -.2932839E+00
4.68 	 -.2655670E+00
4.69 	 -.2404501E+00
4.7 	 -.2206300E+00
4.71 	 -.2059664E+00
4.72 	 -.1945884E+00
4.73 	 -.1843016E+00
4.74 	 -.1734571E+00
4.75 	 -.1610692E+00
4.76 	 -.1450289E+00
4.77 	 -.1228688E+00
4.78 	 -.9510883E-01
4.79 	 -.6482747E-01
4.8 	 -.3418221E-01
4.81 	 -.2613571E-02
4.82 	 .3207185E-01
4.83 	 .7121756E-01
4.84 	 .1146668E+00
4.85 	 .1624858E+00
4.86 	 .2155950E+00
4.87 	 .2737556E+00
4.88 	 .3331619E+00
4.89 	 .3869839E+00
4.9 	 .4283075E+00
4.91 	 .4528923E+00
4.92 	 .4602355E+00
4.93 	 .4529132E+00
4.94 	 .4349001E+00
4.95 	 .4084786E+00
4.96 	 .3726216E+00
4.97 	 .3245858E+00
4.98 	 .2623556E+00
4.99 	 .1864301E+00
5.0 	 .1018523E+00
5.01 	 .1840331E-01
5.02 	 -.5528734E-01
5.03 	 -.1168333E+00
5.04 	 -.1685941E+00
5.05 	 -.2146343E+00
5.06 	 -.2584496E+00
5.07 	 -.2998759E+00
5.08 	 -.3334524E+00
5.09 	 -.3526914E+00
5.1 	 -.3568539E+00
5.11 	 -.3523290E+00
5.12 	 -.3487832E+00
5.13 	 -.3545473E+00
5.14 	 -.3727101E+00
5.15 	 -.4012135E+00
5.16 	 -.4366557E+00
5.17 	 -.4757600E+00
5.18 	 -.5147443E+00
5.19 	 -.5507736E+00
5.2 	 -.5837487E+00
5.21 	 -.6148584E+00
5.22 	 -.6445948E+00
5.23 	 -.6730673E+00
5.24 	 -.7003014E+00
5.25 	 -.7248895E+00
5.26 	 -.7427836E+00
5.27 	 -.7498565E+00
5.28 	 -.7461874E+00
5.29 	 -.7354445E+00
5.3 	 -.7208367E+00
5.31 	 -.7030491E+00
5.32 	 -.6818516E+00
5.33 	 -.6584632E+00
5.34 	 -.6352400E+00
5.35 	 -.6139923E+00
5.36 	 -.5950131E+00
5.37 	 -.5768797E+00
5.38 	 -.5571985E+00
5.39 	 -.5343084E+00
5.4 	 -.5081399E+00
5.41 	 -.4795620E+00
5.42 	 -.4489565E+00
5.43 	 -.4157743E+00
5.44 	 -.3796721E+00
5.45 	 -.3413671E+00
5.46 	 -.3026308E+00
5.47 	 -.2656045E+00
5.48 	 -.2319515E+00
5.49 	 -.2027407E+00
5.5 	 -.1789222E+00
5.51 	 -.1604507E+00
5.52 	 -.1450708E+00
5.53 	 -.1299923E+00
5.54 	 -.1141319E+00
5.55 	 -.9804938E-01
5.56 	 -.8235906E-01
5.57 	 -.6575660E-01
5.58 	 -.4454850E-01
5.59 	 -.1469042E-01
5.6 	 .2607838E-01
5.61 	 .7850122E-01
5.62 	 .1429553E+00
5.63 	 .2180480E+00
5.64 	 .2984120E+00
5.65 	 .3763927E+00
5.66 	 .4468671E+00
5.67 	 .5104213E+00
5.68 	 .5720918E+00
5.69 	 .6366203E+00
5.7 	 .7045078E+00
5.71 	 .7726079E+00
5.72 	 .8369518E+00
5.73 	 .8954101E+00
5.74 	 .9484866E+00
5.75 	 .9967292E+00
5.76 	 .1039008E+01
5.77 	 .1073238E+01
5.78 	 .1096492E+01
5.79 	 .1105418E+01
5.8 	 .1099089E+01
5.81 	 .1080753E+01
5.82 	 .1055443E+01
5.83 	 .1027962E+01
5.84 	 .1001920E+01
5.85 	 .9774933E+00
5.86 	 .9518262E+00
5.87 	 .9225187E+00
5.88 	 .8900327E+00
5.89 	 .8567925E+00
5.9 	 .8251044E+00
5.91 	 .7968969E+00
5.92 	 .7746705E+00
5.93 	 .7606494E+00
5.94 	 .7535621E+00
5.95 	 .7479168E+00
5.96 	 .7368395E+00
5.97 	 .7152809E+00
5.98 	 .6826630E+00
5.99 	 .6422418E+00
6.0 	 .5973878E+00
6.01 	 .5490303E+00
6.02 	 .4957110E+00
6.03 	 .4344350E+00
6.04 	 .3627398E+00
6.05 	 .2826326E+00
6.06 	 .2006353E+00
6.07 	 .1231898E+00
6.08 	 .5294352E-01
6.09 	 -.1076996E-01
6.1 	 -.6874251E-01
6.11 	 -.1201595E+00
6.12 	 -.1638667E+00
6.13 	 -.2004000E+00
6.14 	 -.2316522E+00
6.15 	 -.2589536E+00
6.16 	 -.2817879E+00
6.17 	 -.2977918E+00
6.18 	 -.3043866E+00
6.19 	 -.3019841E+00
6.2 	 -.2944806E+00
6.21 	 -.2866451E+00
6.22 	 -.2821137E+00
6.23 	 -.2822423E+00
6.24 	 -.2862334E+00
6.25 	 -.2914828E+00
6.26 	 -.2951957E+00
6.27 	 -.2970812E+00
6.28 	 -.2991725E+00
6.29 	 -.3034461E+00
6.3 	 -.3096143E+00
6.31 	 -.3147618E+00
6.32 	 -.3150826E+00
6.33 	 -.3080837E+00
6.34 	 -.2941791E+00
6.35 	 -.2758429E+00
6.36 	 -.2545502E+00
6.37 	 -.2295012E+00
6.38 	 -.1984821E+00
6.39 	 -.1595309E+00
6.4 	 -.1133259E+00
6.41 	 -.6315578E-01
6.42 	 -.1265604E-01
6.43 	 .3490551E-01
6.44 	 .7625221E-01
6.45 	 .1089483E+00
6.46 	 .1324020E+00
6.47 	 .1463962E+00
6.48 	 .1497112E+00
6.49 	 .1418294E+00
6.5 	 .1240702E+00
6.51 	 .9936726E-01
6.52 	 .7210547E-01
6.53 	 .4601323E-01
6.54 	 .2240765E-01
6.55 	 .1128643E-02
6.56 	 -.1832963E-01
6.57 	 -.3636222E-01
6.58 	 -.5298251E-01
6.59 	 -.6823714E-01
6.6 	 -.8283109E-01
6.61 	 -.9760252E-01
6.62 	 -.1116003E+00
6.63 	 -.1211856E+00
6.64 	 -.1223103E+00
6.65 	 -.1137808E+00
6.66 	 -.9778411E-01
6.67 	 -.7790603E-01
6.68 	 -.5784459E-01
6.69 	 -.4086491E-01
6.7 	 -.2942447E-01
6.71 	 -.2580208E-01
6.72 	 -.3270095E-01
6.73 	 -.5300537E-01
6.74 	 -.8873298E-01
6.75 	 -.1387545E+00
6.76 	 -.1969637E+00
6.77 	 -.2541092E+00
6.78 	 -.3024418E+00
6.79 	 -.3392733E+00
6.8 	 -.3658429E+00
6.81 	 -.3838372E+00
6.82 	 -.3945551E+00
6.83 	 -.3994241E+00
6.84 	 -.4004200E+00
6.85 	 -.4001813E+00
6.86 	 -.4012023E+00
6.87 	 -.4052900E+00
6.88 	 -.4140183E+00
6.89 	 -.4296069E+00
6.9 	 -.4544740E+00
6.91 	 -.4884754E+00
6.92 	 -.5275134E+00
6.93 	 -.5654559E+00
6.94 	 -.5964829E+00
6.95 	 -.6174013E+00
6.96 	 -.6294772E+00
6.97 	 -.6371021E+00
6.98 	 -.6445792E+00
6.99 	 -.6546790E+00
7.0 	 -.6689797E+00
7.01 	 -.6874772E+00
7.02 	 -.7071563E+00
7.03 	 -.7224194E+00
7.04 	 -.7289814E+00
7.05 	 -.7272393E+00
7.06 	 -.7204822E+00
7.07 	 -.7124147E+00
7.08 	 -.7067025E+00
7.09 	 -.7060341E+00
7.1 	 -.7113856E+00
7.11 	 -.7214587E+00
7.12 	 -.7328177E+00
7.13 	 -.7408249E+00
7.14 	 -.7408991E+00
7.15 	 -.7305609E+00
7.16 	 -.7097951E+00
7.17 	 -.6788957E+00
7.18 	 -.6385676E+00
7.19 	 -.5913364E+00
7.2 	 -.5399385E+00
7.21 	 -.4854005E+00
7.22 	 -.4270496E+00
7.23 	 -.3629156E+00
7.24 	 -.2906378E+00
7.25 	 -.2093775E+00
7.26 	 -.1212239E+00
7.27 	 -.3099650E-01
7.28 	 .5561499E-01
7.29 	 .1340923E+00
7.3 	 .2020338E+00
7.31 	 .2591341E+00
7.32 	 .3064390E+00
7.33 	 .3454040E+00
7.34 	 .3773509E+00
7.35 	 .4036136E+00
7.36 	 .4259703E+00
7.37 	 .4462366E+00
7.38 	 .4653599E+00
7.39 	 .4837007E+00
7.4 	 .5019110E+00
7.41 	 .5205440E+00
7.42 	 .5390254E+00
7.43 	 .5557862E+00
7.44 	 .5692209E+00
7.45 	 .5784210E+00
7.46 	 .5837007E+00
7.47 	 .5865269E+00
7.48 	 .5888141E+00
7.49 	 .5926434E+00
7.5 	 .5998991E+00
7.51 	 .6112904E+00
7.52 	 .6258624E+00
7.53 	 .6420187E+00
7.54 	 .6586947E+00
7.55 	 .6751684E+00
7.56 	 .6902586E+00
7.57 	 .7023388E+00
7.58 	 .7103253E+00
7.59 	 .7139129E+00
7.6 	 .7136226E+00
7.61 	 .7103874E+00
7.62 	 .7040386E+00
7.63 	 .6934227E+00
7.64 	 .6775573E+00
7.65 	 .6562654E+00
7.66 	 .6304406E+00
7.67 	 .6013987E+00
7.68 	 .5707630E+00
7.69 	 .5403792E+00
7.7 	 .5112795E+00
7.71 	 .4836052E+00
7.72 	 .4572818E+00
7.73 	 .4322071E+00
7.74 	 .4079453E+00
7.75 	 .3845250E+00
7.76 	 .3634804E+00
7.77 	 .3472261E+00
7.78 	 .3385856E+00
7.79 	 .3394275E+00
7.8 	 .3484478E+00
7.81 	 .3627022E+00
7.82 	 .3801057E+00
7.83 	 .3994873E+00
7.84 	 .4205472E+00
7.85 	 .4432512E+00
7.86 	 .4669297E+00
7.87 	 .4901527E+00
7.88 	 .5103723E+00
7.89 	 .5242619E+00
7.9 	 .5288419E+00
7.91 	 .5216960E+00
7.92 	 .5013027E+00
7.93 	 .4681198E+00
7.94 	 .4245212E+00
7.95 	 .3734844E+00
7.96 	 .3175752E+00
7.97 	 .2586742E+00
7.98 	 .1980055E+00
7.99 	 .1363213E+00
8.0 	 .7449922E-01
8.01 	 .1391491E-01
8.02 	 -.4334680E-01
8.03 	 -.9425843E-01
8.04 	 -.1355267E+00
8.05 	 -.1645803E+00
8.06 	 -.1803579E+00
8.07 	 -.1832911E+00
8.08 	 -.1749210E+00
8.09 	 -.1580813E+00
8.1 	 -.1364828E+00
8.11 	 -.1132477E+00
8.12 	 -.8886722E-01
8.13 	 -.6108914E-01
8.14 	 -.2742995E-01
8.15 	 .1275944E-01
8.16 	 .5794131E-01
8.17 	 .1049942E+00
8.18 	 .1504933E+00
8.19 	 .1922020E+00
8.2 	 .2295241E+00
8.21 	 .2631188E+00
8.22 	 .2942646E+00
8.23 	 .3238111E+00
8.24 	 .3515464E+00
8.25 	 .3766049E+00
8.26 	 .3980849E+00
8.27 	 .4156228E+00
8.28 	 .4296651E+00
8.29 	 .4406859E+00
8.3 	 .4483218E+00
8.31 	 .4513780E+00
8.32 	 .4480741E+00
8.33 	 .4366432E+00
8.34 	 .4160901E+00
8.35 	 .3860092E+00
8.36 	 .3463097E+00
8.37 	 .2975278E+00
8.38 	 .2415928E+00
8.39 	 .1820347E+00
8.4 	 .1224087E+00
8.41 	 .6517992E-01
8.42 	 .1187249E-01
8.43 	 -.3670013E-01
8.44 	 -.7968052E-01
8.45 	 -.1152288E+00
8.46 	 -.1410108E+00
8.47 	 -.1555723E+00
8.48 	 -.1587088E+00
8.49 	 -.1516919E+00
8.5 	 -.1369678E+00
8.51 	 -.1165698E+00
8.52 	 -.9185438E-01
8.53 	 -.6488378E-01
8.54 	 -.3904628E-01
8.55 	 -.1790592E-01
8.56 	 -.3608712E-02
8.57 	 .3216379E-02
8.58 	 .2356916E-02
8.59 	 -.6811438E-02
8.6 	 -.2476879E-01
8.61 	 -.5122399E-01
8.62 	 -.8553683E-01
8.63 	 -.1269545E+00
8.64 	 -.1740717E+00
8.65 	 -.2245240E+00
8.66 	 -.2762276E+00
8.67 	 -.3280338E+00
8.68 	 -.3788038E+00
8.69 	 -.4274069E+00
8.7 	 -.4730710E+00
8.71 	 -.5148987E+00
8.72 	 -.5527968E+00
8.73 	 -.5883275E+00
8.74 	 -.6235106E+00
8.75 	 -.6601222E+00
8.76 	 -.6991716E+00
8.77 	 -.7404688E+00
8.78 	 -.7829205E+00
8.79 	 -.8247544E+00
8.8 	 -.8640345E+00
8.81 	 -.8984765E+00
8.82 	 -.9261383E+00
8.83 	 -.9472700E+00
8.84 	 -.9632846E+00
8.85 	 -.9754923E+00
8.86 	 -.9856891E+00
8.87 	 -.9960841E+00
8.88 	 -.1008979E+01
8.89 	 -.1026052E+01
8.9 	 -.1047083E+01
8.91 	 -.1069647E+01
8.92 	 -.1090641E+01
8.93 	 -.1107799E+01
8.94 	 -.1119356E+01
8.95 	 -.1124064E+01
8.96 	 -.1121530E+01
8.97 	 -.1111278E+01
8.98 	 -.1092469E+01
8.99 	 -.1064875E+01
9.0 	 -.1029491E+01
9.01 	 -.9880495E+00
9.02 	 -.9423125E+00
9.03 	 -.8936736E+00
9.04 	 -.8426062E+00
9.05 	 -.7886087E+00
9.06 	 -.7309674E+00
9.07 	 -.6690929E+00
9.08 	 -.6029863E+00
9.09 	 -.5343021E+00
9.1 	 -.4656386E+00
9.11 	 -.3989473E+00
9.12 	 -.3351668E+00
9.13 	 -.2742750E+00
9.14 	 -.2162137E+00
9.15 	 -.1615711E+00
9.16 	 -.1109582E+00
9.17 	 -.6505378E-01
9.18 	 -.2487340E-01
9.19 	 .8761600E-02
9.2 	 .3604946E-01
9.21 	 .5840874E-01
9.22 	 .7728671E-01
9.23 	 .9335393E-01
9.24 	 .1070184E+00
9.25 	 .1185182E+00
9.26 	 .1276378E+00
9.27 	 .1339567E+00
9.28 	 .1371922E+00
9.29 	 .1377229E+00
9.3 	 .1369341E+00
9.31 	 .1359715E+00
9.32 	 .1349757E+00
9.33 	 .1343854E+00
9.34 	 .1351835E+00
9.35 	 .1376774E+00
9.36 	 .1410853E+00
9.37 	 .1444866E+00
9.38 	 .1477380E+00
9.39 	 .1517354E+00
9.4 	 .1584123E+00
9.41 	 .1695278E+00
9.42 	 .1850385E+00
9.43 	 .2025792E+00
9.44 	 .2187912E+00
9.45 	 .2314680E+00
9.46 	 .2397494E+00
9.47 	 .2429740E+00
9.48 	 .2408484E+00
9.49 	 .2340247E+00
9.5 	 .2234633E+00
9.51 	 .2103583E+00
9.52 	 .1962702E+00
9.53 	 .1820844E+00
9.54 	 .1674917E+00
9.55 	 .1516831E+00
9.56 	 .1344260E+00
9.57 	 .1167677E+00
9.58 	 .1006449E+00
9.59 	 .8776597E-01
9.6 	 .7933865E-01
9.61 	 .7639380E-01
9.62 	 .7924245E-01
9.63 	 .8695310E-01
9.64 	 .9788611E-01
9.65 	 .1103494E+00
9.66 	 .1228280E+00
9.67 	 .1346895E+00
9.68 	 .1469071E+00
9.69 	 .1611748E+00
9.7 	 .1787176E+00
9.71 	 .2001609E+00
9.72 	 .2252071E+00
9.73 	 .2527051E+00
9.74 	 .2816953E+00
9.75 	 .3113139E+00
9.76 	 .3403096E+00
9.77 	 .3675402E+00
9.78 	 .3924047E+00
9.79 	 .4152083E+00
9.8 	 .4367081E+00
9.81 	 .4571296E+00
9.82 	 .4757890E+00
9.83 	 .4913373E+00
9.84 	 .5030890E+00
9.85 	 .5115787E+00
9.86 	 .5175244E+00
9.87 	 .5214702E+00
9.88 	 .5245753E+00
9.89 	 .5280702E+00
9.9 	 .5319217E+00
9.91 	 .5354046E+00
9.92 	 .5382907E+00
9.93 	 .5411526E+00
9.94 	 .5444321E+00
9.95 	 .5481224E+00
9.96 	 .5525193E+00
9.97 	 .5577261E+00
9.98 	 .5634701E+00
9.99 	 .5695781E+00
10.0 	 .5755845E+00
10.01 	 .5813053E+00
10.02 	 .5876984E+00
10.03 	 .5960896E+00
10.04 	 .6072684E+00
10.05 	 .6209846E+00
10.06 	 .6360102E+00
10.07 	 .6510892E+00
10.08 	 .6657369E+00
10.09 	 .6802029E+00
10.1 	 .6950707E+00
10.11 	 .7108884E+00
10.12 	 .7274794E+00
10.13 	 .7436061E+00
10.14 	 .7578631E+00
10.15 	 .7695196E+00
10.16 	 .7781585E+00
10.17 	 .7830083E+00
10.18 	 .7828837E+00
10.19 	 .7766232E+00
10.2 	 .7636068E+00
10.21 	 .7438749E+00
10.22 	 .7179824E+00
10.23 	 .6867386E+00
10.24 	 .6508318E+00
10.25 	 .6111065E+00
10.26 	 .5688002E+00
10.27 	 .5252290E+00
10.28 	 .4815352E+00
10.29 	 .4383588E+00
10.3 	 .3960767E+00
10.31 	 .3551749E+00
10.32 	 .3156979E+00
10.33 	 .2770328E+00
10.34 	 .2386542E+00
10.35 	 .2006963E+00
10.36 	 .1638513E+00
10.37 	 .1287439E+00
10.38 	 .9567092E-01
10.39 	 .6474095E-01
10.4 	 .3560855E-01
10.41 	 .7440644E-02
10.42 	 -.2028500E-01
10.43 	 -.4729580E-01
10.44 	 -.7332563E-01
10.45 	 -.9818725E-01
10.46 	 -.1213382E+00
10.47 	 -.1426612E+00
10.48 	 -.1626885E+00
10.49 	 -.1816455E+00
10.5 	 -.1988699E+00
10.51 	 -.2132309E+00
10.52 	 -.2235539E+00
10.53 	 -.2289834E+00
10.54 	 -.2296795E+00
10.55 	 -.2268982E+00
10.56 	 -.2222253E+00
10.57 	 -.2171071E+00
10.58 	 -.2130241E+00
10.59 	 -.2109318E+00
10.6 	 -.2107137E+00
10.61 	 -.2118381E+00
10.62 	 -.2140849E+00
10.63 	 -.2176600E+00
10.64 	 -.2227846E+00
10.65 	 -.2297297E+00
10.66 	 -.2391708E+00
10.67 	 -.2518244E+00
10.68 	 -.2676775E+00
10.69 	 -.2856871E+00
10.7 	 -.3042259E+00
10.71 	 -.3214737E+00
10.72 	 -.3359037E+00
10.73 	 -.3469115E+00
10.74 	 -.3545332E+00
10.75 	 -.3592176E+00
10.76 	 -.3621117E+00
10.77 	 -.3644147E+00
10.78 	 -.3668150E+00
10.79 	 -.3695197E+00
10.8 	 -.3720755E+00
10.81 	 -.3735770E+00
10.82 	 -.3731666E+00
10.83 	 -.3704356E+00
10.84 	 -.3655877E+00
10.85 	 -.3591862E+00
10.86 	 -.3515685E+00
10.87 	 -.3427688E+00
10.88 	 -.3330124E+00
10.89 	 -.3227598E+00
10.9 	 -.3122987E+00
10.91 	 -.3016138E+00
10.92 	 -.2902557E+00
10.93 	 -.2772223E+00
10.94 	 -.2622575E+00
10.95 	 -.2468457E+00
10.96 	 -.2333607E+00
10.97 	 -.2236150E+00
10.98 	 -.2181006E+00
10.99 	 -.2165835E+00
11.0 	 -.2186330E+00
11.01 	 -.2238339E+00
11.02 	 -.2318158E+00
11.03 	 -.2422379E+00
11.04 	 -.2551400E+00
11.05 	 -.2703353E+00
11.06 	 -.2864733E+00
11.07 	 -.3015005E+00
11.08 	 -.3141568E+00
11.09 	 -.3246220E+00
11.1 	 -.3334511E+00
11.11 	 -.3403607E+00
11.12 	 -.3444884E+00
11.13 	 -.3454871E+00
11.14 	 -.3437585E+00
11.15 	 -.3400779E+00
11.16 	 -.3352921E+00
11.17 	 -.3300242E+00
11.18 	 -.3244286E+00
11.19 	 -.3183692E+00
11.2 	 -.3123206E+00
11.21 	 -.3075070E+00
11.22 	 -.3044640E+00
11.23 	 -.3022515E+00
11.24 	 -.2996106E+00
11.25 	 -.2957653E+00
11.26 	 -.2904559E+00
11.27 	 -.2841815E+00
11.28 	 -.2777911E+00
11.29 	 -.2719373E+00
11.3 	 -.2667429E+00
11.31 	 -.2617824E+00
11.32 	 -.2566796E+00
11.33 	 -.2511021E+00
11.34 	 -.2444148E+00
11.35 	 -.2361441E+00
11.36 	 -.2258208E+00
11.37 	 -.2126058E+00
11.38 	 -.1960242E+00
11.39 	 -.1761110E+00
11.4 	 -.1532564E+00
11.41 	 -.1284956E+00
11.42 	 -.1033228E+00
11.43 	 -.7946323E-01
11.44 	 -.5873072E-01
11.45 	 -.4232405E-01
11.46 	 -.3053743E-01
11.47 	 -.2329650E-01
11.48 	 -.2041759E-01
11.49 	 -.2156196E-01
11.5 	 -.2634474E-01
11.51 	 -.3437300E-01
11.52 	 -.4517058E-01
11.53 	 -.5819827E-01
11.54 	 -.7290114E-01
11.55 	 -.8878140E-01
11.56 	 -.1054629E+00
11.57 	 -.1226727E+00
11.58 	 -.1403103E+00
11.59 	 -.1584093E+00
11.6 	 -.1763221E+00
11.61 	 -.1922778E+00
11.62 	 -.2046525E+00
11.63 	 -.2132110E+00
11.64 	 -.2188557E+00
11.65 	 -.2228970E+00
11.66 	 -.2266418E+00
11.67 	 -.2307449E+00
11.68 	 -.2349829E+00
11.69 	 -.2392418E+00
11.7 	 -.2440183E+00
11.71 	 -.2498144E+00
11.72 	 -.2563924E+00
11.73 	 -.2628231E+00
11.74 	 -.2679356E+00
11.75 	 -.2706213E+00
11.76 	 -.2706062E+00
11.77 	 -.2685739E+00
11.78 	 -.2657079E+00
11.79 	 -.2632945E+00
11.8 	 -.2621887E+00
11.81 	 -.2627915E+00
11.82 	 -.2651554E+00
11.83 	 -.2688148E+00
11.84 	 -.2730997E+00
11.85 	 -.2775636E+00
11.86 	 -.2817634E+00
11.87 	 -.2850539E+00
11.88 	 -.2865752E+00
11.89 	 -.2857965E+00
11.9 	 -.2826019E+00
11.91 	 -.2765506E+00
11.92 	 -.2670188E+00
11.93 	 -.2533145E+00
11.94 	 -.2346080E+00
11.95 	 -.2105337E+00
11.96 	 -.1815852E+00
11.97 	 -.1487215E+00
11.98 	 -.1129611E+00
11.99 	 -.7497234E-01
12.0 	 -.3486010E-01
12.01 	 .7159773E-02
12.02 	 .5044643E-01
12.03 	 .9388692E-01
12.04 	 .1358262E+00
12.05 	 .1748595E+00
12.06 	 .2106071E+00
12.07 	 .2434140E+00
12.08 	 .2739427E+00
12.09 	 .3028011E+00
12.1 	 .3299714E+00
12.11 	 .3552069E+00
12.12 	 .3785613E+00
12.13 	 .4003114E+00
12.14 	 .4207760E+00
12.15 	 .4402394E+00
12.16 	 .4588760E+00
12.17 	 .4765127E+00
12.18 	 .4928653E+00
12.19 	 .5077214E+00
12.2 	 .5205485E+00
12.21 	 .5304251E+00
12.22 	 .5364911E+00
12.23 	 .5384301E+00
12.24 	 .5363287E+00
12.25 	 .5302989E+00
12.26 	 .5205247E+00
12.27 	 .5074296E+00
12.28 	 .4918628E+00
12.29 	 .4751493E+00
12.3 	 .4586919E+00
12.31 	 .4432713E+00
12.32 	 .4287525E+00
12.33 	 .4144030E+00
12.34 	 .3990615E+00
12.35 	 .3814255E+00
12.36 	 .3609440E+00
12.37 	 .3380767E+00
12.38 	 .3139369E+00
12.39 	 .2897138E+00
12.4 	 .2659384E+00
12.41 	 .2426390E+00
12.42 	 .2199765E+00
12.43 	 .1984261E+00
12.44 	 .1783001E+00
12.45 	 .1596241E+00
12.46 	 .1422506E+00
12.47 	 .1256379E+00
12.48 	 .1094349E+00
12.49 	 .9372957E-01
12.5 	 .7875061E-01
12.51 	 .6469714E-01
12.52 	 .5144409E-01
12.53 	 .3879583E-01
12.54 	 .2686157E-01
12.55 	 .1603644E-01
12.56 	 .6806383E-02
12.57 	 -.2532125E-03
12.58 	 -.4602254E-02
12.59 	 -.6026491E-02
12.6 	 -.4694639E-02
12.61 	 -.8800309E-03
12.62 	 .5288571E-02
12.63 	 .1365636E-01
12.64 	 .2414204E-01
12.65 	 .3696727E-01
12.66 	 .5232728E-01
12.67 	 .7018692E-01
12.68 	 .9035001E-01
12.69 	 .1122479E+00
12.7 	 .1352744E+00
12.71 	 .1591024E+00
12.72 	 .1832519E+00
12.73 	 .2069940E+00
12.74 	 .2296116E+00
12.75 	 .2503916E+00
12.76 	 .2687330E+00
12.77 	 .2845498E+00
12.78 	 .2980300E+00
12.79 	 .3091514E+00
12.8 	 .3176794E+00
12.81 	 .3229878E+00
12.82 	 .3241174E+00
12.83 	 .3205322E+00
12.84 	 .3126072E+00
12.85 	 .3011758E+00
12.86 	 .2869773E+00
12.87 	 .2708305E+00
12.88 	 .2533932E+00
12.89 	 .2349545E+00
12.9 	 .2158023E+00
12.91 	 .1959187E+00
12.92 	 .1751669E+00
12.93 	 .1535214E+00
12.94 	 .1308219E+00
12.95 	 .1072550E+00
12.96 	 .8351636E-01
12.97 	 .6030575E-01
12.98 	 .3753868E-01
12.99 	 .1444192E-01
13.0 	 -.9726414E-02
13.01 	 -.3541114E-01
13.02 	 -.6260265E-01
13.03 	 -.9094296E-01
13.04 	 -.1196492E+00
13.05 	 -.1473364E+00
13.06 	 -.1725011E+00
13.07 	 -.1943857E+00
13.08 	 -.2129511E+00
13.09 	 -.2282034E+00
13.1 	 -.2401077E+00
13.11 	 -.2489626E+00
13.12 	 -.2551813E+00
13.13 	 -.2588489E+00
13.14 	 -.2599097E+00
13.15 	 -.2583430E+00
13.16 	 -.2541482E+00
13.17 	 -.2471862E+00
13.18 	 -.2373576E+00
13.19 	 -.2248077E+00
13.2 	 -.2098906E+00
13.21 	 -.1932296E+00
13.22 	 -.1753534E+00
13.23 	 -.1568160E+00
13.24 	 -.1384006E+00
13.25 	 -.1208716E+00
13.26 	 -.1050606E+00
13.27 	 -.9155317E-01
13.28 	 -.8029725E-01
13.29 	 -.7080342E-01
13.3 	 -.6252463E-01
13.31 	 -.5501225E-01
13.32 	 -.4814603E-01
13.33 	 -.4210820E-01
13.34 	 -.3703091E-01
13.35 	 -.3315857E-01
13.36 	 -.3078959E-01
13.37 	 -.3002203E-01
13.38 	 -.3100685E-01
13.39 	 -.3395917E-01
13.4 	 -.3863280E-01
13.41 	 -.4451080E-01
13.42 	 -.5158058E-01
13.43 	 -.6029694E-01
13.44 	 -.7104549E-01
13.45 	 -.8374726E-01
13.46 	 -.9761667E-01
13.47 	 -.1114603E+00
13.48 	 -.1241828E+00
13.49 	 -.1350915E+00
13.5 	 -.1440101E+00
13.51 	 -.1511513E+00
13.52 	 -.1568030E+00
13.53 	 -.1610242E+00
13.54 	 -.1640761E+00
13.55 	 -.1662630E+00
13.56 	 -.1676075E+00
13.57 	 -.1681595E+00
13.58 	 -.1676342E+00
13.59 	 -.1657102E+00
13.6 	 -.1622954E+00
13.61 	 -.1574023E+00
13.62 	 -.1511948E+00
13.63 	 -.1435736E+00
13.64 	 -.1344654E+00
13.65 	 -.1242203E+00
13.66 	 -.1131087E+00
13.67 	 -.1010307E+00
13.68 	 -.8810013E-01
13.69 	 -.7501827E-01
13.7 	 -.6219880E-01
13.71 	 -.4903012E-01
13.72 	 -.3454229E-01
13.73 	 -.1801692E-01
13.74 	 .9325606E-03
13.75 	 .2228662E-01
13.76 	 .4559839E-01
13.77 	 .7032875E-01
13.78 	 .9629504E-01
13.79 	 .1236440E+00
13.8 	 .1522847E+00
13.81 	 .1814862E+00
13.82 	 .2105079E+00
13.83 	 .2385601E+00
13.84 	 .2647842E+00
13.85 	 .2891402E+00
13.86 	 .3119800E+00
13.87 	 .3331814E+00
13.88 	 .3522504E+00
13.89 	 .3686804E+00
13.9 	 .3818715E+00
13.91 	 .3912613E+00
13.92 	 .3967073E+00
13.93 	 .3983719E+00
13.94 	 .3967003E+00
13.95 	 .3920503E+00
13.96 	 .3844377E+00
13.97 	 .3738320E+00
13.98 	 .3602825E+00
13.99 	 .3443103E+00
14.0 	 .3266465E+00
14.01 	 .3078588E+00
14.02 	 .2886580E+00
14.03 	 .2693859E+00
14.04 	 .2499025E+00
14.05 	 .2302029E+00
14.06 	 .2104304E+00
14.07 	 .1907142E+00
14.08 	 .1708690E+00
14.09 	 .1504860E+00
14.1 	 .1290248E+00
14.11 	 .1060032E+00
14.12 	 .8133463E-01
14.13 	 .5499027E-01
14.14 	 .2701789E-01
14.15 	 -.2055536E-02
14.16 	 -.3122574E-01
14.17 	 -.5947567E-01
14.18 	 -.8611520E-01
14.19 	 -.1107294E+00
14.2 	 -.1330222E+00
14.21 	 -.1527316E+00
14.22 	 -.1695658E+00
14.23 	 -.1832597E+00
14.24 	 -.1941103E+00
14.25 	 -.2031208E+00
14.26 	 -.2110840E+00
14.27 	 -.2180205E+00
14.28 	 -.2237600E+00
14.29 	 -.2282634E+00
14.3 	 -.2317079E+00
14.31 	 -.2346500E+00
14.32 	 -.2374568E+00
14.33 	 -.2400762E+00
14.34 	 -.2425916E+00
14.35 	 -.2453208E+00
14.36 	 -.2484122E+00
14.37 	 -.2516932E+00
14.38 	 -.2546034E+00
14.39 	 -.2562298E+00
14.4 	 -.2558352E+00
14.41 	 -.2534297E+00
14.42 	 -.2495060E+00
14.43 	 -.2443410E+00
14.44 	 -.2379049E+00
14.45 	 -.2300357E+00
14.46 	 -.2204327E+00
14.47 	 -.2088214E+00
14.48 	 -.1955692E+00
14.49 	 -.1815241E+00
14.5 	 -.1671066E+00
14.51 	 -.1524674E+00
14.52 	 -.1381335E+00
14.53 	 -.1248673E+00
14.54 	 -.1130995E+00
14.55 	 -.1028573E+00
14.56 	 -.9395763E-01
14.57 	 -.8588736E-01
14.58 	 -.7824765E-01
14.59 	 -.7150098E-01
14.6 	 -.6633155E-01
14.61 	 -.6293429E-01
14.62 	 -.6146636E-01
14.63 	 -.6186310E-01
14.64 	 -.6351171E-01
14.65 	 -.6597087E-01
14.66 	 -.6905798E-01
14.67 	 -.7235347E-01
14.68 	 -.7564576E-01
14.69 	 -.7918819E-01
14.7 	 -.8335249E-01
14.71 	 -.8847191E-01
14.72 	 -.9474889E-01
14.73 	 -.1020445E+00
14.74 	 -.1096144E+00
14.75 	 -.1166442E+00
14.76 	 -.1229186E+00
14.77 	 -.1283833E+00
14.78 	 -.1329035E+00
14.79 	 -.1364164E+00
14.8 	 -.1390140E+00
14.81 	 -.1414094E+00
14.82 	 -.1444719E+00
14.83 	 -.1485444E+00
14.84 	 -.1536122E+00
14.85 	 -.1593332E+00
14.86 	 -.1652526E+00
14.87 	 -.1710118E+00
14.88 	 -.1761664E+00
14.89 	 -.1801549E+00
14.9 	 -.1825886E+00
14.91 	 -.1833915E+00
14.92 	 -.1825684E+00
14.93 	 -.1798006E+00
14.94 	 -.1747910E+00
14.95 	 -.1679835E+00
14.96 	 -.1598910E+00
14.97 	 -.1505273E+00
14.98 	 -.1400860E+00
14.99 	 -.1290179E+00
15.0 	 -.1177516E+00
15.01 	 -.1066151E+00
15.02 	 -.9550577E-01
15.03 	 -.8424189E-01
15.04 	 -.7298646E-01
15.05 	 -.6205815E-01
15.06 	 -.5190637E-01
15.07 	 -.4271384E-01
15.08 	 -.3395742E-01
15.09 	 -.2510122E-01
15.1 	 -.1597324E-01
15.11 	 -.6368543E-02
15.12 	 .3868224E-02
15.13 	 .1455512E-01
15.14 	 .2542645E-01
15.15 	 .3657614E-01
15.16 	 .4810322E-01
15.17 	 .5985514E-01
15.18 	 .7144669E-01
15.19 	 .8240743E-01
15.2 	 .9252044E-01
15.21 	 .1016425E+00
15.22 	 .1094754E+00
15.23 	 .1157869E+00
15.24 	 .1205752E+00
15.25 	 .1240225E+00
15.26 	 .1264913E+00
15.27 	 .1280336E+00
15.28 	 .1286499E+00
15.29 	 .1285699E+00
15.3 	 .1277610E+00
15.31 	 .1261782E+00
15.32 	 .1237913E+00
15.33 	 .1205567E+00
15.34 	 .1167700E+00
15.35 	 .1127451E+00
15.36 	 .1081463E+00
15.37 	 .1025393E+00
15.38 	 .9597612E-01
15.39 	 .8860688E-01
15.4 	 .8075079E-01
15.41 	 .7290933E-01
15.42 	 .6531165E-01
15.43 	 .5778026E-01
15.44 	 .4999093E-01
15.45 	 .4149668E-01
15.46 	 .3189710E-01
15.47 	 .2142629E-01
15.48 	 .1078522E-01
15.49 	 .6657276E-03
15.5 	 -.8302064E-02
15.51 	 -.1570405E-01
15.52 	 -.2127298E-01
15.53 	 -.2486384E-01
15.54 	 -.2642353E-01
15.55 	 -.2565022E-01
15.56 	 -.2215910E-01
15.57 	 -.1580015E-01
15.58 	 -.6476043E-02
15.59 	 .5744391E-02
15.6 	 .2043655E-01
15.61 	 .3700773E-01
15.62 	 .5484757E-01
15.63 	 .7363198E-01
15.64 	 .9305048E-01
15.65 	 .1125289E+00
15.66 	 .1314804E+00
15.67 	 .1493767E+00
15.68 	 .1658594E+00
15.69 	 .1807185E+00
15.7 	 .1937565E+00
15.71 	 .2050897E+00
15.72 	 .2152015E+00
15.73 	 .2241711E+00
15.74 	 .2318707E+00
15.75 	 .2385579E+00
15.76 	 .2444842E+00
15.77 	 .2496534E+00
15.78 	 .2539948E+00
15.79 	 .2575543E+00
15.8 	 .2603369E+00
15.81 	 .2621503E+00
15.82 	 .2626381E+00
15.83 	 .2612806E+00
15.84 	 .2576401E+00
15.85 	 .2517363E+00
15.86 	 .2438841E+00
15.87 	 .2341892E+00
15.88 	 .2228427E+00
15.89 	 .2104940E+00
15.9 	 .1977617E+00
15.91 	 .1849135E+00
15.92 	 .1721535E+00
15.93 	 .1596722E+00
15.94 	 .1474148E+00
15.95 	 .1352397E+00
15.96 	 .1231019E+00
15.97 	 .1110659E+00
15.98 	 .9922813E-01
15.99 	 .8741287E-01
16.0 	 .7559523E-01
16.01 	 .6436379E-01
16.02 	 .5436274E-01
16.03 	 .4583488E-01
16.04 	 .3865778E-01
16.05 	 .3253703E-01
16.06 	 .2721822E-01
16.07 	 .2227592E-01
16.08 	 .1719893E-01
16.09 	 .1204806E-01
16.1 	 .7090354E-02
16.11 	 .2171834E-02
16.12 	 -.3111918E-02
16.13 	 -.9113783E-02
16.14 	 -.1586233E-01
16.15 	 -.2296799E-01
16.16 	 -.3004373E-01
16.17 	 -.3692461E-01
16.18 	 -.4323275E-01
16.19 	 -.4843502E-01
16.2 	 -.5237144E-01
16.21 	 -.5536432E-01
16.22 	 -.5769554E-01
16.23 	 -.5943290E-01
16.24 	 -.6093226E-01
16.25 	 -.6233132E-01
16.26 	 -.6318016E-01
16.27 	 -.6351131E-01
16.28 	 -.6365375E-01
16.29 	 -.6351713E-01
16.3 	 -.6310667E-01
16.31 	 -.6257341E-01
16.32 	 -.6168349E-01
16.33 	 -.6006286E-01
16.34 	 -.5748031E-01
16.35 	 -.5342020E-01
16.36 	 -.4758961E-01
16.37 	 -.4038926E-01
16.38 	 -.3220675E-01
16.39 	 -.2327574E-01
16.4 	 -.1420742E-01
16.41 	 -.5537709E-02
16.42 	 .2881529E-02
16.43 	 .1132948E-01
16.44 	 .1988267E-01
16.45 	 .2848596E-01
16.46 	 .3691387E-01
16.47 	 .4482937E-01
16.48 	 .5175277E-01
16.49 	 .5702712E-01
16.5 	 .6037048E-01
16.51 	 .6221416E-01
16.52 	 .6301640E-01
16.53 	 .6303915E-01
16.54 	 .6256477E-01
16.55 	 .6161617E-01
16.56 	 .6002188E-01
16.57 	 .5788702E-01
16.58 	 .5590956E-01
16.59 	 .5504025E-01
16.6 	 .5586774E-01
16.61 	 .5876601E-01
16.62 	 .6389952E-01
16.63 	 .7087556E-01
16.64 	 .7900874E-01
16.65 	 .8764654E-01
16.66 	 .9618828E-01
16.67 	 .1041440E+00
16.68 	 .1112676E+00
16.69 	 .1176657E+00
16.7 	 .1238083E+00
16.71 	 .1304834E+00
16.72 	 .1380872E+00
16.73 	 .1460607E+00
16.74 	 .1538313E+00
16.75 	 .1608658E+00
16.76 	 .1662109E+00
16.77 	 .1690811E+00
16.78 	 .1689820E+00
16.79 	 .1661160E+00
16.8 	 .1613668E+00
16.81 	 .1553711E+00
16.82 	 .1483633E+00
16.83 	 .1405664E+00
16.84 	 .1320236E+00
16.85 	 .1225123E+00
16.86 	 .1119572E+00
16.87 	 .1001841E+00
16.88 	 .8699480E-01
16.89 	 .7270272E-01
16.9 	 .5779662E-01
16.91 	 .4247601E-01
16.92 	 .2695002E-01
16.93 	 .1156761E-01
16.94 	 -.3399819E-02
16.95 	 -.1767132E-01
16.96 	 -.3113534E-01
16.97 	 -.4407851E-01
16.98 	 -.5687733E-01
16.99 	 -.6972472E-01
17.0 	 -.8284069E-01
17.01 	 -.9642926E-01
17.02 	 -.1105388E+00
17.03 	 -.1252124E+00
17.04 	 -.1404067E+00
17.05 	 -.1559861E+00
17.06 	 -.1719302E+00
17.07 	 -.1885606E+00
17.08 	 -.2059316E+00
17.09 	 -.2232782E+00
17.1 	 -.2400113E+00
17.11 	 -.2560827E+00
17.12 	 -.2713959E+00
17.13 	 -.2857796E+00
17.14 	 -.2991053E+00
17.15 	 -.3116072E+00
17.16 	 -.3236982E+00
17.17 	 -.3353732E+00
17.18 	 -.3464695E+00
17.19 	 -.3565631E+00
17.2 	 -.3649806E+00
17.21 	 -.3715512E+00
17.22 	 -.3764199E+00
17.23 	 -.3794289E+00
17.24 	 -.3802180E+00
17.25 	 -.3784599E+00
17.26 	 -.3740473E+00
17.27 	 -.3672749E+00
17.28 	 -.3588757E+00
17.29 	 -.3499519E+00
17.3 	 -.3412496E+00
17.31 	 -.3328292E+00
17.32 	 -.3243065E+00
17.33 	 -.3152596E+00
17.34 	 -.3057596E+00
17.35 	 -.2958414E+00
17.36 	 -.2853183E+00
17.37 	 -.2743522E+00
17.38 	 -.2632831E+00
17.39 	 -.2524718E+00
17.4 	 -.2425229E+00
17.41 	 -.2338759E+00
17.42 	 -.2264035E+00
17.43 	 -.2200596E+00
17.44 	 -.2153606E+00
17.45 	 -.2128648E+00
17.46 	 -.2125460E+00
17.47 	 -.2138316E+00
17.48 	 -.2160923E+00
17.49 	 -.2187868E+00
17.5 	 -.2212325E+00
17.51 	 -.2226909E+00
17.52 	 -.2228110E+00
17.53 	 -.2215657E+00
17.54 	 -.2186318E+00
17.55 	 -.2135624E+00
17.56 	 -.2063942E+00
17.57 	 -.1973958E+00
17.58 	 -.1865220E+00
17.59 	 -.1736144E+00
17.6 	 -.1589094E+00
17.61 	 -.1428877E+00
17.62 	 -.1262804E+00
17.63 	 -.1098072E+00
17.64 	 -.9348522E-01
17.65 	 -.7718113E-01
17.66 	 -.6114000E-01
17.67 	 -.4546437E-01
17.68 	 -.3011404E-01
17.69 	 -.1525058E-01
17.7 	 -.1093596E-02
17.71 	 .1200355E-01
17.72 	 .2373893E-01
17.73 	 .3419536E-01
17.74 	 .4349369E-01
17.75 	 .5187171E-01
17.76 	 .6000069E-01
17.77 	 .6858428E-01
17.78 	 .7795695E-01
17.79 	 .8803863E-01
17.8 	 .9880327E-01
17.81 	 .1103831E+00
17.82 	 .1227088E+00
17.83 	 .1358653E+00
17.84 	 .1499438E+00
17.85 	 .1646209E+00
17.86 	 .1794363E+00
17.87 	 .1937298E+00
17.88 	 .2064484E+00
17.89 	 .2168205E+00
17.9 	 .2249200E+00
17.91 	 .2310681E+00
17.92 	 .2351683E+00
17.93 	 .2370494E+00
17.94 	 .2368110E+00
17.95 	 .2344270E+00
17.96 	 .2297581E+00
17.97 	 .2228727E+00
17.98 	 .2139882E+00
17.99 	 .2033597E+00
18.0 	 .1910848E+00
18.01 	 .1772379E+00
18.02 	 .1622356E+00
18.03 	 .1464357E+00
18.04 	 .1300352E+00
18.05 	 .1136407E+00
18.06 	 .9782421E-01
18.07 	 .8269458E-01
18.08 	 .6832743E-01
18.09 	 .5465769E-01
18.1 	 .4149458E-01
18.11 	 .2900217E-01
18.12 	 .1752051E-01
18.13 	 .7224288E-02
18.14 	 -.1721698E-02
18.15 	 -.9005012E-02
18.16 	 -.1432578E-01
18.17 	 -.1768344E-01
18.18 	 -.1938678E-01
18.19 	 -.1959725E-01
18.2 	 -.1828577E-01
18.21 	 -.1553472E-01
18.22 	 -.1148222E-01
18.23 	 -.6345432E-02
18.24 	 -.3282959E-03
18.25 	 .6439830E-02
18.26 	 .1388012E-01
18.27 	 .2197763E-01
18.28 	 .3069239E-01
18.29 	 .4002681E-01
18.3 	 .4996270E-01
18.31 	 .6044536E-01
18.32 	 .7151408E-01
18.33 	 .8315351E-01
18.34 	 .9531601E-01
18.35 	 .1082590E+00
18.36 	 .1221659E+00
18.37 	 .1367359E+00
18.38 	 .1515797E+00
18.39 	 .1664187E+00
18.4 	 .1810218E+00
18.41 	 .1951817E+00
18.42 	 .2089981E+00
18.43 	 .2226453E+00
18.44 	 .2355635E+00
18.45 	 .2470111E+00
18.46 	 .2567961E+00
18.47 	 .2650196E+00
18.48 	 .2715781E+00
18.49 	 .2757947E+00
18.5 	 .2769681E+00
18.51 	 .2750781E+00
18.52 	 .2703850E+00
18.53 	 .2630067E+00
18.54 	 .2531303E+00
18.55 	 .2408332E+00
18.56 	 .2261410E+00
18.57 	 .2092488E+00
18.58 	 .1902807E+00
18.59 	 .1695442E+00
18.6 	 .1476660E+00
18.61 	 .1250166E+00
18.62 	 .1016323E+00
18.63 	 .7785629E-01
18.64 	 .5427582E-01
18.65 	 .3125241E-01
18.66 	 .9095599E-02
18.67 	 -.1189705E-01
18.68 	 -.3148749E-01
18.69 	 -.4932809E-01
18.7 	 -.6524321E-01
18.71 	 -.7923890E-01
18.72 	 -.9113028E-01
18.73 	 -.1009005E+00
18.74 	 -.1089828E+00
18.75 	 -.1158414E+00
18.76 	 -.1217156E+00
18.77 	 -.1266263E+00
18.78 	 -.1303753E+00
18.79 	 -.1327394E+00
18.8 	 -.1336320E+00
18.81 	 -.1327835E+00
18.82 	 -.1297378E+00
18.83 	 -.1243337E+00
18.84 	 -.1167637E+00
18.85 	 -.1072804E+00
18.86 	 -.9618506E-01
18.87 	 -.8400019E-01
18.88 	 -.7123653E-01
18.89 	 -.5825086E-01
18.9 	 -.4534873E-01
18.91 	 -.3277142E-01
18.92 	 -.2053769E-01
18.93 	 -.8136071E-02
18.94 	 .4891993E-02
18.95 	 .1842379E-01
18.96 	 .3226262E-01
18.97 	 .4619822E-01
18.98 	 .5994615E-01
18.99 	 .7306191E-01
19.0 	 .8514787E-01
19.01 	 .9628021E-01
19.02 	 .1067098E+00
19.03 	 .1166620E+00
19.04 	 .1261633E+00
19.05 	 .1350221E+00
19.06 	 .1431272E+00
19.07 	 .1503182E+00
19.08 	 .1563727E+00
19.09 	 .1610985E+00
19.1 	 .1643754E+00
19.11 	 .1665636E+00
19.12 	 .1681211E+00
19.13 	 .1690631E+00
19.14 	 .1689954E+00
19.15 	 .1674448E+00
19.16 	 .1645292E+00
19.17 	 .1605186E+00
19.18 	 .1554855E+00
19.19 	 .1498064E+00
19.2 	 .1437516E+00
19.21 	 .1372323E+00
19.22 	 .1303168E+00
19.23 	 .1231454E+00
19.24 	 .1157826E+00
19.25 	 .1083510E+00
19.26 	 .1007857E+00
19.27 	 .9290290E-01
19.28 	 .8483541E-01
19.29 	 .7694360E-01
19.3 	 .6947494E-01
19.31 	 .6252407E-01
19.32 	 .5618673E-01
19.33 	 .5058480E-01
19.34 	 .4581356E-01
19.35 	 .4184347E-01
19.36 	 .3852206E-01
19.37 	 .3583445E-01
19.38 	 .3370916E-01
19.39 	 .3193440E-01
19.4 	 .3036952E-01
19.41 	 .2893487E-01
19.42 	 .2758277E-01
19.43 	 .2613098E-01
19.44 	 .2443698E-01
19.45 	 .2251972E-01
19.46 	 .2035945E-01
19.47 	 .1789543E-01
19.48 	 .1514690E-01
19.49 	 .1228837E-01
19.5 	 .9459718E-02
19.51 	 .6745175E-02
19.52 	 .4377053E-02
19.53 	 .2530347E-02
19.54 	 .1170338E-02
19.55 	 .1193711E-03
19.56 	 -.7762202E-03
19.57 	 -.1600380E-02
19.58 	 -.2457590E-02
19.59 	 -.3327688E-02
19.6 	 -.4309891E-02
19.61 	 -.5585814E-02
19.62 	 -.7097040E-02
19.63 	 -.8829896E-02
19.64 	 -.1086735E-01
19.65 	 -.1315531E-01
19.66 	 -.1566463E-01
19.67 	 -.1899213E-01
19.68 	 -.2387990E-01
19.69 	 -.3014480E-01
19.7 	 -.3716397E-01
19.71 	 -.4442549E-01
19.72 	 -.5160294E-01
19.73 	 -.5874559E-01
19.74 	 -.6618300E-01
19.75 	 -.7413519E-01
19.76 	 -.8237841E-01
19.77 	 -.9075603E-01
19.78 	 -.9917579E-01
19.79 	 -.1071457E+00
19.8 	 -.1143737E+00
19.81 	 -.1208487E+00
19.82 	 -.1265443E+00
19.83 	 -.1316273E+00
19.84 	 -.1364854E+00
19.85 	 -.1415900E+00
19.86 	 -.1470244E+00
19.87 	 -.1525220E+00
19.88 	 -.1579240E+00
19.89 	 -.1631384E+00
19.9 	 -.1678136E+00
19.91 	 -.1715094E+00
19.92 	 -.1742701E+00
19.93 	 -.1764023E+00
19.94 	 -.1778583E+00
19.95 	 -.1782365E+00
19.96 	 -.1774303E+00
19.97 	 -.1756732E+00
19.98 	 -.1731042E+00
19.99 	 -.1699907E+00
20.0 	 -.1665461E+00
20.01 	 -.1627621E+00
20.02 	 -.1589524E+00
20.03 	 -.1555125E+00
20.04 	 -.1526422E+00
20.05 	 -.1504554E+00
20.06 	 -.1487991E+00
20.07 	 -.1472835E+00
20.08 	 -.1455186E+00
20.09 	 -.1433927E+00
20.1 	 -.1410591E+00
20.11 	 -.1387551E+00
20.12 	 -.1367622E+00
20.13 	 -.1351710E+00
20.14 	 -.1338106E+00
20.15 	 -.1326882E+00
20.16 	 -.1319623E+00
20.17 	 -.1315855E+00
20.18 	 -.1314311E+00
20.19 	 -.1314375E+00
20.2 	 -.1314929E+00
20.21 	 -.1315624E+00
20.22 	 -.1316773E+00
20.23 	 -.1317222E+00
20.24 	 -.1315207E+00
20.25 	 -.1309751E+00
20.26 	 -.1302288E+00
20.27 	 -.1292881E+00
20.28 	 -.1278984E+00
20.29 	 -.1259705E+00
20.3 	 -.1234855E+00
20.31 	 -.1204612E+00
20.32 	 -.1171068E+00
20.33 	 -.1135696E+00
20.34 	 -.1097952E+00
20.35 	 -.1057696E+00
20.36 	 -.1015800E+00
20.37 	 -.9731162E-01
20.38 	 -.9288067E-01
20.39 	 -.8831431E-01
20.4 	 -.8396144E-01
20.41 	 -.7991134E-01
20.42 	 -.7587446E-01
20.43 	 -.7162122E-01
20.44 	 -.6708352E-01
20.45 	 -.6219821E-01
20.46 	 -.5680787E-01
20.47 	 -.5068609E-01
20.48 	 -.4382264E-01
20.49 	 -.3659787E-01
20.5 	 -.2947331E-01
20.51 	 -.2267355E-01
20.52 	 -.1612486E-01
20.53 	 -.9624417E-02
20.54 	 -.3045115E-02
20.55 	 .3511226E-02
20.56 	 .9872994E-02
20.57 	 .1593678E-01
20.58 	 .2148491E-01
20.59 	 .2643828E-01
20.6 	 .3082791E-01
20.61 	 .3455249E-01
20.62 	 .3759979E-01
20.63 	 .3998169E-01
20.64 	 .4171869E-01
20.65 	 .4281339E-01
20.66 	 .4306135E-01
20.67 	 .4244334E-01
20.68 	 .4129723E-01
20.69 	 .3983428E-01
20.7 	 .3822675E-01
20.71 	 .3670557E-01
20.72 	 .3521230E-01
20.73 	 .3368619E-01
20.74 	 .3230841E-01
20.75 	 .3121859E-01
20.76 	 .3030976E-01
20.77 	 .2928550E-01
20.78 	 .2796930E-01
20.79 	 .2626961E-01
20.8 	 .2402697E-01
20.81 	 .2136661E-01
20.82 	 .1863729E-01
20.83 	 .1602258E-01
20.84 	 .1346554E-01
20.85 	 .1092196E-01
20.86 	 .8442323E-02
20.87 	 .5994849E-02
20.88 	 .3725152E-02
20.89 	 .1844034E-02
20.9 	 .3561070E-03
20.91 	 -.8058425E-03
20.92 	 -.1660197E-02
20.93 	 -.1965493E-02
20.94 	 -.1438480E-02
20.95 	 -.2491125E-03
20.96 	 .1379194E-02
20.97 	 .3577231E-02
20.98 	 .6388847E-02
20.99 	 .9499513E-02
21.0 	 .1225913E-01
21.01 	 .1402477E-01
21.02 	 .1479135E-01
21.03 	 .1505658E-01
21.04 	 .1517526E-01
21.05 	 .1539184E-01
21.06 	 .1599320E-01
21.07 	 .1704109E-01
21.08 	 .1861650E-01
21.09 	 .2107064E-01
21.1 	 .2453856E-01
21.11 	 .2868139E-01
21.12 	 .3296882E-01
21.13 	 .3712150E-01
21.14 	 .4116012E-01
21.15 	 .4498594E-01
21.16 	 .4840690E-01
21.17 	 .5121157E-01
21.18 	 .5297531E-01
21.19 	 .5339420E-01
21.2 	 .5232225E-01
21.21 	 .4961914E-01
21.22 	 .4542959E-01
21.23 	 .4010939E-01
21.24 	 .3412365E-01
21.25 	 .2796289E-01
21.26 	 .2206160E-01
21.27 	 .1673462E-01
21.28 	 .1206913E-01
21.29 	 .8041062E-02
21.3 	 .4551070E-02
21.31 	 .1498718E-02
21.32 	 -.1344264E-02
21.33 	 -.4364604E-02
21.34 	 -.7900306E-02
21.35 	 -.1210458E-01
21.36 	 -.1665920E-01
21.37 	 -.2094998E-01
21.38 	 -.2446859E-01
21.39 	 -.2701699E-01
21.4 	 -.2873047E-01
21.41 	 -.2980842E-01
21.42 	 -.3027448E-01
21.43 	 -.2997040E-01
21.44 	 -.2882066E-01
21.45 	 -.2683126E-01
21.46 	 -.2394669E-01
21.47 	 -.2030672E-01
21.48 	 -.1623240E-01
21.49 	 -.1206143E-01
21.5 	 -.8245038E-02
21.51 	 -.5122153E-02
21.52 	 -.2634691E-02
21.53 	 -.4621052E-03
21.54 	 .1737317E-02
21.55 	 .4289988E-02
21.56 	 .7468642E-02
21.57 	 .1134233E-01
21.58 	 .1584631E-01
21.59 	 .2088813E-01
21.6 	 .2627621E-01
21.61 	 .3176266E-01
21.62 	 .3712370E-01
21.63 	 .4216282E-01
21.64 	 .4674385E-01
21.65 	 .5080598E-01
21.66 	 .5442355E-01
21.67 	 .5775677E-01
21.68 	 .6099856E-01
21.69 	 .6434646E-01
21.7 	 .6783067E-01
21.71 	 .7136125E-01
21.72 	 .7479162E-01
21.73 	 .7795848E-01
21.74 	 .8081262E-01
21.75 	 .8346845E-01
21.76 	 .8617090E-01
21.77 	 .8904365E-01
21.78 	 .9206367E-01
21.79 	 .9525117E-01
21.8 	 .9863875E-01
21.81 	 .1022222E+00
21.82 	 .1059027E+00
21.83 	 .1094871E+00
21.84 	 .1128149E+00
21.85 	 .1157565E+00
21.86 	 .1183180E+00
21.87 	 .1208106E+00
21.88 	 .1235914E+00
21.89 	 .1268330E+00
21.9 	 .1305938E+00
21.91 	 .1350329E+00
21.92 	 .1403531E+00
21.93 	 .1464742E+00
21.94 	 .1531821E+00
21.95 	 .1603576E+00
21.96 	 .1679818E+00
21.97 	 .1760680E+00
21.98 	 .1845609E+00
21.99 	 .1933794E+00
22.0 	 .2024873E+00
22.01 	 .2118653E+00
22.02 	 .2213797E+00
22.03 	 .2308586E+00
22.04 	 .2403061E+00
22.05 	 .2496399E+00
22.06 	 .2584802E+00
22.07 	 .2665018E+00
22.08 	 .2735946E+00
22.09 	 .2797945E+00
22.1 	 .2851657E+00
22.11 	 .2895498E+00
22.12 	 .2926402E+00
22.13 	 .2941611E+00
22.14 	 .2939084E+00
22.15 	 .2917642E+00
22.16 	 .2876563E+00
22.17 	 .2815168E+00
22.18 	 .2732198E+00
22.19 	 .2626479E+00
22.2 	 .2498173E+00
22.21 	 .2349307E+00
22.22 	 .2182559E+00
22.23 	 .1999114E+00
22.24 	 .1798565E+00
22.25 	 .1580029E+00
22.26 	 .1343781E+00
22.27 	 .1093257E+00
22.28 	 .8332992E-01
22.29 	 .5670723E-01
22.3 	 .2970061E-01
22.31 	 .2491012E-02
22.32 	 -.2486047E-01
22.33 	 -.5217306E-01
22.34 	 -.7908791E-01
22.35 	 -.1051869E+00
22.36 	 -.1301723E+00
22.37 	 -.1539462E+00
22.38 	 -.1763314E+00
22.39 	 -.1971168E+00
22.4 	 -.2162279E+00
22.41 	 -.2335883E+00
22.42 	 -.2490300E+00
22.43 	 -.2623825E+00
22.44 	 -.2735083E+00
22.45 	 -.2821333E+00
22.46 	 -.2879995E+00
22.47 	 -.2910618E+00
22.48 	 -.2913821E+00
22.49 	 -.2891824E+00
22.5 	 -.2848602E+00
22.51 	 -.2789240E+00
22.52 	 -.2718423E+00
22.53 	 -.2638365E+00
22.54 	 -.2549443E+00
22.55 	 -.2450417E+00
22.56 	 -.2340703E+00
22.57 	 -.2221452E+00
22.58 	 -.2093629E+00
22.59 	 -.1960427E+00
22.6 	 -.1827043E+00
22.61 	 -.1697178E+00
22.62 	 -.1571115E+00
22.63 	 -.1450952E+00
22.64 	 -.1343891E+00
22.65 	 -.1253108E+00
22.66 	 -.1175584E+00
22.67 	 -.1109295E+00
22.68 	 -.1055311E+00
22.69 	 -.1013363E+00
22.7 	 -.9799771E-01
22.71 	 -.9527592E-01
22.72 	 -.9299906E-01
22.73 	 -.9080715E-01
22.74 	 -.8864275E-01
22.75 	 -.8684337E-01
22.76 	 -.8559156E-01
22.77 	 -.8461587E-01
22.78 	 -.8336764E-01
22.79 	 -.8158933E-01
22.8 	 -.7944019E-01
22.81 	 -.7737534E-01
22.82 	 -.7570070E-01
22.83 	 -.7418798E-01
22.84 	 -.7279077E-01
22.85 	 -.7174580E-01
22.86 	 -.7117189E-01
22.87 	 -.7112440E-01
22.88 	 -.7148897E-01
22.89 	 -.7224024E-01
22.9 	 -.7346574E-01
22.91 	 -.7515062E-01
22.92 	 -.7731103E-01
22.93 	 -.7995626E-01
22.94 	 -.8298837E-01
22.95 	 -.8632508E-01
22.96 	 -.8997014E-01
22.97 	 -.9387892E-01
22.98 	 -.9797570E-01
22.99 	 -.1024313E+00
23.0 	 -.1075853E+00
23.01 	 -.1134794E+00
23.02 	 -.1200066E+00
23.03 	 -.1270389E+00
23.04 	 -.1341498E+00
23.05 	 -.1409589E+00
23.06 	 -.1474232E+00
23.07 	 -.1534560E+00
23.08 	 -.1589526E+00
23.09 	 -.1640104E+00
23.1 	 -.1685999E+00
23.11 	 -.1723988E+00
23.12 	 -.1750206E+00
23.13 	 -.1760536E+00
23.14 	 -.1750291E+00
23.15 	 -.1717239E+00
23.16 	 -.1662369E+00
23.17 	 -.1587817E+00
23.18 	 -.1496636E+00
23.19 	 -.1391531E+00
23.2 	 -.1273631E+00
23.21 	 -.1144164E+00
23.22 	 -.1005917E+00
23.23 	 -.8627840E-01
23.24 	 -.7179572E-01
23.25 	 -.5730972E-01
23.26 	 -.4293863E-01
23.27 	 -.2887027E-01
23.28 	 -.1536441E-01
23.29 	 -.2687724E-02
23.3 	 .8901571E-02
23.31 	 .1931913E-01
23.32 	 .2876575E-01
23.33 	 .3762497E-01
23.34 	 .4620309E-01
23.35 	 .5452505E-01
23.36 	 .6245938E-01
23.37 	 .6982877E-01
23.38 	 .7656758E-01
23.39 	 .8279196E-01
23.4 	 .8857442E-01
23.41 	 .9388476E-01
23.42 	 .9865356E-01
23.43 	 .1028188E+00
23.44 	 .1063600E+00
23.45 	 .1093029E+00
23.46 	 .1118220E+00
23.47 	 .1141566E+00
23.48 	 .1163569E+00
23.49 	 .1183903E+00
23.5 	 .1202640E+00
23.51 	 .1217585E+00
23.52 	 .1225617E+00
23.53 	 .1225292E+00
23.54 	 .1215209E+00
23.55 	 .1195589E+00
23.56 	 .1169254E+00
23.57 	 .1138658E+00
23.58 	 .1105093E+00
23.59 	 .1069329E+00
23.6 	 .1031788E+00
23.61 	 .9929063E-01
23.62 	 .9536686E-01
23.63 	 .9151421E-01
23.64 	 .8774680E-01
23.65 	 .8408531E-01
23.66 	 .8055502E-01
23.67 	 .7718250E-01
23.68 	 .7400844E-01
23.69 	 .7093878E-01
23.7 	 .6777700E-01
23.71 	 .6423104E-01
23.72 	 .5992002E-01
23.73 	 .5450331E-01
23.74 	 .4788505E-01
23.75 	 .4024084E-01
23.76 	 .3179551E-01
23.77 	 .2268226E-01
23.78 	 .1309675E-01
23.79 	 .3381118E-02
23.8 	 -.6279674E-02
23.81 	 -.1563972E-01
23.82 	 -.2422966E-01
23.83 	 -.3191215E-01
23.84 	 -.3883590E-01
23.85 	 -.4504188E-01
23.86 	 -.5054080E-01
23.87 	 -.5530125E-01
23.88 	 -.5916003E-01
23.89 	 -.6190441E-01
23.9 	 -.6343141E-01
23.91 	 -.6382082E-01
23.92 	 -.6309465E-01
23.93 	 -.6122684E-01
23.94 	 -.5831711E-01
23.95 	 -.5448020E-01
23.96 	 -.4977156E-01
23.97 	 -.4421088E-01
23.98 	 -.3788107E-01
23.99 	 -.3094287E-01
24.0 	 -.2350929E-01
24.01 	 -.1565668E-01
24.02 	 -.7551144E-02
24.03 	 .6614329E-03
24.04 	 .8914919E-02
24.05 	 .1705325E-01
24.06 	 .2489426E-01
24.07 	 .3248075E-01
24.08 	 .4002046E-01
24.09 	 .4772794E-01
24.1 	 .5582572E-01
24.11 	 .6432594E-01
24.12 	 .7312573E-01
24.13 	 .8218589E-01
24.14 	 .9136815E-01
24.15 	 .1004804E+00
24.16 	 .1092824E+00
24.17 	 .1174721E+00
24.18 	 .1249382E+00
24.19 	 .1319023E+00
24.2 	 .1386255E+00
24.21 	 .1453023E+00
24.22 	 .1520257E+00
24.23 	 .1586710E+00
24.24 	 .1652217E+00
24.25 	 .1716474E+00
24.26 	 .1775598E+00
24.27 	 .1824885E+00
24.28 	 .1863259E+00
24.29 	 .1892627E+00
24.3 	 .1914632E+00
24.31 	 .1931127E+00
24.32 	 .1944625E+00
24.33 	 .1956912E+00
24.34 	 .1968294E+00
24.35 	 .1980173E+00
24.36 	 .1993766E+00
24.37 	 .2007037E+00
24.38 	 .2017364E+00
24.39 	 .2022814E+00
24.4 	 .2022951E+00
24.41 	 .2018542E+00
24.42 	 .2011069E+00
24.43 	 .2001968E+00
24.44 	 .1991275E+00
24.45 	 .1979232E+00
24.46 	 .1963559E+00
24.47 	 .1938734E+00
24.48 	 .1901690E+00
24.49 	 .1851908E+00
24.5 	 .1788126E+00
24.51 	 .1708741E+00
24.52 	 .1614077E+00
24.53 	 .1507275E+00
24.54 	 .1392745E+00
24.55 	 .1273660E+00
24.56 	 .1149839E+00
24.57 	 .1019306E+00
24.58 	 .8823885E-01
24.59 	 .7400134E-01
24.6 	 .5918178E-01
24.61 	 .4385238E-01
24.62 	 .2818209E-01
24.63 	 .1239976E-01
24.64 	 -.3233042E-02
24.65 	 -.1861467E-01
24.66 	 -.3376738E-01
24.67 	 -.4853623E-01
24.68 	 -.6269144E-01
24.69 	 -.7619908E-01
24.7 	 -.8899385E-01
24.71 	 -.1009747E+00
24.72 	 -.1122509E+00
24.73 	 -.1230102E+00
24.74 	 -.1333462E+00
24.75 	 -.1432349E+00
24.76 	 -.1526217E+00
24.77 	 -.1614949E+00
24.78 	 -.1698296E+00
24.79 	 -.1775236E+00
24.8 	 -.1844115E+00
24.81 	 -.1902379E+00
24.82 	 -.1947802E+00
24.83 	 -.1980502E+00
24.84 	 -.2001837E+00
24.85 	 -.2013016E+00
24.86 	 -.2013912E+00
24.87 	 -.2003994E+00
24.88 	 -.1983995E+00
24.89 	 -.1955489E+00
24.9 	 -.1921835E+00
24.91 	 -.1887131E+00
24.92 	 -.1851873E+00
24.93 	 -.1813073E+00
24.94 	 -.1767962E+00
24.95 	 -.1714901E+00
24.96 	 -.1652704E+00
24.97 	 -.1581367E+00
24.98 	 -.1503437E+00
24.99 	 -.1422969E+00
25.0 	 -.1343917E+00
25.01 	 -.1269329E+00
25.02 	 -.1200444E+00
25.03 	 -.1137098E+00
25.04 	 -.1078790E+00
25.05 	 -.1025319E+00
25.06 	 -.9769986E-01
25.07 	 -.9338251E-01
25.08 	 -.8945084E-01
25.09 	 -.8585765E-01
25.1 	 -.8275346E-01
25.11 	 -.8018470E-01
25.12 	 -.7796162E-01
25.13 	 -.7595193E-01
25.14 	 -.7419775E-01
25.15 	 -.7275050E-01
25.16 	 -.7173996E-01
25.17 	 -.7114611E-01
25.18 	 -.7062510E-01
25.19 	 -.6996643E-01
25.2 	 -.6912735E-01
25.21 	 -.6809574E-01
25.22 	 -.6699192E-01
25.23 	 -.6586106E-01
25.24 	 -.6457327E-01
25.25 	 -.6305982E-01
25.26 	 -.6136470E-01
25.27 	 -.5943347E-01
25.28 	 -.5720417E-01
25.29 	 -.5489496E-01
25.3 	 -.5266066E-01
25.31 	 -.5031048E-01
25.32 	 -.4754608E-01
25.33 	 -.4410889E-01
25.34 	 -.4001106E-01
25.35 	 -.3553378E-01
25.36 	 -.3092648E-01
25.37 	 -.2626978E-01
25.38 	 -.2150803E-01
25.39 	 -.1659705E-01
25.4 	 -.1156349E-01
25.41 	 -.6457035E-02
25.42 	 -.1323851E-02
25.43 	 .3800365E-02
25.44 	 .8998916E-02
25.45 	 .1443324E-01
25.46 	 .2009609E-01
25.47 	 .2589454E-01
25.48 	 .3178053E-01
25.49 	 .3766254E-01
25.5 	 .4345923E-01
25.51 	 .4912535E-01
25.52 	 .5461926E-01
25.53 	 .5974286E-01
25.54 	 .6410292E-01
25.55 	 .6755590E-01
25.56 	 .7027263E-01
25.57 	 .7230273E-01
25.58 	 .7343659E-01
25.59 	 .7354170E-01
25.6 	 .7266230E-01
25.61 	 .7087382E-01
25.62 	 .6843854E-01
25.63 	 .6558955E-01
25.64 	 .6238240E-01
25.65 	 .5895875E-01
25.66 	 .5540093E-01
25.67 	 .5183319E-01
25.68 	 .4849763E-01
25.69 	 .4541134E-01
25.7 	 .4257615E-01
25.71 	 .4006025E-01
25.72 	 .3785526E-01
25.73 	 .3592549E-01
25.74 	 .3417943E-01
25.75 	 .3261642E-01
25.76 	 .3124689E-01
25.77 	 .3002439E-01
25.78 	 .2899621E-01
25.79 	 .2807811E-01
25.8 	 .2703795E-01
25.81 	 .2577645E-01
25.82 	 .2433459E-01
25.83 	 .2293079E-01
25.84 	 .2180302E-01
25.85 	 .2097553E-01
25.86 	 .2043639E-01
25.87 	 .2026611E-01
25.88 	 .2052051E-01
25.89 	 .2118239E-01
25.9 	 .2215354E-01
25.91 	 .2325840E-01
25.92 	 .2436621E-01
25.93 	 .2539774E-01
25.94 	 .2624958E-01
25.95 	 .2684945E-01
25.96 	 .2719163E-01
25.97 	 .2731521E-01
25.98 	 .2727893E-01
25.99 	 .2698293E-01
26.0 	 .2625696E-01
26.01 	 .2511955E-01
26.02 	 .2377055E-01
26.03 	 .2247680E-01
26.04 	 .2142660E-01
26.05 	 .2068286E-01
26.06 	 .2013128E-01
26.07 	 .1964186E-01
26.08 	 .1935913E-01
26.09 	 .1953927E-01
26.1 	 .2024288E-01
26.11 	 .2139856E-01
26.12 	 .2300535E-01
26.13 	 .2515666E-01
26.14 	 .2799839E-01
26.15 	 .3158151E-01
26.16 	 .3580609E-01
26.17 	 .4057928E-01
26.18 	 .4577293E-01
26.19 	 .5107771E-01
26.2 	 .5620257E-01
26.21 	 .6101454E-01
26.22 	 .6539436E-01
26.23 	 .6920274E-01
26.24 	 .7235990E-01
26.25 	 .7495103E-01
26.26 	 .7707102E-01
26.27 	 .7865063E-01
26.28 	 .7964546E-01
26.29 	 .8022716E-01
26.3 	 .8061278E-01
26.31 	 .8083827E-01
26.32 	 .8076333E-01
26.33 	 .8012607E-01
26.34 	 .7875371E-01
26.35 	 .7668420E-01
26.36 	 .7392380E-01
26.37 	 .7043201E-01
26.38 	 .6630309E-01
26.39 	 .6154829E-01
26.4 	 .5597292E-01
26.41 	 .4950221E-01
26.42 	 .4239573E-01
26.43 	 .3495966E-01
26.44 	 .2731766E-01
26.45 	 .1947084E-01
26.46 	 .1135450E-01
26.47 	 .3026496E-02
26.48 	 -.5412038E-02
26.49 	 -.1400318E-01
26.5 	 -.2279346E-01
26.51 	 -.3182722E-01
26.52 	 -.4110016E-01
26.53 	 -.5030996E-01
26.54 	 -.5888908E-01
26.55 	 -.6638852E-01
26.56 	 -.7281868E-01
26.57 	 -.7830239E-01
26.58 	 -.8274694E-01
26.59 	 -.8618916E-01
26.6 	 -.8881482E-01
26.61 	 -.9074669E-01
26.62 	 -.9212525E-01
26.63 	 -.9307899E-01
26.64 	 -.9353795E-01
26.65 	 -.9339327E-01
26.66 	 -.9279714E-01
26.67 	 -.9197400E-01
26.68 	 -.9092892E-01
26.69 	 -.8967722E-01
26.7 	 -.8847912E-01
26.71 	 -.8763006E-01
26.72 	 -.8727922E-01
26.73 	 -.8734804E-01
26.74 	 -.8760536E-01
26.75 	 -.8794630E-01
26.76 	 -.8835430E-01
26.77 	 -.8859238E-01
26.78 	 -.8840262E-01
26.79 	 -.8776576E-01
26.8 	 -.8666897E-01
26.81 	 -.8519231E-01
26.82 	 -.8357719E-01
26.83 	 -.8192541E-01
26.84 	 -.8009198E-01
26.85 	 -.7779260E-01
26.86 	 -.7489589E-01
26.87 	 -.7141889E-01
26.88 	 -.6735209E-01
26.89 	 -.6262862E-01
26.9 	 -.5701167E-01
26.91 	 -.5042518E-01
26.92 	 -.4301157E-01
26.93 	 -.3477543E-01
26.94 	 -.2567280E-01
26.95 	 -.1567445E-01
26.96 	 -.4893377E-02
26.97 	 .6450045E-02
26.98 	 .1831913E-01
26.99 	 .3063957E-01
27.0 	 .4319234E-01
27.01 	 .5575185E-01
27.02 	 .6805383E-01
27.03 	 .7986283E-01
27.04 	 .9096899E-01
27.05 	 .1011977E+00
27.06 	 .1104943E+00
27.07 	 .1189371E+00
27.08 	 .1266174E+00
27.09 	 .1335403E+00
27.1 	 .1396638E+00
27.11 	 .1448571E+00
27.12 	 .1489102E+00
27.13 	 .1518796E+00
27.14 	 .1541473E+00
27.15 	 .1558850E+00
27.16 	 .1568634E+00
27.17 	 .1568556E+00
27.18 	 .1557732E+00
27.19 	 .1535422E+00
27.2 	 .1502817E+00
27.21 	 .1461728E+00
27.22 	 .1413030E+00
27.23 	 .1357788E+00
27.24 	 .1297056E+00
27.25 	 .1232639E+00
27.26 	 .1165936E+00
27.27 	 .1097465E+00
27.28 	 .1028730E+00
27.29 	 .9620441E-01
27.3 	 .8997022E-01
27.31 	 .8428426E-01
27.32 	 .7912424E-01
27.33 	 .7450678E-01
27.34 	 .7043722E-01
27.35 	 .6676956E-01
27.36 	 .6331188E-01
27.37 	 .5986860E-01
27.38 	 .5634395E-01
27.39 	 .5257881E-01
27.4 	 .4831868E-01
27.41 	 .4356735E-01
27.42 	 .3829519E-01
27.43 	 .3245638E-01
27.44 	 .2621410E-01
27.45 	 .1962815E-01
27.46 	 .1278086E-01
27.47 	 .5960064E-02
27.48 	 -.5974088E-03
27.49 	 -.6762072E-02
27.5 	 -.1239149E-01
27.51 	 -.1734495E-01
27.52 	 -.2160561E-01
27.53 	 -.2527245E-01
27.54 	 -.2843058E-01
27.55 	 -.3112368E-01
27.56 	 -.3326566E-01
27.57 	 -.3477772E-01
27.58 	 -.3576608E-01
27.59 	 -.3639133E-01
27.6 	 -.3667467E-01
27.61 	 -.3653613E-01
27.62 	 -.3597152E-01
27.63 	 -.3506385E-01
27.64 	 -.3395824E-01
27.65 	 -.3271151E-01
27.66 	 -.3140813E-01
27.67 	 -.3029592E-01
27.68 	 -.2961419E-01
27.69 	 -.2953544E-01
27.7 	 -.3005107E-01
27.71 	 -.3100199E-01
27.72 	 -.3231546E-01
27.73 	 -.3389532E-01
27.74 	 -.3553053E-01
27.75 	 -.3712197E-01
27.76 	 -.3873739E-01
27.77 	 -.4035269E-01
27.78 	 -.4181039E-01
27.79 	 -.4307194E-01
27.8 	 -.4400757E-01
27.81 	 -.4444583E-01
27.82 	 -.4444204E-01
27.83 	 -.4419431E-01
27.84 	 -.4389473E-01
27.85 	 -.4354600E-01
27.86 	 -.4311566E-01
27.87 	 -.4262539E-01
27.88 	 -.4203921E-01
27.89 	 -.4134145E-01
27.9 	 -.4066755E-01
27.91 	 -.4012173E-01
27.92 	 -.3968732E-01
27.93 	 -.3940263E-01
27.94 	 -.3923697E-01
27.95 	 -.3898800E-01
27.96 	 -.3851592E-01
27.97 	 -.3782371E-01
27.98 	 -.3697045E-01
27.99 	 -.3603194E-01
28.0 	 -.3501882E-01
28.01 	 -.3390043E-01
28.02 	 -.3265538E-01
28.03 	 -.3131950E-01
28.04 	 -.2997364E-01
28.05 	 -.2864234E-01
28.06 	 -.2725683E-01
28.07 	 -.2572593E-01
28.08 	 -.2403663E-01
28.09 	 -.2225520E-01
28.1 	 -.2044681E-01
28.11 	 -.1861033E-01
28.12 	 -.1677761E-01
28.13 	 -.1505496E-01
28.14 	 -.1350944E-01
28.15 	 -.1219335E-01
28.16 	 -.1118178E-01
28.17 	 -.1051894E-01
28.18 	 -.1020997E-01
28.19 	 -.1023645E-01
28.2 	 -.1059552E-01
28.21 	 -.1127431E-01
28.22 	 -.1220257E-01
28.23 	 -.1328984E-01
28.24 	 -.1452589E-01
28.25 	 -.1596162E-01
28.26 	 -.1757802E-01
28.27 	 -.1929409E-01
28.28 	 -.2104373E-01
28.29 	 -.2279596E-01
28.3 	 -.2450110E-01
28.31 	 -.2613253E-01
28.32 	 -.2770278E-01
28.33 	 -.2918960E-01
28.34 	 -.3057216E-01
28.35 	 -.3184571E-01
28.36 	 -.3302451E-01
28.37 	 -.3411329E-01
28.38 	 -.3506937E-01
28.39 	 -.3586827E-01
28.4 	 -.3650960E-01
28.41 	 -.3703245E-01
28.42 	 -.3748665E-01
28.43 	 -.3785327E-01
28.44 	 -.3812822E-01
28.45 	 -.3832950E-01
28.46 	 -.3844734E-01
28.47 	 -.3848853E-01
28.48 	 -.3846819E-01
28.49 	 -.3838892E-01
28.5 	 -.3824139E-01
28.51 	 -.3801049E-01
28.52 	 -.3769900E-01
28.53 	 -.3730063E-01
28.54 	 -.3681566E-01
28.55 	 -.3628036E-01
28.56 	 -.3571397E-01
28.57 	 -.3514879E-01
28.58 	 -.3461108E-01
28.59 	 -.3407497E-01
28.6 	 -.3351143E-01
28.61 	 -.3288882E-01
28.62 	 -.3220338E-01
28.63 	 -.3145692E-01
28.64 	 -.3063312E-01
28.65 	 -.2973509E-01
28.66 	 -.2874535E-01
28.67 	 -.2764739E-01
28.68 	 -.2645520E-01
28.69 	 -.2518002E-01
28.7 	 -.2384332E-01
28.71 	 -.2246678E-01
28.72 	 -.2104727E-01
28.73 	 -.1958669E-01
28.74 	 -.1810209E-01
28.75 	 -.1660159E-01
28.76 	 -.1508756E-01
28.77 	 -.1356410E-01
28.78 	 -.1202813E-01
28.79 	 -.1047950E-01
28.8 	 -.8938196E-02
28.81 	 -.7424004E-02
28.82 	 -.5958718E-02
28.83 	 -.4578951E-02
28.84 	 -.3285167E-02
28.85 	 -.2052006E-02
28.86 	 -.8819814E-03
28.87 	 .2129718E-03
28.88 	 .1225034E-02
28.89 	 .2138722E-02
28.9 	 .2938973E-02
28.91 	 .3625236E-02
28.92 	 .4214339E-02
28.93 	 .4725368E-02
28.94 	 .5170832E-02
28.95 	 .5563749E-02
28.96 	 .5915408E-02
28.97 	 .6230520E-02
28.98 	 .6507726E-02
28.99 	 .6749101E-02
29.0 	 .6956373E-02
29.01 	 .7122076E-02
29.02 	 .7251563E-02
29.03 	 .7360451E-02
29.04 	 .7451227E-02
29.05 	 .7523185E-02
29.06 	 .7578416E-02
29.07 	 .7616036E-02
29.08 	 .7636578E-02
29.09 	 .7641902E-02
29.1 	 .7632498E-02
29.11 	 .7609111E-02
29.12 	 .7570466E-02
29.13 	 .7511724E-02
29.14 	 .7431846E-02
29.15 	 .7334859E-02
29.16 	 .7223980E-02
29.17 	 .7102069E-02
29.18 	 .6972885E-02
29.19 	 .6837495E-02
29.2 	 .6693722E-02
29.21 	 .6540353E-02
29.22 	 .6378831E-02
29.23 	 .6211609E-02
29.24 	 .6039168E-02
29.25 	 .5861738E-02
29.26 	 .5681693E-02
29.27 	 .5501040E-02
29.28 	 .5320189E-02
29.29 	 .5139055E-02
29.3 	 .4957541E-02
29.31 	 .4775579E-02
29.32 	 .4593275E-02
29.33 	 .4411302E-02
29.34 	 .4230791E-02
29.35 	 .4052658E-02
29.36 	 .3877643E-02
29.37 	 .3706330E-02
29.38 	 .3539455E-02
29.39 	 .3377515E-02
29.4 	 .3219934E-02
29.41 	 .3066224E-02
29.42 	 .2916677E-02
29.43 	 .2771608E-02
29.44 	 .2630975E-02
29.45 	 .2494571E-02
29.46 	 .2362426E-02
29.47 	 .2234545E-02
29.48 	 .2110972E-02
29.49 	 .1992169E-02
29.5 	 .1878479E-02
29.51 	 .1769875E-02
29.52 	 .1666380E-02
29.53 	 .1568123E-02
29.54 	 .1475136E-02
29.55 	 .1387349E-02
29.56 	 .1304679E-02
29.57 	 .1227053E-02
29.58 	 .1154333E-02
29.59 	 .1086289E-02
29.6 	 .1022688E-02
29.61 	 .9633376E-03
29.62 	 .9080387E-03
29.63 	 .8565587E-03
29.64 	 .8086852E-03
29.65 	 .7642353E-03
29.66 	 .7230291E-03
29.67 	 .6848839E-03
29.68 	 .6496044E-03
29.69 	 .6170043E-03
29.7 	 .5869257E-03
29.71 	 .5592127E-03
29.72 	 .5337043E-03
29.73 	 .5102482E-03
29.74 	 .4887007E-03
29.75 	 .4689201E-03
29.76 	 .4507717E-03
29.77 	 .4341354E-03
29.78 	 .4189003E-03
29.79 	 .4049614E-03
29.8 	 .3922229E-03
29.81 	 .3805989E-03
29.82 	 .3700114E-03
29.83 	 .3603894E-03
29.84 	 .3516695E-03
29.85 	 .3437951E-03
29.86 	 .3367164E-03
29.87 	 .3303899E-03
29.88 	 .3247769E-03
29.89 	 .3198436E-03
29.9 	 .3155606E-03
29.91 	 .3119026E-03
29.92 	 .3088475E-03
29.93 	 .3063765E-03
29.94 	 .3044735E-03
29.95 	 .3031244E-03
29.96 	 .3023170E-03
29.97 	 .3020406E-03
29.98 	 .3022854E-03
29.99 	 .3030422E-03
