0.0     0.0
0.0419384905125     0.0
0.0838769810251     -7.26999557872e-25
0.125815471538     1.38611513943e-20
0.16775396205     2.6386715689e-17
0.209692452563     2.04859855032e-15
0.251630943075     -1.2389264107e-12
0.293569433588     1.20757867328e-10
0.3355079241     -1.31945163125e-09
0.377446414613     -1.15329772048e-07
0.419384905125     -4.02828697547e-06
0.461323395638     -6.95150299429e-05
0.503261886151     -0.000531448115059
0.545200376663     -0.000206130058915
0.587138867176     0.0244483403973
0.629077357688     0.170998028428
0.671015848201     0.533035923559
0.712954338713     0.833559264193
0.754892829226     0.505398142387
0.796831319738     -0.419944333031
0.838769810251     -1.3055778173
0.880708300764     -1.6796647433
0.922646791276     -1.3638632987
0.964585281789     -0.675399720834
1.0065237723     0.0201105407768
1.04846226281     1.07917745306
1.09040075333     2.18862908681
1.13233924384     1.87736783663
1.17427773435     0.124509474412
1.21621622486     -1.24596969477
1.25815471538     -1.16609835923
1.30009320589     -0.1419316516
1.3420316964     0.844905752993
1.38397018691     1.08732137822
1.42590867743     0.595693049235
1.46784716794     -0.0141715356693
1.50978565845     -0.467673112935
1.55172414896     -0.921770278433
1.59366263948     -1.17726275171
1.63560112999     -0.855020426757
1.6775396205     -0.00550552702009
1.71947811101     0.896937668983
1.76141660153     1.19683277729
1.80335509204     0.661603925392
1.84529358255     -0.166776252759
1.88723207306     -0.672885903236
1.92917056358     -0.707191574481
1.97110905409     -0.425778077578
2.0130475446     -0.087164182424
2.05498603511     0.160782174616
2.09692452563     0.256163342794
2.13886301614     0.184658556278
2.18080150665     0.153597752765
2.22273999717     0.222616313719
2.26467848768     0.167344859646
2.30661697819     0.0179606937665
2.3485554687     -0.111497026282
2.39049395922     -0.188417429757
2.43243244973     -0.060340019303
2.47437094024     0.146767794185
2.51630943075     0.117806719555
2.55824792127     -0.0570749849576
2.60018641178     -0.117457766363
2.64212490229     -0.047508841683
2.6840633928     0.0324116543076
2.72600188332     0.0407148512911
2.76794037383     -0.00958132028183
2.80987886434     -0.0488902546818
2.85181735485     -0.0394631333482
2.89375584537     -0.00136463987292
2.93569433588     0.0265967647801
2.97763282639     0.0210215359492
3.0195713169     -0.00653250450668
3.06150980742     -0.0201865958341
3.10344829793     -0.0162473088915
3.14538678844     -0.00698961209089
3.18732527895     0.003639886298
3.22926376947     0.00680371283683
3.27120225998     0.00089886467006
3.31314075049     -0.00320835131164
3.355079241     0.00565843519405
3.39701773152     0.0160481340935
3.43895622203     0.00890210236742
3.48089471254     0.00136144069582
3.52283320305     0.0137170634159
3.56477169357     0.0212726123645
3.60671018408     0.00382491115658
3.64864867459     -0.0129692557691
3.6905871651     -0.00875237949126
3.73252565562     -0.000919850161485
3.77446414613     -0.00587974399507
3.81640263664     -0.0121325712003
3.85834112715     -0.00511250013291
3.90027961767     0.0049109693248
3.94221810818     0.0059710576004
3.98415659869     0.00477036948161
4.0260950892     0.00523211882196
4.06803357972     0.00161210073228
4.10997207023     -0.00436896904331
4.15191056074     -0.00491220111208
4.19384905125     -0.00256082589596
4.23578754177     -0.00335376423351
4.27772603228     -0.00466344080389
4.31966452279     -0.00462198855962
4.36160301331     -0.00339375091114
4.40354150382     0.00223287988238
4.44547999433     0.00774145687716
4.48741848484     0.00536834929014
4.52935697536     -0.000141818184907
4.57129546587     -0.000939915716002
4.61323395638     0.00158771503087
4.65517244689     0.00251065138333
4.69711093741     0.000879447538775
4.73904942792     -0.000749088011646
4.78098791843     -0.00126158091565
4.82292640894     -0.0010593301192
4.86486489946     0.000379190532973
4.90680338997     0.00179489883175
4.94874188048     0.00119976254342
4.99068037099     -0.000100381988577
5.03261886151     -0.000424909358733
5.07455735202     -0.000547770597673
5.11649584253     -0.00117648783607
5.15843433304     -0.000823952485818
5.20037282356     6.28033683199e-05
5.24231131407     -0.000158895787821
5.28424980458     -0.000629635440388
5.32618829509     -0.00102275362729
5.36812678561     -0.00141717560031
5.41006527612     -0.00102195404988
5.45200376663     -0.000301942290182
5.49394225714     0.000109315048708
5.53588074766     0.000487399141771
5.57781923817     0.000657534988501
5.61975772868     0.000375201537342
5.66169621919     -3.93642780819e-05
5.70363470971     -0.000179939832514
5.74557320022     -4.6675195812e-05
5.78751169073     3.48812663556e-05
5.82945018124     0.000194963300023
5.87138867176     0.000546779963116
5.91332716227     0.00053040803552
5.95526565278     0.000281044845524
5.99720414329     0.000232973371123
6.03914263381     0.000201286158455
6.08108112432     7.82883223303e-05
6.12301961483     0.000145105083477
6.16495810534     0.000444222178455
6.20689659586     0.00047352418578
6.24883508637     0.000262801381977
6.29077357688     4.013631377e-05
6.33271206739     -0.000156927964272
6.37465055791     -0.000163164537957
6.41658904842     -2.98166254957e-05
6.45852753893     4.21015349515e-05
6.50046602945     -2.50469196178e-05
6.54240451996     -0.00017128175588
6.58434301047     -0.000251979870505
6.62628150098     -0.000213759332934
6.6682199915     -0.00013606044684
6.71015848201     -0.000108650143815
6.75209697252     -0.000142658532742
6.79403546303     -0.000174905281528
6.83597395355     -0.000167691356203
6.87791244406     -0.000134950970834
6.91985093457     -0.000105064732008
6.96178942508     -6.21701255644e-05
7.0037279156     -4.04279957927e-05
7.04566640611     -3.26761936373e-05
7.08760489662     -4.45789888003e-05
7.12954338713     -3.99454734876e-05
7.17148187765     4.12019832564e-06
7.21342036816     4.94124526816e-05
7.25535885867     0.000104633389597
7.29729734918     0.000115536441916
7.3392358397     7.01873692036e-05
7.38117433021     4.29291962447e-05
7.42311282072     4.39255776968e-05
7.46505131123     4.62199983655e-05
7.50698980175     6.94006951983e-05
7.54892829226     9.02465126804e-05
7.59086678277     7.96844382718e-05
7.63280527328     5.96793887983e-05
7.6747437638     3.73819246478e-05
7.71668225431     7.8223913735e-06
7.75862074482     -9.33523433996e-06
7.80055923533     -7.70886309183e-06
7.84249772585     -5.74309975045e-06
7.88443621636     4.23470249512e-06
7.92637470687     7.30473710731e-06
7.96831319738     -2.34711861037e-06
8.0102516879     -2.15551388246e-05
8.05219017841     -3.19654762331e-05
8.09412866892     -3.60813914956e-05
8.13606715943     -3.78615463974e-05
8.17800564995     -2.58707586838e-05
8.21994414046     -2.07759737338e-05
8.26188263097     -1.7406514378e-05
8.30382112148     -1.77811875263e-05
8.345759612     -2.34015185574e-05
8.38769810251     -1.79619199153e-05
8.42963659302     -1.37867194684e-05
8.47157508353     -8.52025958824e-06
8.51351357405     5.46264043761e-06
8.55545206456     9.54518575866e-06
8.59739055507     6.44975095547e-06
8.63932904559     5.69530835585e-06
8.6812675361     3.28684435355e-06
8.72320602661     3.90566565584e-06
8.76514451712     7.42105751243e-06
8.80708300764     7.41827894298e-06
8.84902149815     5.63641623744e-06
8.89095998866     7.98145430922e-06
8.93289847917     8.1178075224e-06
8.97483696969     8.69517731234e-06
