0.0     0.0
0.0419384905125     0.0
0.0838769810251     -5.24155675797e-24
0.125815471538     4.48349782369e-20
0.16775396205     2.78081044744e-17
0.209692452563     1.49710089733e-16
0.251630943075     1.2538676685e-12
0.293569433588     -1.2855088324e-10
0.3355079241     1.61903083451e-09
0.377446414613     1.48852328318e-07
0.419384905125     5.00608250866e-06
0.461323395638     8.616078217e-05
0.503261886151     0.00065968259227
0.545200376663     -4.75521936555e-05
0.587138867176     -0.0379058801131
0.629077357688     -0.286725657609
0.671015848201     -1.04023704166
0.712954338713     -2.12451430224
0.754892829226     -2.47387898693
0.796831319738     -1.32213659141
0.838769810251     0.712026842671
0.880708300764     2.47762040026
0.922646791276     2.80673153193
0.964585281789     0.97827654547
1.0065237723     -0.854978011637
1.04846226281     0.716669410752
1.09040075333     3.90137073976
1.13233924384     3.64129410247
1.17427773435     -0.190776548751
1.21621622486     -3.26222462123
1.25815471538     -3.1468164101
1.30009320589     -1.22278305847
1.3420316964     0.134819901728
1.38397018691     0.312812399999
1.42590867743     0.320353852791
1.46784716794     0.647053540533
1.50978565845     0.546056255127
1.55172414896     -0.32590534803
1.59366263948     -1.08354643252
1.63560112999     -0.806508188507
1.6775396205     0.241900314823
1.71947811101     0.965914647574
1.76141660153     0.777015245479
1.80335509204     0.0180706177692
1.84529358255     -0.634973669877
1.88723207306     -0.711283245654
1.92917056358     -0.332276054675
1.97110905409     0.00713084777921
2.0130475446     0.183877096549
2.05498603511     0.189080277045
2.09692452563     -0.0356650092276
2.13886301614     -0.133053123212
2.18080150665     0.109172078108
2.22273999717     0.314147199392
2.26467848768     0.189514449097
2.30661697819     -0.0596613079827
2.3485554687     -0.101726253647
2.39049395922     0.0186018997664
2.43243244973     0.0498701189074
2.47437094024     -0.0245572165133
2.51630943075     -0.0745305557248
2.55824792127     -0.07613827754
2.60018641178     -0.0787641010338
2.64212490229     -0.0567458791556
2.6840633928     0.0110218243718
2.72600188332     0.065367363032
2.76794037383     0.0965572994891
2.80987886434     0.114805974712
2.85181735485     0.103843095698
2.89375584537     0.0595784763605
2.93569433588     -0.00773420841625
2.97763282639     -0.0592620839911
3.0195713169     -0.0840695441621
3.06150980742     -0.0949399176857
3.10344829793     -0.0664724601208
3.14538678844     -0.00526341662829
3.18732527895     0.0308569166944
3.22926376947     0.0409839985462
3.27120225998     0.0483526853647
3.31314075049     0.0302432021045
3.355079241     -0.00610037965036
3.39701773152     -0.0149831828605
3.43895622203     -0.00602899150542
3.48089471254     -0.00553461801879
3.52283320305     -0.00482133337904
3.56477169357     -0.00402247942646
3.60671018408     -0.00906429231875
3.64864867459     -0.00548860122195
3.6905871651     0.0111683532755
3.73252565562     0.0207918822231
3.77446414613     0.012067740154
3.81640263664     -0.00220505883902
3.85834112715     -0.0101285946948
3.90027961767     -0.0103700596994
3.94221810818     -0.00848695362168
3.98415659869     -0.00481671764657
4.0260950892     0.000481914218562
4.06803357972     -0.00313105839487
4.10997207023     -0.0118574619213
4.15191056074     -0.0159113744772
4.19384905125     -0.00350799137405
4.23578754177     0.014924001554
4.27772603228     0.0168922935291
4.31966452279     0.0114499112212
4.36160301331     0.00959890187658
4.40354150382     0.00288168132559
4.44547999433     -0.00653951354978
4.48741848484     -0.00649801446291
4.52935697536     -0.00147862009907
4.57129546587     -0.00215179705109
4.61323395638     -0.00628455526969
4.65517244689     -0.00563408744383
4.69711093741     -0.000672167233431
4.73904942792     0.00197225104352
4.78098791843     0.00210184200479
4.82292640894     0.00200943020037
4.86486489946     0.000231888292312
4.90680338997     -0.00165093499485
4.94874188048     -0.000324974977364
4.99068037099     0.00282037301739
5.03261886151     0.00363070774787
5.07455735202     0.00188674071769
5.11649584253     0.000137727696944
5.15843433304     0.00048256567789
5.20037282356     0.000863727504235
5.24231131407     3.77204492852e-05
5.28424980458     -0.00012577936035
5.32618829509     -0.000902742197618
5.36812678561     -0.00150890818681
5.41006527612     -0.00124230474594
5.45200376663     -0.000274893499374
5.49394225714     -2.01423243584e-06
5.53588074766     5.59308410796e-05
5.57781923817     0.000652647959222
5.61975772868     0.000149375893821
5.66169621919     -0.000995899797184
5.70363470971     -0.000630208178099
5.74557320022     0.000802803262106
5.78751169073     0.0011985238165
5.82945018124     0.000272398479545
5.87138867176     -0.000381618975568
5.91332716227     -0.000303761778784
5.95526565278     -0.000636641447394
5.99720414329     -0.00124638482443
6.03914263381     -0.000749958503571
6.08108112432     0.000225065318486
6.12301961483     -3.71600728194e-05
6.16495810534     -0.000707623623001
6.20689659586     -0.000342248625295
6.24883508637     0.000307206012155
6.29077357688     0.000425978931771
6.33271206739     0.000552734179929
6.37465055791     0.000612579957598
6.41658904842     0.000368378888812
6.45852753893     -0.00022263785178
6.50046602945     -0.000529233283463
6.54240451996     2.2814088313e-05
6.58434301047     0.000417198543866
6.62628150098     0.000227083888201
6.6682199915     -0.000116347946845
6.71015848201     -6.14501372261e-05
6.75209697252     6.83217970105e-05
6.79403546303     0.000180167864965
6.83597395355     0.000187000421467
6.87791244406     4.15097132119e-05
6.91985093457     -0.000168971341495
6.96178942508     -0.000157119726226
7.0037279156     -1.5990572327e-05
7.04566640611     4.17063003893e-05
7.08760489662     0.000104169734456
7.12954338713     0.000107849258443
7.17148187765     0.000127951523963
7.21342036816     0.000136947095129
7.25535885867     9.11225481901e-05
7.29729734918     5.81663831839e-05
7.3392358397     1.11264221957e-05
7.38117433021     -1.25325680951e-06
7.42311282072     5.99539927843e-05
7.46505131123     2.47634784255e-05
7.50698980175     -0.000105470267608
7.54892829226     -0.000175617625412
7.59086678277     -0.000123738128351
7.63280527328     -4.89328038239e-05
7.6747437638     6.74717987297e-08
7.71668225431     1.23243244801e-05
7.75862074482     -7.01338038062e-06
7.80055923533     3.19988732825e-05
7.84249772585     3.02209141282e-05
7.88443621636     4.05301387166e-05
7.92637470687     5.83178626581e-05
7.96831319738     2.72306312363e-05
8.0102516879     -6.5696008215e-05
8.05219017841     -0.00010419901109
8.09412866892     -5.40573533521e-05
8.13606715943     -1.82217229362e-06
8.17800564995     -2.21785955939e-05
8.21994414046     -2.95797829463e-05
8.26188263097     -4.0652744788e-05
8.30382112148     -3.47057827521e-05
8.345759612     -3.16338641343e-05
8.38769810251     -2.49599571709e-06
8.42963659302     2.5523640812e-05
8.47157508353     8.93899678189e-06
8.51351357405     -2.24312421042e-05
8.55545206456     -3.41234894726e-05
8.59739055507     -1.59080555912e-06
8.63932904559     1.71222768884e-05
8.6812675361     3.10071272976e-05
8.72320602661     7.87443872326e-06
8.76514451712     -2.74555191601e-06
8.80708300764     1.07011519753e-06
8.84902149815     4.81627741274e-06
8.89095998866     -8.13375380026e-07
8.93289847917     -1.22530575621e-05
8.97483696969     7.14477283077e-06
