0.00	0.000000e+00
0.01	6.091203e-04
0.02	1.722124e-03
0.03	2.419899e-03
0.04	2.462973e-03
0.05	1.712256e-03
0.06	1.566753e-04
0.07	-2.077712e-03
0.08	-4.739120e-03
0.09	-7.480974e-03
0.10	-9.908560e-03
0.11	-1.163515e-02
0.12	-1.233981e-02
0.13	-1.181856e-02
0.14	-1.002131e-02
0.15	-7.068573e-03
0.16	-3.245002e-03
0.17	1.030554e-03
0.18	5.254958e-03
0.19	8.904575e-03
0.20	1.150455e-02
0.21	1.269424e-02
0.22	1.227958e-02
0.23	1.026498e-02
0.24	6.859484e-03
0.25	2.455898e-03
0.26	-2.415223e-03
0.27	-7.151036e-03
0.28	-1.115297e-02
0.29	-1.390428e-02
0.30	-1.503815e-02
0.31	-1.438695e-02
0.32	-1.200584e-02
0.33	-8.166872e-03
0.34	-3.324374e-03
0.35	1.944324e-03
0.36	7.014795e-03
0.37	1.129790e-02
0.38	1.431736e-02
0.39	1.577184e-02
0.40	1.557272e-02
0.41	1.385236e-02
0.42	1.094127e-02
0.43	7.317474e-03
0.44	3.534989e-03
0.45	1.414761e-04
0.46	-2.403062e-03
0.47	-3.794785e-03
0.48	-3.931533e-03
0.49	-2.928340e-03
0.50	-1.100132e-03
0.51	1.086481e-03
0.52	3.085862e-03
0.53	4.360248e-03
0.54	4.468339e-03
0.55	3.142391e-03
0.56	3.418917e-04
0.57	-3.725062e-03
0.58	-8.617186e-03
0.59	-1.371152e-02
0.60	-1.828508e-02
0.61	-2.161600e-02
0.62	-2.309055e-02
0.63	-2.230057e-02
0.64	-1.911701e-02
0.65	-1.372795e-02
0.66	-6.633799e-03
0.67	1.401534e-03
0.68	9.438726e-03
0.69	1.647999e-02
0.70	2.159988e-02
0.71	2.407252e-02
0.72	2.347767e-02
0.73	1.977015e-02
0.74	1.330185e-02
0.75	4.791513e-03
0.76	-4.755483e-03
0.77	-1.416817e-02
0.78	-2.225679e-02
0.79	-2.796639e-02
0.80	-3.051661e-02
0.81	-2.950850e-02
0.82	-2.498313e-02
0.83	-1.742293e-02
0.84	-7.694242e-03
0.85	3.062167e-03
0.86	1.357884e-02
0.87	2.262809e-02
0.88	2.918464e-02
0.89	3.256197e-02
0.90	3.250291e-02
0.91	2.921135e-02
0.92	2.331930e-02
0.93	1.579324e-02
0.94	7.791724e-03
0.95	4.938564e-04
0.96	-5.077166e-03
0.97	-8.210035e-03
0.98	-8.617429e-03
0.99	-6.486563e-03
1.00	-2.458823e-03
1.01	2.460907e-03
1.02	7.054372e-03
1.03	1.007957e-02
1.04	1.047331e-02
1.05	7.537248e-03
1.06	1.078641e-03
1.07	-8.517225e-03
1.08	-2.029767e-02
1.09	-3.283951e-02
1.10	-4.442319e-02
1.11	-5.326362e-02
1.12	-5.776772e-02
1.13	-5.678346e-02
1.14	-4.980414e-02
1.15	-3.709599e-02
1.16	-1.972626e-02
1.17	5.186111e-04
1.18	2.132028e-02
1.19	4.010187e-02
1.20	5.435512e-02
1.21	6.197968e-02
1.22	6.158901e-02
1.23	5.273937e-02
1.24	3.604657e-02
1.25	1.316849e-02
1.26	-1.335158e-02
1.27	-4.036691e-02
1.28	-6.450346e-02
1.29	-8.258434e-02
1.30	-9.204822e-02
1.31	-9.130560e-02
1.32	-7.998214e-02
1.33	-5.901180e-02
1.34	-3.056034e-02
1.35	2.217371e-03
1.36	3.556074e-02
1.37	6.558130e-02
1.38	8.877391e-02
1.39	1.024928e-01
1.40	1.053253e-01
1.41	9.730777e-02
1.42	7.994559e-02
1.43	5.602673e-02
1.44	2.924430e-02
1.45	3.672372e-03
1.46	-1.683796e-02
1.47	-2.926048e-02
1.48	-3.190680e-02
1.49	-2.477054e-02
1.50	-9.641499e-03
1.51	1.004349e-02
1.52	2.961164e-02
1.53	4.378878e-02
1.54	4.748501e-02
1.55	3.663140e-02
1.56	8.953051e-03
1.57	-3.543824e-02
1.58	-9.373317e-02
1.59	-1.604688e-01
1.60	-2.279580e-01
1.61	-2.870872e-01
1.62	-3.284130e-01
1.63	-3.434432e-01
1.64	-3.259527e-01
1.65	-2.731630e-01
1.66	-1.866184e-01
1.67	-7.261067e-02
1.68	5.795121e-02
1.69	1.902732e-01
1.70	3.069854e-01
1.71	3.899328e-01
1.72	4.222842e-01
1.73	3.907428e-01
1.74	2.876105e-01
1.75	1.124526e-01
1.76	-1.268691e-01
1.77	-4.139706e-01
1.78	-7.246329e-01
1.79	-1.028411e+00
1.80	-1.291074e+00
1.81	-1.477690e+00
1.82	-1.556082e+00
1.83	-1.500329e+00
1.84	-1.293949e+00
1.85	-9.324221e-01
1.86	-4.247497e-01
1.87	2.061740e-01
1.88	9.244825e-01
1.89	1.683543e+00
1.90	2.429306e+00
1.91	3.104528e+00
1.92	3.653527e+00
1.93	4.027015e+00
1.94	4.186592e+00
1.95	4.108440e+00
1.96	3.785871e+00
1.97	3.230450e+00
1.98	2.471565e+00
1.99	1.554439e+00
2.00	5.367578e-01
2.01	-5.158211e-01
2.02	-1.534862e+00
2.03	-2.454599e+00
2.04	-3.217140e+00
2.05	-3.776975e+00
2.06	-4.104376e+00
2.07	-4.187411e+00
2.08	-4.032409e+00
2.09	-3.662865e+00
2.10	-3.116923e+00
2.11	-2.443693e+00
2.12	-1.698777e+00
2.13	-9.394348e-01
2.14	-2.198233e-01
2.15	4.132399e-01
2.16	9.236474e-01
2.17	1.288231e+00
2.18	1.497713e+00
2.19	1.556354e+00
2.20	1.480417e+00
2.21	1.295666e+00
2.22	1.034184e+00
2.23	7.308856e-01
2.24	4.200455e-01
2.25	1.322115e-01
2.26	-1.082543e-01
2.27	-2.848012e-01
2.28	-3.893961e-01
2.29	-4.223157e-01
2.30	-3.911272e-01
2.31	-3.090350e-01
2.32	-1.928209e-01
2.33	-6.063508e-02
2.34	7.011808e-02
2.35	1.845783e-01
2.36	2.717499e-01
2.37	3.252452e-01
2.38	3.434277e-01
2.39	3.289966e-01
2.40	2.881190e-01
2.41	2.292543e-01
2.42	1.618398e-01
2.43	9.500752e-02
2.44	3.648186e-02
2.45	-8.224196e-03
2.46	-3.624660e-02
2.47	-4.742153e-02
2.48	-4.398122e-02
2.49	-2.996583e-02
2.50	-1.045307e-02
2.51	9.278559e-03
2.52	2.453736e-02
2.53	3.185693e-02
2.54	2.941217e-02
2.55	1.717380e-02
2.56	-3.200735e-03
2.57	-2.870738e-02
2.58	-5.550582e-02
2.59	-7.952035e-02
2.60	-9.704473e-02
2.61	-1.052686e-01
2.62	-1.026585e-01
2.63	-8.914807e-02
2.64	-6.612259e-02
2.65	-3.620636e-02
2.66	-2.891779e-03
2.67	2.993535e-02
2.68	5.850699e-02
2.69	7.965198e-02
2.70	9.118187e-02
2.71	9.213676e-02
2.72	8.286517e-02
2.73	6.493424e-02
2.74	4.088905e-02
2.75	1.389817e-02
2.76	-1.266406e-02
2.77	-3.564246e-02
2.78	-5.247851e-02
2.79	-6.149465e-02
2.80	-6.205357e-02
2.81	-5.457856e-02
2.82	-4.043921e-02
2.83	-2.172441e-02
2.84	-9.375533e-04
2.85	1.934253e-02
2.86	3.678942e-02
2.87	4.960387e-02
2.88	5.670307e-02
2.89	5.780469e-02
2.90	5.340092e-02
2.91	4.463268e-02
2.92	3.308658e-02
2.93	2.054642e-02
2.94	8.735484e-03
2.95	-9.151936e-04
2.96	-7.442288e-03
2.97	-1.044877e-02
2.98	-1.011627e-02
2.99	-7.134216e-03
3.00	-2.560208e-03
3.01	2.365346e-03
3.02	6.421766e-03
3.03	8.598260e-03
3.04	8.245062e-03
3.05	5.165430e-03
3.06	-3.625362e-04
3.07	-7.635090e-03
3.08	-1.563386e-02
3.09	-2.318114e-02
3.10	-2.911624e-02
3.11	-3.246732e-02
3.12	-3.259454e-02
3.13	-2.928495e-02
3.14	-2.278657e-02
3.15	-1.377806e-02
3.16	-3.279119e-03
3.17	7.485063e-03
3.18	1.724617e-02
3.19	2.485936e-02
3.20	2.945156e-02
3.21	3.053193e-02
3.22	2.805037e-02
3.23	2.239743e-02
3.24	1.434675e-02
3.25	4.949089e-03
3.26	-4.607012e-03
3.27	-1.314871e-02
3.28	-1.966601e-02
3.29	-2.343351e-02
3.30	-2.409149e-02
3.31	-2.167724e-02
3.32	-1.660404e-02
3.33	-9.592602e-03
3.34	-1.565573e-03
3.35	6.479405e-03
3.36	1.360062e-02
3.37	1.902967e-02
3.38	2.226026e-02
3.39	2.309788e-02
3.40	2.166544e-02
3.41	1.836617e-02
3.42	1.381058e-02
3.43	8.719398e-03
3.44	3.816639e-03
3.45	-2.718553e-04
3.46	-3.100550e-03
3.47	-4.456410e-03
3.48	-4.375063e-03
3.49	-3.120141e-03
3.50	-1.130169e-03
3.51	1.058170e-03
3.52	2.898515e-03
3.53	3.921898e-03
3.54	3.809793e-03
3.55	2.442888e-03
3.56	-8.095626e-05
3.57	-3.461578e-03
3.58	-7.241488e-03
3.59	-1.087400e-02
3.60	-1.380442e-02
3.61	-1.555243e-02
3.62	-1.578398e-02
3.63	-1.436245e-02
3.64	-1.137200e-02
3.65	-7.109995e-03
3.66	-2.049752e-03
3.67	3.221120e-03
3.68	8.078090e-03
3.69	1.194210e-02
3.70	1.435572e-02
3.71	1.504281e-02
3.72	1.394372e-02
3.73	1.122176e-02
3.74	7.240173e-03
3.75	2.513320e-03
3.76	-2.361119e-03
3.77	-6.779615e-03
3.78	-1.020947e-02
3.79	-1.225461e-02
3.80	-1.270199e-02
3.81	-1.154312e-02
3.82	-8.968291e-03
3.83	-5.335292e-03
3.84	-1.117300e-03
3.85	3.162344e-03
3.86	6.999434e-03
3.87	9.972885e-03
3.88	1.179501e-02
3.89	1.234184e-02
3.90	1.166016e-02
3.91	9.951177e-03
3.92	7.533947e-03
3.93	4.794440e-03
3.94	2.127780e-03
3.95	-1.179937e-04
3.96	-1.688837e-03
3.97	-2.455999e-03
3.98	-2.427829e-03
3.99	-1.741075e-03
4.00	-6.335704e-04
4.01	5.971769e-04
4.02	1.643101e-03
4.03	2.235052e-03
4.04	2.185396e-03
4.05	1.417632e-03
4.06	-2.110189e-05
4.07	-1.966247e-03
4.08	-4.159655e-03
4.09	-6.287440e-03
4.10	-8.026267e-03
4.11	-9.091369e-03
4.12	-9.279384e-03
4.13	-8.499895e-03
4.14	-6.791210e-03
4.15	-4.318126e-03
4.16	-1.352015e-03
4.17	1.764014e-03
4.18	4.660049e-03
4.19	6.988190e-03
4.20	8.468581e-03
4.21	8.926388e-03
4.22	8.314747e-03
4.23	6.720699e-03
4.24	4.353417e-03
4.25	1.516484e-03
4.26	-1.431913e-03
4.27	-4.125411e-03
4.28	-6.236256e-03
4.29	-7.516234e-03
4.30	-7.826421e-03
4.31	-7.152043e-03
4.32	-5.600789e-03
4.33	-3.385213e-03
4.34	-7.919468e-04
4.35	1.857794e-03
4.36	4.250909e-03
4.37	6.122487e-03
4.38	7.287953e-03
4.39	7.663209e-03
4.40	7.270434e-03
4.41	6.229242e-03
4.42	4.734925e-03
4.43	3.027234e-03
4.44	1.354358e-03
4.45	-6.268156e-05
4.46	-1.060241e-03
4.47	-1.552753e-03
4.48	-1.541263e-03
4.49	-1.108957e-03
4.50	-4.046630e-04
4.51	3.829475e-04
4.52	1.056497e-03
4.53	1.441717e-03
4.54	1.415252e-03
4.55	9.244479e-04
4.56	-3.709702e-06
4.57	-1.265710e-03
4.58	-2.696160e-03
4.59	-4.091773e-03
4.60	-5.241198e-03
4.61	-5.956371e-03
4.62	-6.100878e-03
4.63	-5.611243e-03
4.64	-4.508114e-03
4.65	-2.895696e-03
4.66	-9.494883e-04
4.67	1.106019e-03
4.68	3.026614e-03
4.69	4.580579e-03
4.70	5.579438e-03
4.71	5.903043e-03
4.72	5.515586e-03
4.73	4.470422e-03
4.74	2.903083e-03
4.75	1.013503e-03
4.76	-9.600842e-04
4.77	-2.772000e-03
4.78	-4.200583e-03
4.79	-5.076039e-03
4.80	-5.301055e-03
4.81	-4.861545e-03
4.82	-3.826297e-03
4.83	-2.335801e-03
4.84	-5.819823e-04
4.85	1.218219e-03
4.86	2.851740e-03
4.87	4.136803e-03
4.88	4.945186e-03
4.89	5.216499e-03
4.90	4.962772e-03
4.91	4.263018e-03
4.92	3.248859e-03
4.93	2.083482e-03
4.94	9.370664e-04
4.95	-3.774772e-05
4.96	-7.269011e-04
4.97	-1.069576e-03
4.98	-1.064564e-03
4.99	-7.676546e-04
5.00	-2.806363e-04
5.01	2.662858e-04
5.02	7.359654e-04
5.03	1.006461e-03
5.04	9.905933e-04
5.05	6.500591e-04
5.06	2.082351e-06
5.07	-8.823410e-04
5.08	-1.888313e-03
5.09	-2.873569e-03
5.10	-3.689273e-03
5.11	-4.202075e-03
5.12	-4.314242e-03
5.13	-3.978975e-03
5.14	-3.208697e-03
5.15	-2.075087e-03
5.16	-7.008077e-04
5.17	7.559590e-04
5.18	2.122071e-03
5.19	3.232251e-03
5.20	3.951056e-03
5.21	4.190986e-03
5.22	3.924256e-03
5.23	3.186663e-03
5.24	2.073018e-03
5.25	7.248205e-04
5.26	-6.881578e-04
5.27	-1.989845e-03
5.28	-3.020445e-03
5.29	-3.656603e-03
5.30	-3.826494e-03
5.31	-3.517923e-03
5.32	-2.778460e-03
5.33	-1.707751e-03
5.34	-4.431958e-04
5.35	8.589579e-04
5.36	2.044439e-03
5.37	2.980862e-03
5.38	3.574055e-03
5.39	3.778680e-03
5.40	3.601879e-03
5.41	3.099642e-03
5.42	2.366618e-03
5.43	1.520986e-03
5.44	6.866332e-04
5.45	-2.475565e-05
5.46	-5.291874e-04
5.47	-7.812719e-04
5.48	-7.791256e-04
5.49	-5.627078e-04
5.50	-2.059829e-04
5.51	1.958225e-04
5.52	5.419136e-04
5.53	7.422225e-04
5.54	7.319000e-04
5.55	4.818850e-04
5.56	4.020108e-06
5.57	-6.500182e-04
5.58	-1.395809e-03
5.59	-2.128264e-03
5.60	-2.736945e-03
5.61	-3.122414e-03
5.62	-3.211257e-03
5.63	-2.967619e-03
5.64	-2.399575e-03
5.65	-1.559385e-03
5.66	-5.375650e-04
5.67	5.484676e-04
5.68	1.569609e-03
5.69	2.402080e-03
5.70	2.943897e-03
5.71	3.128549e-03
5.72	2.934004e-03
5.73	2.385836e-03
5.74	1.554036e-03
5.75	5.439679e-04
5.76	-5.173023e-04
5.77	-1.497444e-03
5.78	-2.275846e-03
5.79	-2.758872e-03
5.80	-2.891388e-03
5.81	-2.663058e-03
5.82	-2.108670e-03
5.83	-1.302532e-03
5.84	-3.478196e-04
5.85	6.376058e-04
5.86	1.536918e-03
5.87	2.249439e-03
5.88	2.703105e-03
5.89	2.862677e-03
5.90	2.732680e-03
5.91	2.354825e-03
5.92	1.800416e-03
5.93	1.158960e-03
5.94	5.246532e-04
5.95	-1.726713e-05
5.96	-4.023913e-04
5.97	-5.955715e-04
5.98	-5.948012e-04
5.99	-4.300883e-04
6.00	-1.575916e-04
6.01	1.500324e-04
6.02	4.155960e-04
6.03	5.698682e-04
6.04	5.627397e-04
6.05	3.714280e-04
6.06	4.527190e-06
6.07	-4.986834e-04
6.08	-1.073572e-03
6.09	-1.639358e-03
6.10	-2.110860e-03
6.11	-2.411093e-03
6.12	-2.482910e-03
6.13	-2.297995e-03
6.14	-1.861904e-03
6.15	-1.214403e-03
6.16	-4.250095e-04
6.17	4.156864e-04
6.18	1.207736e-03
6.19	1.854994e-03
6.20	2.277924e-03
6.21	2.424283e-03
6.22	2.276236e-03
6.23	1.852917e-03
6.24	1.208089e-03
6.25	4.232352e-04
6.26	-4.029939e-04
6.27	-1.167531e-03
6.28	-1.776129e-03
6.29	-2.155306e-03
6.30	-2.261429e-03
6.31	-2.085748e-03
6.32	-1.654775e-03
6.33	-1.026035e-03
6.34	-2.798316e-04
6.35	4.917802e-04
6.36	1.197279e-03
6.37	1.757536e-03
6.38	2.115645e-03
6.39	2.243452e-03
6.40	2.143967e-03
6.41	1.849447e-03
6.42	1.415528e-03
6.43	9.123352e-04
6.44	4.138939e-04
6.45	-1.261755e-05
6.46	-3.162492e-04
6.47	-4.689911e-04
6.48	-4.689148e-04
6.49	-3.393722e-04
6.50	-1.244468e-04
6.51	1.186092e-04
6.52	3.287991e-04
6.53	4.512553e-04
6.54	4.461026e-04
6.55	2.950109e-04
6.56	4.476866e-06
6.57	-3.946433e-04
6.58	-8.512877e-04
6.59	-1.301433e-03
6.60	-1.677388e-03
6.61	-1.917798e-03
6.62	-1.976924e-03
6.63	-1.831853e-03
6.64	-1.486580e-03
6.65	-9.723656e-04
6.66	-3.442648e-04
6.67	3.257178e-04
6.68	9.579260e-04
6.69	1.475535e-03
6.70	1.814789e-03
6.71	1.933579e-03
6.72	1.817200e-03
6.73	1.480481e-03
6.74	9.660046e-04
6.75	3.386526e-04
6.76	-3.227765e-04
6.77	-9.357486e-04
6.78	-1.424597e-03
6.79	-1.730132e-03
6.80	-1.816971e-03
6.81	-1.677663e-03
6.82	-1.333069e-03
6.83	-8.290265e-04
6.84	-2.298065e-04
6.85	3.907128e-04
6.86	9.589056e-04
6.87	1.410949e-03
6.88	1.700777e-03
6.89	1.805389e-03
6.90	1.726863e-03
6.91	1.490882e-03
6.92	1.142057e-03
6.93	7.368081e-04
6.94	3.348341e-04
6.95	-9.561048e-06
6.96	-2.550727e-04
6.97	-3.788603e-04
6.98	-3.791414e-04
6.99	-2.745999e-04
7.00	-1.007566e-04
7.01	9.611565e-05
7.02	2.666044e-04
7.03	3.661594e-04
7.04	3.622984e-04
7.05	2.399598e-04
7.06	4.214076e-06
7.07	-3.200635e-04
7.08	-6.915179e-04
7.09	-1.058164e-03
7.10	-1.364919e-03
7.11	-1.561743e-03
7.12	-1.611204e-03
7.13	-1.494387e-03
7.14	-1.214268e-03
7.15	-7.960592e-04
7.16	-2.844367e-04
7.17	2.620000e-04
7.18	7.782820e-04
7.19	1.201619e-03
7.20	1.479767e-03
7.21	1.578071e-03
7.22	1.484214e-03
7.23	1.210010e-03
7.24	7.900141e-04
7.25	2.771064e-04
7.26	-2.643278e-04
7.27	-7.667129e-04
7.28	-1.167967e-03
7.29	-1.419395e-03
7.30	-1.491737e-03
7.31	-1.378594e-03
7.32	-1.096799e-03
7.33	-6.837328e-04
7.34	-1.919922e-04
7.35	3.178255e-04
7.36	7.852133e-04
7.37	1.157611e-03
7.38	1.396965e-03
7.39	1.484141e-03
7.40	1.420616e-03
7.41	1.227316e-03
7.42	9.408088e-04
7.43	6.074617e-04
7.44	2.764381e-04
7.45	-7.458923e-06
7.46	-2.100705e-04
7.47	-3.124184e-04
7.48	-3.128814e-04
7.49	-2.267452e-04
7.50	-8.323927e-05
7.51	7.946297e-05
7.52	2.205219e-04
7.53	3.030464e-04
7.54	3.000681e-04
7.55	1.989936e-04
7.56	3.882780e-06
7.57	-2.647872e-04
7.58	-5.728429e-04
7.59	-8.772360e-04
7.60	-1.132274e-03
7.61	-1.296367e-03
7.62	-1.338319e-03
7.63	-1.242255e-03
7.64	-1.010454e-03
7.65	-6.636786e-04
7.66	-2.389037e-04
7.67	2.152541e-04
7.68	6.447976e-04
7.69	9.974495e-04
7.70	1.229623e-03
7.71	1.312301e-03
7.72	1.235021e-03
7.73	1.007415e-03
7.74	6.580770e-04
7.75	2.309318e-04
7.76	-2.204287e-04
7.77	-6.396616e-04
7.78	-9.749163e-04
7.79	-1.185431e-03
7.80	-1.246608e-03
7.81	-1.152907e-03
7.82	-9.181917e-04
7.83	-5.735256e-04
7.84	-1.627445e-04
7.85	2.635523e-04
7.86	6.547595e-04
7.87	9.668416e-04
7.88	1.167840e-03
7.89	1.241586e-03
7.90	1.189158e-03
7.91	1.027931e-03
7.92	7.884213e-04
7.93	5.094102e-04
7.94	2.320855e-04
7.95	-5.959218e-06
7.96	-1.760058e-04
7.97	-2.620368e-04
7.98	-2.625868e-04
7.99	-1.903912e-04
8.00	-6.992266e-05
8.01	6.679097e-05
8.02	1.854312e-04
8.03	2.549486e-04
8.04	2.525953e-04
8.05	1.676874e-04
8.06	3.544269e-06
8.07	-2.226850e-04
8.08	-4.822888e-04
8.09	-7.390352e-04
8.10	-9.544103e-04
8.11	-1.093303e-03
8.12	-1.129315e-03
8.13	-1.048936e-03
8.14	-8.539541e-04
8.15	-5.617612e-04
8.16	-2.034626e-04
8.17	1.799591e-04
8.18	5.429172e-04
8.19	8.412134e-04
8.20	1.037931e-03
8.21	1.108423e-03
8.22	1.043697e-03
8.23	8.517474e-04
8.24	5.566292e-04
8.25	1.954056e-04
8.26	-1.866222e-04
8.27	-5.417602e-04
8.28	-8.260536e-04
8.29	-1.004883e-03
8.30	-1.057284e-03
8.31	-9.784202e-04
8.32	-7.799046e-04
8.33	-4.879574e-04
8.34	-1.396732e-04
8.35	2.220626e-04
8.36	5.543013e-04
8.37	8.196155e-04
8.38	9.907861e-04
8.39	1.053975e-03
8.40	1.009981e-03
8.41	8.734622e-04
8.42	6.702685e-04
8.43	4.333157e-04
8.44	1.976096e-04
8.45	-4.856381e-06
8.46	-1.496016e-04
8.47	-2.229276e-04
8.48	-2.235119e-04
8.49	-1.621276e-04
8.50	-5.956362e-05
8.51	5.692508e-05
8.52	1.580954e-04
8.53	2.174548e-04
8.54	2.155577e-04
8.55	1.432269e-04
8.56	3.223957e-06
8.57	-1.898805e-04
8.58	-4.116250e-04
8.59	-6.310948e-04
8.60	-8.153872e-04
8.61	-9.344657e-04
8.62	-9.657048e-04
8.63	-8.974662e-04
8.64	-7.311823e-04
8.65	-4.816318e-04
8.66	-1.753443e-04
8.67	1.526657e-04
8.68	4.634000e-04
8.69	7.190019e-04
8.70	8.878049e-04
8.71	9.486124e-04
8.72	8.936173e-04
8.73	7.295589e-04
8.74	4.769518e-04
8.75	1.674886e-04
8.76	-1.600360e-04
8.77	-4.647284e-04
8.78	-7.088547e-04
8.79	-8.626486e-04
8.80	-9.080292e-04
8.81	-8.407423e-04
8.82	-6.706563e-04
8.83	-4.201977e-04
8.84	-1.211625e-04
8.85	1.896398e-04
8.86	4.753025e-04
8.87	7.036236e-04
8.88	8.511429e-04
8.89	9.058830e-04
8.90	8.684475e-04
8.91	7.513652e-04
8.92	5.768140e-04
8.93	3.730801e-04
8.94	1.702815e-04
8.95	-4.024475e-06
8.96	-1.287220e-04
8.97	-1.919626e-04
8.98	-1.925516e-04
8.99	-1.397204e-04
9.00	-5.134701e-05
9.01	4.909402e-05
9.02	1.363872e-04
9.03	1.876625e-04
9.04	1.861068e-04
9.05	1.237525e-04
9.06	2.931182e-06
9.07	-1.638247e-04
9.08	-3.554258e-04
9.09	-5.451846e-04
9.10	-7.046671e-04
9.11	-8.078863e-04
9.12	-8.352346e-04
9.13	-7.765838e-04
9.14	-6.331001e-04
9.15	-4.174963e-04
9.16	-1.526661e-04
9.17	1.311299e-04
9.18	4.001506e-04
9.19	6.216081e-04
9.20	7.680408e-04
9.21	8.210271e-04
9.22	7.737262e-04
9.23	6.318946e-04
9.24	4.132338e-04
9.25	1.451533e-04
9.26	-1.387513e-04
9.27	-4.030299e-04
9.28	-6.149370e-04
9.29	-7.486061e-04
9.30	-7.882843e-04
9.31	-7.302035e-04
9.32	-5.828515e-04
9.33	-3.656280e-04
9.34	-1.060896e-04
9.35	1.638248e-04
9.36	4.120602e-04
9.37	6.106176e-04
9.38	7.390679e-04
9.39	7.869439e-04
9.40	7.547066e-04
9.41	6.531883e-04
9.42	5.016246e-04
9.43	3.245842e-04
9.44	1.482538e-04
9.45	-3.383184e-06
9.46	-1.119268e-04
9.47	-1.670282e-04
9.48	-1.676054e-04
9.49	-1.216568e-04
9.50	-4.472033e-05
9.51	4.277440e-05
9.52	1.188614e-04
9.53	1.635982e-04
9.54	1.623037e-04
9.55	1.079957e-04
9.56	2.668022e-06
9.57	-1.427859e-04
9.58	-3.099968e-04
9.59	-4.756933e-04
9.60	-6.150579e-04
9.61	-7.053864e-04
9.62	-7.295233e-04
9.63	-6.785753e-04
9.64	-5.535058e-04
9.65	-3.653659e-04
9.66	-1.341123e-04
9.67	1.138417e-04
9.68	3.490170e-04
9.69	5.427408e-04
9.70	6.709714e-04
9.71	7.175514e-04
9.72	6.764383e-04
9.73	5.526051e-04
9.74	3.614809e-04
9.75	1.270051e-04
9.76	-1.214468e-04
9.77	-3.528498e-04
9.78	-5.385191e-04
9.79	-6.557692e-04
9.80	-6.907537e-04
9.81	-6.401131e-04
9.82	-5.112247e-04
9.83	-3.210352e-04
9.84	-9.365594e-05
9.85	1.429385e-04
9.86	3.606473e-04
9.87	5.349025e-04
9.88	6.477549e-04
9.89	6.899790e-04
9.90	6.619308e-04
9.91	5.730681e-04
9.92	4.402331e-04
9.93	2.849644e-04
9.94	1.302393e-04
9.95	-2.879507e-06
9.96	-9.821634e-05
9.97	-1.466542e-04
9.98	-1.472108e-04
9.99	-1.068824e-04
10.00	-3.929836e-05
10.01	3.760089e-05
10.02	1.045089e-04
10.03	1.438824e-04
10.04	1.427914e-04
10.05	9.506723e-05
10.06	2.433357e-06
10.07	-1.255541e-04
10.08	-2.727519e-04
10.09	-4.186886e-04
10.10	-5.415148e-04
10.11	-6.212243e-04
10.12	-6.426808e-04
10.13	-5.980137e-04
10.14	-4.880289e-04
10.15	-3.224214e-04
10.16	-1.187418e-04
10.17	9.975480e-05
10.18	3.070918e-04
10.19	4.779827e-04
10.20	5.912051e-04
10.21	6.324724e-04
10.22	5.964094e-04
10.23	4.873542e-04
10.24	3.188747e-04
10.25	1.120593e-04
10.26	-1.071887e-04
10.27	-3.114896e-04
10.28	-4.755086e-04
10.29	-5.791889e-04
10.30	-6.102640e-04
10.31	-5.657219e-04
10.32	-4.520328e-04
10.33	-2.841279e-04
10.34	-8.328120e-05
10.35	1.258025e-04
10.36	3.182878e-04
10.37	4.724437e-04
10.38	5.723753e-04
10.39	6.098908e-04
10.40	5.852672e-04
10.41	5.068336e-04
10.42	3.894590e-04
10.43	2.521796e-04
10.44	1.153194e-04
10.45	-2.477428e-06
10.46	-8.687894e-05
10.47	-1.297927e-04
10.48	-1.303241e-04
10.49	-9.464465e-05
10.50	-3.480582e-05
10.51	3.331220e-05
10.52	9.260724e-05
10.53	1.275272e-04
10.54	1.265973e-04
10.55	8.432854e-05
10.56	2.224780e-06
10.57	-1.112633e-04
10.58	-2.418373e-04
10.59	-3.713489e-04
10.60	-4.804148e-04
10.61	-5.512728e-04
10.62	-5.704698e-04
10.63	-5.309910e-04
10.64	-4.335183e-04
10.65	-2.866253e-04
10.66	-1.058668e-04
10.67	8.812595e-05
10.68	2.722899e-04
10.69	4.241589e-04
10.70	5.248611e-04
10.71	5.616743e-04
10.72	5.297859e-04
10.73	4.330133e-04
10.74	2.833801e-04
10.75	9.960447e-05
10.76	-9.530162e-05
10.77	-2.769972e-04
10.78	-4.229433e-04
10.79	-5.152797e-04
10.80	-5.430649e-04
10.81	-5.035833e-04
10.82	-4.025557e-04
10.83	-2.532367e-04
10.84	-7.453578e-05
10.85	1.115706e-04
10.86	2.829747e-04
10.87	4.203180e-04
10.88	5.094268e-04
10.89	5.429785e-04
10.90	5.211899e-04
10.91	4.514519e-04
10.92	3.469879e-04
10.93	2.247435e-04
10.94	1.028237e-04
10.95	-2.151838e-06
10.96	-7.739698e-05
10.97	-1.156804e-04
10.98	-1.161849e-04
10.99	-8.439439e-05
11.00	-3.104183e-05
11.01	2.971750e-05
11.02	8.262868e-05
11.03	1.138100e-04
11.04	1.130097e-04
11.05	7.531166e-05
11.06	2.039503e-06
11.07	-9.928050e-05
11.08	-2.158955e-04
11.09	-3.316066e-04
11.10	-4.291012e-04
11.11	-4.925041e-04
11.12	-5.097791e-04
11.13	-4.746352e-04
11.14	-3.876551e-04
11.15	-2.564750e-04
11.16	-9.497550e-05
11.17	7.841550e-05
11.18	2.430847e-04
11.19	3.789394e-04
11.20	4.690886e-04
11.21	5.021309e-04
11.22	4.737330e-04
11.23	3.872791e-04
11.24	2.534982e-04
11.25	8.911631e-05
11.26	-8.528763e-05
11.27	-2.479322e-04
11.28	-3.786358e-04
11.29	-4.613930e-04
11.30	-4.863835e-04
11.31	-4.511472e-04
11.32	-3.607783e-04
11.33	-2.271219e-04
11.34	-6.709628e-05
11.35	9.962217e-05
11.36	2.532276e-04
11.37	3.763659e-04
11.38	4.563190e-04
11.39	4.865027e-04
11.40	4.670873e-04
11.41	4.046754e-04
11.42	3.111034e-04
11.43	2.015528e-04
11.44	9.225418e-05
11.45	-1.884835e-06
11.46	-6.938661e-05
11.47	-1.037506e-04
11.48	-1.042277e-04
11.49	-7.572344e-05
11.50	-2.785696e-05
11.51	2.667475e-05
11.52	7.418015e-05
11.53	1.021926e-04
11.54	1.014977e-04
11.55	6.766726e-05
11.56	1.874766e-06
11.57	-8.913412e-05
11.58	-1.939145e-04
11.59	-2.979188e-04
11.60	-3.855905e-04
11.61	-4.426554e-04
11.62	-4.582822e-04
11.63	-4.267971e-04
11.64	-3.487026e-04
11.65	-2.308428e-04
11.66	-8.568085e-05
11.67	7.022402e-05
11.68	2.183376e-04
11.69	3.405835e-04
11.70	4.217554e-04
11.71	4.515773e-04
11.72	4.261271e-04
11.73	3.484256e-04
11.74	2.281052e-04
11.75	8.020153e-05
11.76	-7.677290e-05
11.77	-2.232129e-04
11.78	-3.409428e-04
11.79	-4.155376e-04
11.80	-4.381342e-04
11.81	-4.064941e-04
11.82	-3.251821e-04
11.83	-2.048473e-04
11.84	-6.071556e-05
11.85	8.949397e-05
11.86	2.279356e-04
11.87	3.389637e-04
11.88	4.111029e-04
11.89	4.384008e-04
11.90	4.209917e-04
11.91	3.648095e-04
11.92	2.805108e-04
11.93	1.817749e-04
11.94	8.323438e-05
11.95	-1.663399e-06
11.96	-6.255837e-05
11.97	-9.357535e-05
11.98	-9.402573e-05
11.99	-6.832326e-05
12.00	-2.513823e-05
12.01	2.407647e-05
12.02	6.696411e-05
12.03	9.226734e-05
12.04	9.165912e-05
12.05	6.113031e-05
12.06	1.728022e-06
12.07	-8.046724e-05
12.08	-1.751272e-04
12.09	-2.691154e-04
12.10	-3.483771e-04
12.11	-4.000089e-04
12.12	-4.142118e-04
12.13	-3.858430e-04
12.14	-3.153390e-04
12.15	-2.088692e-04
12.16	-7.768559e-05
12.17	6.325077e-05
12.18	1.971854e-04
12.19	3.077693e-04
12.20	3.812409e-04
12.21	4.082908e-04
12.22	3.853526e-04
12.23	3.151387e-04
12.24	2.063449e-04
12.25	7.256049e-05
12.26	-6.947243e-05
12.27	-2.020143e-04
12.28	-3.086105e-04
12.29	-3.761933e-04
12.30	-3.967238e-04
12.31	-3.681565e-04
12.32	-2.946052e-04
12.33	-1.856955e-04
12.34	-5.520217e-05
12.35	8.083439e-05
12.36	2.062516e-04
12.37	3.068718e-04
12.38	3.722888e-04
12.39	3.970955e-04
12.40	3.813975e-04
12.41	3.305569e-04
12.42	2.542184e-04
12.43	1.647714e-04
12.44	7.547549e-05
12.45	-1.477894e-06
12.46	-5.669060e-05
12.47	-8.482677e-05
12.48	-8.525148e-05
12.49	-6.195715e-05
12.50	-2.279892e-05
12.51	2.184013e-05
12.52	6.075198e-05
12.53	8.372079e-05
12.54	8.318473e-05
12.55	5.549678e-05
12.56	1.596996e-06
12.57	-7.300560e-05
12.58	-1.589436e-04
12.59	-2.442959e-04
12.60	-3.163020e-04
12.61	-3.632411e-04
12.62	-3.762057e-04
12.63	-3.505127e-04
12.64	-2.865442e-04
12.65	-1.898898e-04
12.66	-7.075855e-05
12.67	5.726584e-05
12.68	1.789642e-04
12.69	2.794786e-04
12.70	3.462956e-04
12.71	3.709425e-04
12.72	3.501622e-04
12.73	2.864036e-04
12.74	1.875562e-04
12.75	6.596159e-05
12.76	-6.316585e-05
12.77	-1.836981e-04
12.78	-2.806684e-04
12.79	-3.421834e-04
12.80	-3.609184e-04
12.81	-3.349974e-04
12.82	-2.681466e-04
12.83	-1.691088e-04
12.84	-5.040600e-05
12.85	7.337278e-05
12.86	1.875206e-04
12.87	2.791306e-04
12.88	3.387229e-04
12.89	3.613641e-04
12.90	3.471374e-04
12.91	3.009113e-04
12.92	2.314566e-04
12.93	1.500467e-04
12.94	6.875300e-05
12.95	-1.321071e-06
12.96	-5.161127e-05
12.97	-7.725008e-05
12.98	-7.765047e-05
12.99	-5.644105e-05
13.00	-2.077158e-05
13.01	1.990149e-05
13.02	5.536584e-05
13.03	7.630897e-05
13.04	7.583348e-05
13.05	5.060756e-05
13.06	1.479693e-06
13.07	-6.653566e-05
13.08	-1.449039e-04
13.09	-2.227580e-04
13.10	-2.884611e-04
13.11	-3.313192e-04
13.12	-3.432002e-04
13.13	-3.198218e-04
13.14	-2.615205e-04
13.15	-1.733842e-04
13.16	-6.471770e-05
13.17	5.209110e-05
13.18	1.631564e-04
13.19	2.549165e-04
13.20	3.159437e-04
13.21	3.384939e-04
13.22	3.195809e-04
13.23	2.614267e-04
13.24	1.712215e-04
13.25	6.022359e-05
13.26	-5.768060e-05
13.27	-1.677646e-04
13.28	-2.563563e-04
13.29	-3.125853e-04
13.30	-3.297502e-04
13.31	-3.061243e-04
13.32	-2.450986e-04
13.33	-1.546489e-04
13.34	-4.620800e-05
13.35	6.689805e-05
13.36	1.712298e-04
13.37	2.549878e-04
13.38	3.094999e-04
13.39	3.302471e-04
13.40	3.172943e-04
13.41	2.750821e-04
13.42	2.116203e-04
13.43	1.372112e-04
13.44	6.289023e-05
13.45	-1.187401e-06
13.46	-4.718520e-05
13.47	-7.064496e-05
13.48	-7.102249e-05
13.49	-5.163010e-05
13.50	-1.900310e-05
13.51	1.820997e-05
13.52	5.066547e-05
13.53	6.983954e-05
13.54	6.941533e-05
13.55	4.633708e-05
13.56	1.374381e-06
13.57	-6.088917e-05
13.58	-1.326454e-04
13.59	-2.039477e-04
13.60	-2.641405e-04
13.61	-3.034276e-04
13.62	-3.143551e-04
13.63	-2.929921e-04
13.64	-2.396371e-04
13.65	-1.589406e-04
13.66	-5.941819e-05
13.67	4.758675e-05
13.68	1.493541e-04
13.69	2.334556e-04
13.70	2.894141e-04
13.71	3.101240e-04
13.72	2.928377e-04
13.73	2.395802e-04
13.74	1.569314e-04
13.75	5.520300e-05
13.76	-5.288002e-05
13.77	-1.538176e-04
13.78	-2.350715e-04
13.79	-2.866678e-04
13.80	-3.024518e-04
13.81	-2.808293e-04
13.82	-2.248992e-04
13.83	-1.419672e-04
13.84	-4.251281e-05
13.85	6.124361e-05
13.86	1.569731e-04
13.87	2.338469e-04
13.88	2.839018e-04
13.89	3.029829e-04
13.90	2.911406e-04
13.91	2.524412e-04
13.92	1.942289e-04
13.93	1.259548e-04
13.94	5.774659e-05
13.95	-1.072610e-06
13.96	-4.330499e-05
13.97	-6.485213e-05
13.98	-6.520827e-05
13.99	-4.740904e-05
14.00	-1.745122e-05
14.01	1.672529e-05
14.02	4.653922e-05
14.03	6.415926e-05
14.04	6.377878e-05
14.05	4.258518e-05
14.06	1.279565e-06
14.07	-5.593210e-05
14.08	-1.218792e-04
14.09	-1.874232e-04
14.10	-2.427708e-04
14.11	-2.789152e-04
14.12	-2.889993e-04
14.13	-2.694021e-04
14.14	-2.203897e-04
14.15	-1.462293e-04
14.16	-5.474356e-05
14.17	4.364189e-05
14.18	1.372317e-04
14.19	2.145949e-04
14.20	2.660909e-04
14.21	2.851767e-04
14.22	2.693161e-04
14.23	2.203619e-04
14.24	1.443584e-04
14.25	5.078503e-05
14.26	-4.865473e-05
14.27	-1.415403e-04
14.28	-2.163316e-04
14.29	-2.638449e-04
14.30	-2.784081e-04
14.31	-2.585446e-04
14.32	-2.070977e-04
14.33	-1.307837e-04
14.34	-3.924332e-05
14.35	5.627659e-05
14.36	1.444255e-04
14.37	2.152301e-04
14.38	2.613529e-04
14.39	2.789607e-04
14.40	2.680921e-04
14.41	2.324847e-04
14.42	1.788966e-04
14.43	1.160289e-04
14.44	5.320910e-05
14.45	-9.733555e-07
14.46	-3.988443e-05
14.47	-5.974366e-05
14.48	-6.007985e-05
14.49	-4.368523e-05
14.50	-1.608196e-05
14.51	1.541504e-05
14.52	4.289725e-05
14.53	5.914480e-05
14.54	5.880190e-05
14.55	3.927117e-05
14.56	1.193957e-06
14.57	-5.155662e-05
14.58	-1.123724e-04
14.59	-1.728286e-04
14.60	-2.238933e-04
14.61	-2.572576e-04
14.62	-2.665920e-04
14.63	-2.485506e-04
14.64	-2.033714e-04
14.65	-1.349840e-04
14.66	-5.059935e-05
14.67	4.016762e-05
14.68	1.265273e-04
14.69	1.979308e-04
14.70	2.454775e-04
14.71	2.631230e-04
14.72	2.485187e-04
14.73	2.033667e-04
14.74	1.332380e-04
14.75	4.687695e-05
14.76	-4.491635e-05
14.77	-1.306762e-04
14.78	-1.997464e-04
14.79	-2.436428e-04
14.80	-2.571214e-04
14.81	-2.388110e-04
14.82	-1.913290e-04
14.83	-1.208713e-04
14.84	-3.633662e-05
14.85	5.188997e-05
14.86	1.333242e-04
14.87	1.987511e-04
14.88	2.413875e-04
14.89	2.576861e-04
14.90	2.476760e-04
14.91	2.148044e-04
14.92	1.653105e-04
14.93	1.072316e-04
14.94	4.918614e-05
14.95	-8.869958e-07
14.96	-3.685370e-05
14.97	-5.521585e-05
14.98	-5.553347e-05
14.99	-4.038353e-05
15.00	-1.486776e-05
15.01	1.425294e-05
15.02	3.966664e-05
15.03	5.469604e-05
15.04	5.438562e-05
15.05	3.632947e-05
15.06	1.116448e-06
15.07	-4.767518e-05
15.08	-1.039361e-04
15.09	-1.598746e-04
15.10	-2.071350e-04
15.11	-2.380279e-04
15.12	-2.466931e-04
15.13	-2.300293e-04
15.14	-1.882507e-04
15.15	-1.249876e-04
15.16	-4.690830e-05
15.17	3.709200e-05
15.18	1.170282e-04
15.19	1.831349e-04
15.20	2.271697e-04
15.21	2.435319e-04
15.22	2.300405e-04
15.23	1.882643e-04
15.24	1.233547e-04
15.25	4.340322e-05
15.26	-4.159283e-05
15.27	-1.210166e-04
15.28	-1.849979e-04
15.29	-2.256752e-04
15.30	-2.381860e-04
15.31	-2.212532e-04
15.32	-1.772949e-04
15.33	-1.120445e-04
15.34	-3.374101e-05
15.35	4.799674e-05
15.36	1.234554e-04
15.37	1.840946e-04
15.38	2.236254e-04
15.39	2.387555e-04
15.40	2.295063e-04
15.41	1.990668e-04
15.42	1.532154e-04
15.43	9.939825e-05
15.44	4.560275e-05
15.45	-8.114216e-07
15.46	-3.415573e-05
15.47	-5.118391e-05
15.48	-5.148428e-05
15.49	-3.744247e-05
15.50	-1.378604e-05
15.51	1.321746e-05
15.52	3.678770e-05
15.53	5.073097e-05
15.54	5.044880e-05
15.55	3.370633e-05
15.56	1.046080e-06
15.57	-4.421611e-05
15.58	-9.641536e-05
15.59	-1.483242e-04
15.60	-1.921901e-04
15.61	-2.208764e-04
15.62	-2.289418e-04
15.63	-2.135037e-04
15.64	-1.747557e-04
15.65	-1.160618e-04
15.66	-4.360668e-05
15.67	3.435634e-05
15.68	1.085599e-04
15.69	1.699381e-04
15.70	2.108362e-04
15.71	2.260501e-04
15.72	2.135492e-04
15.73	1.747838e-04
15.74	1.145317e-04
15.75	4.030178e-05
15.76	-3.862500e-05
15.77	-1.123898e-04
15.78	-1.718246e-04
15.79	-2.096243e-04
15.80	-2.212677e-04
15.81	-2.055630e-04
15.82	-1.647502e-04
15.83	-1.041504e-04
15.84	-3.141368e-05
15.85	4.452562e-05
15.86	1.146430e-04
15.87	1.710015e-04
15.88	2.077541e-04
15.89	2.218369e-04
15.90	2.132650e-04
15.91	1.849975e-04
15.92	1.424007e-04
15.93	9.239289e-05
15.94	4.239715e-05
15.95	-7.449331e-07
15.96	-3.174353e-05
15.97	-4.757800e-05
15.98	-4.786233e-05
15.99	-3.481138e-05
16.00	-1.281822e-05
16.01	1.229086e-05
16.02	3.421118e-05
16.03	4.718194e-05
16.04	4.692447e-05
16.05	3.135737e-05
16.06	9.820278e-07
16.07	-4.112028e-05
16.08	-8.968232e-05
16.09	-1.379818e-04
16.10	-1.788062e-04
16.11	-2.055140e-04
16.12	-2.130398e-04
16.13	-1.986970e-04
16.14	-1.626614e-04
16.15	-1.080591e-04
16.16	-4.064162e-05
16.17	3.191236e-05
16.18	1.009786e-04
16.19	1.581179e-04
16.20	1.962030e-04
16.21	2.103853e-04
16.22	1.987696e-04
16.23	1.627010e-04
16.24	1.066225e-04
16.25	3.752126e-05
16.26	-3.596384e-05
16.27	-1.046536e-04
16.28	-1.600098e-04
16.29	-1.952268e-04
16.30	-2.060900e-04
16.31	-1.914844e-04
16.32	-1.534913e-04
16.33	-9.706198e-05
16.34	-2.931891e-05
16.35	4.141774e-05
16.36	1.067415e-04
16.37	1.592571e-04
16.38	1.935143e-04
16.39	2.066549e-04
16.40	1.986887e-04
16.41	1.723687e-04
16.42	1.326919e-04
16.43	8.610283e-05
16.44	3.951804e-05
16.45	-6.861496e-07
16.46	-2.957813e-05
16.47	-4.434014e-05
16.48	-4.460957e-05
16.49	-3.244818e-05
16.50	-1.194885e-05
16.51	1.145839e-05
16.52	3.189615e-05
16.53	4.399271e-05
16.54	4.375695e-05
16.55	2.924566e-05
16.56	9.235772e-07
16.57	-3.833856e-05
16.58	-8.363070e-05
16.59	-1.286846e-04
16.60	-1.667732e-04
16.61	-1.917004e-04
16.62	-1.987387e-04
16.63	-1.853788e-04
16.64	-1.517806e-04
16.65	-1.008563e-04
16.66	-3.796888e-05
16.67	2.972002e-05
16.68	9.416449e-05
16.69	1.474895e-04
16.70	1.830419e-04
16.71	1.962941e-04
16.72	1.854729e-04
16.73	1.518292e-04
16.74	9.950519e-05
16.75	3.501888e-05
16.76	-3.356852e-05
16.77	-9.768957e-05
16.78	-1.493729e-04
16.79	-1.822632e-04
16.80	-1.924220e-04
16.81	-1.788041e-04
16.82	-1.433482e-04
16.83	-9.067333e-05
16.84	-2.742674e-05
16.85	3.862415e-05
16.86	9.962960e-05
16.87	1.486823e-04
16.88	1.806899e-04
16.89	1.929798e-04
16.90	1.855572e-04
16.91	1.609902e-04
16.92	1.239432e-04
16.93	8.043391e-05
16.94	3.692254e-05
16.95	-6.339402e-07
16.96	-2.762697e-05
16.97	-4.142189e-05
16.98	-4.167747e-05
16.99	-3.031770e-05
17.00	-1.116502e-05
17.01	1.070771e-05
17.02	2.980839e-05
17.03	4.111624e-05
17.04	4.089966e-05
17.05	2.734029e-05
17.06	8.701082e-07
17.07	-3.582984e-05
17.08	-7.817157e-05
17.09	-1.202963e-04
17.10	-1.559152e-04
17.11	-1.792341e-04
17.12	-1.858309e-04
17.13	-1.733561e-04
17.14	-1.419560e-04
17.15	-9.435043e-05
17.16	-3.555129e-05
17.17	2.774596e-05
17.18	8.801753e-05
17.19	1.378977e-04
17.20	1.711620e-04
17.21	1.835726e-04
17.22	1.734672e-04
17.23	1.420117e-04
17.24	9.307743e-05
17.25	3.275873e-05
17.26	-3.140478e-05
17.27	-9.139818e-05
17.28	-1.397625e-04
17.29	-1.705493e-04
17.30	-1.800700e-04
17.31	-1.673429e-04
17.32	-1.341783e-04
17.33	-8.489525e-05
17.34	-2.571189e-05
17.35	3.610387e-05
17.36	9.320546e-05
17.37	1.391268e-04
17.38	1.690993e-04
17.39	1.806184e-04
17.40	1.736858e-04
17.41	1.507023e-04
17.42	1.160320e-04
17.43	7.530695e-05
17.44	3.457460e-05
17.45	-5.873722e-07
17.46	-2.586269e-05
17.47	-3.878254e-05
17.48	-3.902523e-05
17.49	-2.839036e-05
17.50	-1.045586e-05
17.51	1.002846e-05
17.52	2.791911e-05
17.53	3.851293e-05
17.54	3.831336e-05
17.55	2.561524e-05
17.56	8.210819e-07
17.57	-3.355955e-05
17.58	-7.323004e-05
17.59	-1.127023e-04
17.60	-1.460841e-04
17.61	-1.679454e-04
17.62	-1.741408e-04
17.63	-1.624662e-04
17.64	-1.330554e-04
17.65	-8.845430e-05
17.66	-3.335738e-05
17.67	2.596214e-05
17.68	8.245336e-05
17.69	1.292120e-04
17.70	1.604022e-04
17.71	1.720488e-04
17.72	1.625905e-04
17.73	1.331166e-04
17.74	8.725297e-05
17.75	3.071053e-05
17.76	-2.944369e-05
17.77	-8.569555e-05
17.78	-1.310506e-04
17.79	-1.599293e-04
17.80	-1.688702e-04
17.81	-1.569494e-04
17.82	-1.258610e-04
17.83	-7.965235e-05
17.84	-2.415288e-05
17.85	3.382239e-05
17.86	8.738318e-05
17.87	1.304637e-04
17.88	1.585892e-04
17.89	1.694078e-04
17.90	1.629183e-04
17.91	1.413700e-04
17.92	1.088548e-04
17.93	7.065502e-05
17.94	3.244370e-05
17.95	-5.456711e-07
17.96	-2.426217e-05
17.97	-3.638765e-05
17.98	-3.661833e-05
17.99	-2.664113e-05
18.00	-9.812180e-06
18.01	9.411852e-06
18.02	2.620391e-05
18.03	3.614926e-05
18.04	3.596484e-05
18.05	2.404844e-05
18.06	7.760285e-07
18.07	-3.149838e-05
18.08	-6.874267e-05
18.09	-1.058053e-04
18.10	-1.371543e-04
18.11	-1.576906e-04
18.12	-1.635202e-04
18.13	-1.525711e-04
18.14	-1.249663e-04
18.15	-8.309405e-05
18.16	-3.136040e-05
18.17	2.434490e-05
18.18	7.740058e-05
18.19	1.213218e-04
18.20	1.506260e-04
18.21	1.615771e-04
18.22	1.527056e-04
18.23	1.250318e-04
18.24	8.195858e-05
18.25	2.884859e-05
18.26	-2.766071e-05
18.27	-8.051044e-05
18.28	-1.231286e-04
18.29	-1.502713e-04
18.30	-1.586837e-04
18.31	-1.474949e-04
18.32	-1.182936e-04
18.33	-7.488053e-05
18.34	-2.273140e-05
18.35	3.175047e-05
18.36	8.208987e-05
18.37	1.225853e-04
18.38	1.490294e-04
18.39	1.592095e-04
18.40	1.531218e-04
18.41	1.328784e-04
18.42	1.023235e-04
18.43	6.642118e-05
18.44	3.050389e-05
18.45	-5.081896e-07
18.46	-2.280575e-05
18.47	-3.420793e-05
18.48	-3.442743e-05
18.49	-2.504872e-05
18.50	-9.226160e-06
18.51	8.850411e-06
18.52	2.464204e-05
18.53	3.399670e-05
18.54	3.382582e-05
18.55	2.262112e-05
18.56	7.345371e-07
18.57	-2.962144e-05
18.58	-6.465548e-05
18.59	-9.952260e-05
18.60	-1.290189e-04
18.61	-1.483471e-04
18.62	-1.538423e-04
18.63	-1.435531e-04
18.64	-1.175931e-04
18.65	-7.820666e-05
18.66	-2.953747e-05
18.67	2.287412e-05
18.68	7.279840e-05
18.69	1.141329e-04
18.70	1.417171e-04
18.71	1.520331e-04
18.72	1.436955e-04
18.73	1.176617e-04
18.74	7.713186e-05
18.75	2.715098e-05
18.76	-2.603492e-05
18.77	-7.578207e-05
18.78	-1.159038e-04
18.79	-1.414624e-04
18.80	-1.493919e-04
18.81	-1.388696e-04
18.82	-1.113888e-04
18.83	-7.052500e-05
18.84	-2.143175e-05
18.85	2.986321e-05
18.86	7.726335e-05
18.87	1.153995e-04
18.88	1.403086e-04
18.89	1.499050e-04
18.90	1.441832e-04
18.91	1.251296e-04
18.92	9.636288e-05
18.93	6.255680e-05
18.94	2.873299e-05
18.95	-4.743836e-07
18.96	-2.147664e-05
18.97	-3.221835e-05
18.98	-3.242743e-05
18.99	-2.359493e-05
19.00	-8.691112e-06
19.01	8.337749e-06
19.02	2.321577e-05
19.03	3.203083e-05
19.04	3.187211e-05
19.05	2.131720e-05
19.06	6.962477e-07
19.07	-2.790740e-05
19.08	-6.092225e-05
19.09	-9.378330e-05
19.10	-1.215865e-04
19.11	-1.398102e-04
19.12	-1.449988e-04
19.13	-1.353117e-04
19.14	-1.108537e-04
19.15	-7.373810e-05
19.16	-2.786894e-05
19.17	2.153266e-05
19.18	6.859479e-05
19.19	1.075645e-04
19.20	1.335758e-04
19.21	1.433104e-04
19.22	1.354599e-04
19.23	1.109246e-04
19.24	7.271930e-05
19.25	2.559893e-05
19.26	-2.454837e-05
19.27	-7.145834e-05
19.28	-1.092967e-04
19.29	-1.334060e-04
19.30	-1.408929e-04
19.31	-1.309794e-04
19.32	-1.050714e-04
19.33	-6.653870e-05
19.34	-2.024039e-05
19.35	2.813931e-05
19.36	7.285029e-05
19.37	1.088275e-04
19.38	1.323315e-04
19.39	1.413930e-04
19.40	1.360049e-04
19.41	1.180393e-04
19.42	9.090829e-05
19.43	5.902011e-05
19.44	2.711195e-05
19.45	-4.437931e-07
19.46	-2.026043e-05
19.47	-3.039744e-05
19.48	-3.059678e-05
19.49	-2.226413e-05
19.50	-8.201293e-06
19.51	7.868374e-06
19.52	2.190983e-05
19.53	3.023068e-05
19.54	3.008290e-05
19.55	2.012285e-05
19.56	6.608437e-07
19.57	-2.633793e-05
19.58	-5.750326e-05
19.59	-8.852652e-05
19.60	-1.147783e-04
19.61	-1.319894e-04
19.62	-1.368965e-04
19.63	-1.277602e-04
19.64	-1.046775e-04
19.65	-6.964186e-05
19.66	-2.633786e-05
19.67	2.030578e-05
19.68	6.474502e-05
19.69	1.015472e-04
19.70	1.261164e-04
19.71	1.353174e-04
19.72	1.279126e-04
19.73	1.047500e-04
19.74	6.867483e-05
19.75	2.417625e-05
19.76	-2.318559e-05
19.77	-6.749436e-05
19.78	-1.032389e-04
19.79	-1.260187e-04
19.80	-1.330991e-04
19.81	-1.237431e-04
19.82	-9.927649e-05
19.83	-6.288106e-05
19.84	-1.914564e-05
19.85	2.656046e-05
19.86	6.880479e-05
19.87	1.028014e-04
19.88	1.250158e-04
19.89	1.335860e-04
19.90	1.285033e-04
19.91	1.115350e-04
19.92	8.590407e-05
19.93	5.577508e-05
19.94	2.562431e-05
19.95	-4.160273e-07
19.96	-1.914467e-05
19.97	-2.872664e-05
19.98	-2.891688e-05
19.99	-2.104282e-05
