0.0 	 -1.10553e-07
0.0419385 	 8.10779e-06
0.083877 	 5.107e-05
0.125815 	 0.000123608
0.167754 	 0.000132952
0.209692 	 2.83679e-05
0.251631 	 -7.64305e-05
0.293569 	 -8.49917e-05
0.335508 	 -4.3606e-05
0.377446 	 -4.9742e-07
0.419385 	 4.10088e-05
0.461323 	 6.73598e-05
0.503262 	 6.15712e-05
0.5452 	 2.8e-05
0.587139 	 1.49646e-05
0.629077 	 0.000111576
0.671016 	 0.000457191
0.712954 	 0.00118269
0.754893 	 0.00213209
0.796831 	 0.00264895
0.83877 	 0.00188531
0.880708 	 -0.000423842
0.922647 	 -0.00343663
0.964585 	 -0.00554461
1.00652 	 -0.0052655
1.04846 	 -0.00195566
1.0904 	 0.00371822
1.13234 	 0.00926709
1.17428 	 0.0108001
1.21622 	 0.00574862
1.25815 	 -0.00396802
1.30009 	 -0.0125622
1.34203 	 -0.0151057
1.38397 	 -0.0114391
1.42591 	 -0.00540529
1.46785 	 -0.000978244
1.50979 	 0.000543459
1.55172 	 0.000476595
1.59366 	 0.00105118
1.6356 	 0.0036026
1.67754 	 0.00751753
1.71948 	 0.0107064
1.76142 	 0.0113893
1.80336 	 0.0094738
1.84529 	 0.00626743
1.88723 	 0.00321502
1.92917 	 0.00104954
1.97111 	 -0.00022504
2.01305 	 -0.000973183
2.05499 	 -0.0015824
2.09692 	 -0.00224616
2.13886 	 -0.0029497
2.1808 	 -0.00361569
2.22274 	 -0.00420677
2.26468 	 -0.0046913
2.30662 	 -0.00498015
2.34856 	 -0.00495666
2.39049 	 -0.00455044
2.43243 	 -0.00373756
2.47437 	 -0.00252888
2.51631 	 -0.00103585
2.55825 	 0.000486922
2.60019 	 0.00172888
2.64212 	 0.00249858
2.68406 	 0.00283098
2.726 	 0.00289391
2.76794 	 0.00280362
2.80988 	 0.0025782
2.85182 	 0.00223348
2.89376 	 0.00184546
2.93569 	 0.00149368
2.97763 	 0.0011753
3.01957 	 0.000820092
3.06151 	 0.000387952
3.10345 	 -7.3887e-05
3.14539 	 -0.000464091
3.18733 	 -0.000705689
3.22926 	 -0.000794525
3.2712 	 -0.000786379
3.31314 	 -0.000750028
3.35508 	 -0.000717847
3.39702 	 -0.000672695
3.43896 	 -0.00058253
3.48089 	 -0.000431561
3.52283 	 -0.00022515
3.56477 	 9.61588e-06
3.60671 	 0.000227188
3.64865 	 0.000378414
3.69059 	 0.000432132
3.73253 	 0.000394064
3.77446 	 0.000307612
3.8164 	 0.000228501
3.85834 	 0.000191951
3.90028 	 0.000197523
3.94222 	 0.000217416
3.98416 	 0.000221349
4.02609 	 0.000200565
4.06803 	 0.000168185
4.10997 	 0.000140351
4.15191 	 0.000126298
4.19385 	 0.000128512
4.23579 	 0.00013954
4.27773 	 0.000145513
4.31966 	 0.00013816
4.3616 	 0.000119847
4.40354 	 9.89063e-05
4.44548 	 8.21109e-05
4.48742 	 6.98019e-05
4.52936 	 5.99734e-05
4.5713 	 5.37411e-05
4.61323 	 5.01701e-05
4.65517 	 4.74275e-05
4.69711 	 4.97528e-05
4.73905 	 6.10017e-05
4.78099 	 8.02634e-05
4.82293 	 0.000102602
4.86486 	 0.000122207
4.9068 	 0.000142141
4.94874 	 0.000168001
4.99068 	 0.000195106
5.03262 	 0.000213482
5.07456 	 0.000217191
5.1165 	 0.000208255
5.15843 	 0.000194101
5.20037 	 0.000180228
5.24231 	 0.000167247
5.28425 	 0.000155238
5.32619 	 0.00014583
5.36813 	 0.000137595
5.41007 	 0.000129681
5.452 	 0.000126621
5.49394 	 0.000129105
5.53588 	 0.000133301
5.57782 	 0.000138972
5.61976 	 0.000145403
5.6617 	 0.000150731
5.70363 	 0.000155724
5.74557 	 0.000158847
5.78751 	 0.000158943
5.82945 	 0.000159401
5.87139 	 0.000160457
5.91333 	 0.000160502
5.95527 	 0.000161419
5.9972 	 0.000164281
6.03914 	 0.000168124
6.08108 	 0.000170179
6.12302 	 0.000168629
6.16496 	 0.00016692
6.2069 	 0.000167788
6.24884 	 0.000169976
6.29077 	 0.000172415
6.33271 	 0.000175569
6.37465 	 0.000179469
6.41659 	 0.000180811
6.45853 	 0.000178097
6.50047 	 0.000175928
6.5424 	 0.000177098
6.58434 	 0.000179784
6.62628 	 0.000181754
6.66822 	 0.00018198
6.71016 	 0.000182121
6.7521 	 0.00018445
6.79404 	 0.000187866
6.83597 	 0.000189147
6.87791 	 0.000187785
6.91985 	 0.000186896
6.96179 	 0.000188241
7.00373 	 0.000191358
7.04567 	 0.000195955
7.0876 	 0.000200251
7.12954 	 0.000201262
7.17148 	 0.000198782
7.21342 	 0.000196228
7.25536 	 0.00019651
7.2973 	 0.000199076
7.33924 	 0.000201481
7.38117 	 0.000202889
7.42311 	 0.000205589
7.46505 	 0.000209466
7.50699 	 0.000210036
7.54893 	 0.000207254
7.59087 	 0.000205939
7.63281 	 0.000207504
7.67474 	 0.000210183
7.71668 	 0.000212893
7.75862 	 0.000216079
7.80056 	 0.000219831
7.8425 	 0.000220872
7.88444 	 0.000217863
7.92637 	 0.000215589
7.96831 	 0.000216892
8.01025 	 0.000219759
8.05219 	 0.00022193
8.09413 	 0.000223062
8.13607 	 0.000225494
8.17801 	 0.000229205
8.21994 	 0.000229847
8.26188 	 0.000227255
8.30382 	 0.000226017
8.34576 	 0.000227621
8.3877 	 0.000230316
8.42964 	 0.000232253
8.47157 	 0.000233088
8.51351 	 0.000235249
8.55545 	 0.000238895
8.59739 	 0.000239754
8.63933 	 0.000237488
8.68127 	 0.000236503
8.72321 	 0.000238237
8.76514 	 0.000241003
8.80708 	 0.000243258
