0.0 	 0.0
0.0419385 	 0.000300871
0.083877 	 0.000622495
0.125815 	 -7.38503e-05
0.167754 	 -0.000618784
0.209692 	 -0.000560142
0.251631 	 -0.000883368
0.293569 	 7.84457e-05
0.335508 	 0.000550241
0.377446 	 -0.000116387
0.419385 	 0.000711783
0.461323 	 0.000496816
0.503262 	 0.000452221
0.5452 	 2.67271e-05
0.587139 	 -0.00301282
0.629077 	 0.000162005
0.671016 	 0.00344098
0.712954 	 -0.00257886
0.754893 	 -0.00120863
0.796831 	 0.00315892
0.83877 	 -0.00172929
0.880708 	 -0.000822102
0.922647 	 0.000637709
0.964585 	 -0.00224979
1.00652 	 -0.00150342
1.04846 	 0.00345973
1.0904 	 0.0528526
1.13234 	 0.232132
1.17428 	 0.575198
1.21622 	 0.854025
1.25815 	 0.6201
1.30009 	 -0.21909
1.34203 	 -1.10659
1.38397 	 -1.43614
1.42591 	 -1.09772
1.46785 	 -0.199643
1.50979 	 1.31126
1.55172 	 3.19467
1.59366 	 3.9288
1.6356 	 1.68039
1.67754 	 -2.41025
1.71948 	 -4.54798
1.76142 	 -3.44263
1.80336 	 -1.53722
1.84529 	 -0.599023
1.88723 	 -0.0807569
1.92917 	 0.535794
1.97111 	 0.933283
2.01305 	 1.02568
2.05499 	 1.09332
2.09692 	 1.04222
2.13886 	 0.446235
2.1808 	 -0.559513
2.22274 	 -1.15391
2.26468 	 -0.88796
2.30662 	 -0.206052
2.34856 	 0.350975
2.39049 	 0.732775
2.43243 	 0.935416
2.47437 	 0.796126
2.51631 	 0.418741
2.55825 	 0.0967515
2.60019 	 -0.126026
2.64212 	 -0.323873
2.68406 	 -0.420693
2.726 	 -0.353005
2.76794 	 -0.200797
2.80988 	 -0.0709791
2.85182 	 -0.00677928
2.89376 	 0.03403
2.93569 	 0.102455
2.97763 	 0.149651
3.01957 	 0.105385
3.06151 	 -0.00590513
3.10345 	 -0.0940357
3.14539 	 -0.0896755
3.18733 	 -0.0353879
3.22926 	 -0.0350755
3.2712 	 -0.074467
3.31314 	 -0.0555232
3.35508 	 0.023863
3.39702 	 0.0856755
3.43896 	 0.0864305
3.48089 	 0.0391167
3.52283 	 -0.0144839
3.56477 	 -0.0417642
3.60671 	 -0.0420534
3.64865 	 -0.027906
3.69059 	 -0.0122877
3.73253 	 -0.00794927
3.77446 	 -0.0107458
3.8164 	 -0.0050132
3.85834 	 0.00790342
3.90028 	 0.0135915
3.94222 	 0.0111843
3.98416 	 0.0135152
4.02609 	 0.023042
4.06803 	 0.026305
4.10997 	 0.0146312
4.15191 	 -0.00682561
4.19385 	 -0.0278339
4.23579 	 -0.0370365
4.27773 	 -0.0279296
4.31966 	 -0.00859183
4.3616 	 0.00556026
4.40354 	 0.00942151
4.44548 	 0.00963424
4.48742 	 0.0105785
4.52936 	 0.00961869
4.5713 	 0.00539229
4.61323 	 0.00062753
4.65517 	 -0.00166437
4.69711 	 2.34092e-05
4.73905 	 0.00378212
4.78099 	 0.00557245
4.82293 	 0.00566922
4.86486 	 0.00709221
4.9068 	 0.00766561
4.94874 	 0.00374354
4.99068 	 -0.00215495
5.03262 	 -0.00635159
5.07456 	 -0.00895925
5.1165 	 -0.00966409
5.15843 	 -0.00702638
5.20037 	 -0.00245719
5.24231 	 0.000612903
5.28425 	 0.00116804
5.32619 	 0.00153833
5.36813 	 0.00344538
5.41007 	 0.00521792
5.452 	 0.00430901
5.49394 	 0.000823
5.53588 	 -0.0025557
5.57782 	 -0.00341549
5.61976 	 -0.0019999
5.6617 	 -0.000516277
5.70363 	 -0.000473752
5.74557 	 -0.00138091
5.78751 	 -0.00184513
5.82945 	 -0.00131929
5.87139 	 -0.000322122
5.91333 	 0.000451155
5.95527 	 0.000701172
5.9972 	 0.000719232
6.03914 	 0.000883152
6.08108 	 0.00108398
6.12302 	 0.00107144
6.16496 	 0.000776546
6.2069 	 0.000302612
6.24884 	 -9.83671e-05
6.29077 	 -0.000284221
6.33271 	 -0.00030823
6.37465 	 -0.00021337
6.41659 	 2.33086e-05
6.45853 	 0.00032406
6.50047 	 0.000455441
6.5424 	 0.000296809
6.58434 	 -3.0648e-05
6.62628 	 -0.000306153
6.66822 	 -0.000270178
6.71016 	 0.000119786
6.7521 	 0.000439309
6.79404 	 0.000304044
6.83597 	 -3.40788e-05
6.87791 	 -7.7677e-05
6.91985 	 0.000197597
6.96179 	 0.000427489
7.00373 	 0.000391391
7.04567 	 0.00013401
7.0876 	 -0.000201441
7.12954 	 -0.000431258
7.17148 	 -0.000421082
7.21342 	 -0.00024924
7.25536 	 -0.000137948
7.2973 	 -0.000192238
7.33924 	 -0.000282473
7.38117 	 -0.000224867
7.42311 	 -2.59027e-05
7.46505 	 0.00015325
7.50699 	 0.00018296
7.54893 	 7.25636e-05
7.59087 	 -4.25074e-05
7.63281 	 -7.41798e-05
7.67474 	 -6.76585e-05
7.71668 	 -7.89338e-05
7.75862 	 -0.000107245
7.80056 	 -0.000134247
7.8425 	 -0.00014695
7.88444 	 -0.000142466
7.92637 	 -0.000116836
7.96831 	 -5.36594e-05
8.01025 	 3.66146e-05
8.05219 	 9.49794e-05
8.09413 	 8.00605e-05
8.13607 	 1.17884e-05
8.17801 	 -4.93628e-05
8.21994 	 -4.49054e-05
8.26188 	 2.29539e-05
8.30382 	 8.84275e-05
8.34576 	 9.7054e-05
8.3877 	 5.98276e-05
8.42964 	 3.11954e-05
8.47157 	 4.23179e-05
8.51351 	 7.72807e-05
8.55545 	 9.49498e-05
8.59739 	 6.36896e-05
8.63933 	 1.12923e-06
8.68127 	 -3.73989e-05
8.72321 	 -1.56469e-05
8.76514 	 4.49275e-05
8.80708 	 8.7966e-05
