0.0     0.0
0.0419384905125     0.0
0.0838769810251     -4.00753852325e-29
0.125815471538     9.39364823745e-25
0.16775396205     2.24433844508e-21
0.209692452563     -2.17897521673e-19
0.251630943075     -4.55007968447e-17
0.293569433588     9.65319026315e-15
0.3355079241     2.7070468606e-13
0.377446414613     -2.50942243724e-11
0.419384905125     -1.12928701044e-09
0.461323395638     -2.63981550308e-08
0.503261886151     -3.20664342089e-07
0.545200376663     -1.68637519856e-06
0.587138867176     3.20856210232e-06
0.629077357688     9.82884953897e-05
0.671015848201     0.000624975516632
0.712954338713     0.00221370123417
0.754892829226     0.00515946723997
0.796831319738     0.00864936328105
0.838769810251     0.0110736662614
0.880708300764     0.0110624921004
0.922646791276     0.00821295749918
0.964585281789     0.00322429241957
1.0065237723     -0.002716889706
1.04846226281     -0.0082566767499
1.09040075333     -0.0114611391298
1.13233924384     -0.010904039771
1.17427773435     -0.0077150730851
1.21621622486     -0.00483431771444
1.25815471538     -0.00410727968313
1.30009320589     -0.00504162245063
1.3420316964     -0.00585443105059
1.38397018691     -0.00508964795048
1.42590867743     -0.00260369453296
1.46784716794     0.000701754141971
1.50978565845     0.00382949165751
1.55172414896     0.00597302087746
1.59366263948     0.00639143667521
1.63560112999     0.00485058806084
1.6775396205     0.00211614984895
1.71947811101     -0.000290961246389
1.76141660153     -0.00100153911798
1.80335509204     0.00019189394184
1.84529358255     0.00223602791294
1.88723207306     0.00380214533302
1.92917056358     0.00417607696032
1.97110905409     0.00341296335226
2.0130475446     0.00202556484163
2.05498603511     0.000573259387723
2.09692452563     -0.000560421536821
2.13886301614     -0.00127392135511
2.18080150665     -0.00167933152856
2.22273999717     -0.00178227881787
2.26467848768     -0.00151169507118
2.30661697819     -0.0010047457213
2.3485554687     -0.000510878803794
2.39049395922     -0.000245365007122
2.43243244973     -0.000266404134465
2.47437094024     -0.000308705421354
2.51630943075     -0.000102679817886
2.55824792127     0.000239459402788
2.60018641178     0.000458040376671
2.64212490229     0.000498314801525
2.6840633928     0.000486100395678
2.72600188332     0.000534084265095
2.76794037383     0.000633872897055
2.80987886434     0.000701417763148
2.85181735485     0.000686627865572
2.89375584537     0.000617042856537
2.93569433588     0.000555729521479
2.97763282639     0.000539257477739
3.0195713169     0.000548846016188
3.06150980742     0.00054175517814
3.10344829793     0.000501068772954
3.14538678844     0.000435096073227
3.18732527895     0.000360837772322
3.22926376947     0.000294252743513
3.27120225998     0.000237299952025
3.31314075049     0.000180041381208
3.355079241     0.000120369567297
3.39701773152     7.51117918022e-05
3.43895622203     5.53231284178e-05
3.48089471254     4.75534710261e-05
3.52283320305     4.70519750134e-05
3.56477169357     7.43598073375e-05
3.60671018408     0.000132334196987
3.64864867459     0.000190174705651
3.6905871651     0.000227088192975
3.73252565562     0.000252075347115
3.77446414613     0.000273498829004
3.81640263664     0.000281757006803
3.85834112715     0.000271317629868
3.90027961767     0.000255953207245
3.94221810818     0.00024943589105
3.98415659869     0.000252758529908
4.0260950892     0.000264830222568
4.06803357972     0.000284886677947
4.10997207023     0.000305380569272
4.15191056074     0.000317987717762
4.19384905125     0.000323041302972
4.23578754177     0.000323260490132
4.27772603228     0.000317007723974
4.31966452279     0.000302628663697
4.36160301331     0.000280428190413
4.40354150382     0.00025427500212
4.44547999433     0.000234308498408
4.48741848484     0.000227063231274
4.52935697536     0.000227015805698
4.57129546587     0.000226429886154
4.61323395638     0.000225248123803
4.65517244689     0.000227248273167
4.69711093741     0.00023301314047
4.73904942792     0.000239696095923
4.78098791843     0.00024490609605
4.82292640894     0.000247949084794
4.86486489946     0.000249645247047
4.90680338997     0.000252592847671
4.94874188048     0.000258465129774
4.99068037099     0.000265920814023
5.03261886151     0.000273096141357
5.07455735202     0.000279527106934
5.11649584253     0.000284726627545
5.15843433304     0.000287963974509
5.20037282356     0.000290138429114
5.24231131407     0.000292323783936
5.28424980458     0.000294039039149
5.32618829509     0.000294527161166
5.36812678561     0.000293046175705
5.41006527612     0.000289215473218
5.45200376663     0.000283871524426
5.49394225714     0.000278130050948
5.53588074766     0.000272714443242
5.57781923817     0.000268228911278
5.61975772868     0.000264793037176
5.66169621919     0.000261857499849
5.70363470971     0.000258798919839
5.74557320022     0.00025548231057
5.78751169073     0.00025211326546
5.82945018124     0.000248849823458
5.87138867176     0.000246071728158
5.91332716227     0.000244254066604
5.95526565278     0.000243261324626
5.99720414329     0.000242751181091
6.03914263381     0.000242645958695
6.08108112432     0.000242844974433
6.12301961483     0.000243196339412
6.16495810534     0.000243925573888
6.20689659586     0.000245450484272
6.24883508637     0.000247723474392
6.29077357688     0.000250381605166
6.33271206739     0.000253035299471
6.37465055791     0.000255409831128
6.41658904842     0.000257551179065
6.45852753893     0.000259668468608
6.50046602945     0.000261835428299
6.54240451996     0.000263902522969
6.58434301047     0.000265637070554
6.62628150098     0.000266943968637
6.6682199915     0.00026790513947
6.71015848201     0.000268637873506
6.75209697252     0.000269165519048
6.79403546303     0.000269429603792
6.83597395355     0.000269388430616
6.87791244406     0.000269065435396
6.91985093457     0.000268514553604
6.96178942508     0.000267795127299
7.0037279156     0.000266974023486
7.04566640611     0.000266084431451
7.08760489662     0.000265133005792
7.12954338713     0.000264102750825
7.17148187765     0.000263019802431
7.21342036816     0.000261959170631
7.25535885867     0.000261006252337
7.29729734918     0.000260242649839
7.3392358397     0.0002596639175
7.38117433021     0.000259197927729
7.42311282072     0.000258809259198
7.46505131123     0.000258497885315
7.50698980175     0.000258276144446
7.54892829226     0.000258185296571
7.59086678277     0.00025824875051
7.63280527328     0.000258444888678
7.6747437638     0.000258738476722
7.71668225431     0.000259087003946
7.75862074482     0.000259442575306
7.80055923533     0.000259783194079
7.84249772585     0.000260110585459
7.88443621636     0.000260431692105
7.92637470687     0.000260761737898
7.96831319738     0.000261101084623
8.0102516879     0.000261429192542
8.05219017841     0.000261715316418
8.09412866892     0.000261944493591
8.13606715943     0.000262108673037
8.17800564995     0.000262211345339
8.21994414046     0.000262270222898
8.26188263097     0.000262293571227
8.30382112148     0.000262286582932
8.345759612     0.000262245592703
8.38769810251     0.000262165677251
8.42963659302     0.000262055863542
8.47157508353     0.000261923077294
8.51351357405     0.000261780846751
8.55545206456     0.000261649828606
8.59739055507     0.000261533986076
8.63932904559     0.000261429449013
8.6812675361     0.000261333956376
8.72320602661     0.000261244358509
8.76514451712     0.000261163100114
8.80708300764     0.000261094944391
8.84902149815     0.000261038907004
8.89095998866     0.000260993828903
8.93289847917     0.000260962798623
8.97483696969     0.00026094625655
