0.01 	 1.9540651474
0.0609183673469 	 2.06327496348
0.111836734694 	 2.58272903614
0.162755102041 	 3.28460835438
0.213673469388 	 4.76655032759
0.264591836735 	 8.60822951122
0.315510204082 	 7.15834633347
0.366428571429 	 5.00512955691
0.417346938776 	 3.53845931284
0.468265306122 	 2.42446198286
0.519183673469 	 1.80146409604
0.570102040816 	 1.33109377715
0.621020408163 	 1.00817784052
0.67193877551 	 0.791049421458
0.722857142857 	 0.653262816911
0.773775510204 	 0.551881888521
0.824693877551 	 0.474847763036
0.875612244898 	 0.414107576845
0.926530612245 	 0.364582233744
0.977448979592 	 0.32311598599
1.02836734694 	 0.287723645638
1.07928571429 	 0.257114302237
1.13020408163 	 0.230407357902
1.18112244898 	 0.20696829977
1.23204081633 	 0.186314999682
1.28295918367 	 0.1681036829
1.33387755102 	 0.151901094382
1.38479591837 	 0.137560191493
1.43571428571 	 0.12704122472
1.48663265306 	 0.119831784883
1.53755102041 	 0.113256764433
1.58846938776 	 0.107233690735
1.6393877551 	 0.101695050034
1.69030612245 	 0.0965848555848
1.7412244898 	 0.0918561251195
1.79214285714 	 0.0874690048254
1.84306122449 	 0.0833893573657
1.89397959184 	 0.0795876862786
1.94489795918 	 0.0760383066889
1.99581632653 	 0.0727186982604
2.04673469388 	 0.0696089944068
2.09765306122 	 0.0666915744684
2.14857142857 	 0.0639507345285
2.19948979592 	 0.0613724189311
2.25040816327 	 0.0589439991491
2.30132653061 	 0.0566540899691
2.35224489796 	 0.0544923953856
2.40316326531 	 0.0524495783746
2.45408163265 	 0.0505171500458
2.505 	 0.0486873746564
2.55591836735 	 0.0469531877219
2.60683673469 	 0.0453081250238
2.65775510204 	 0.0437462607525
2.70867346939 	 0.0422621533619
2.75959183673 	 0.0408507979753
2.81051020408 	 0.039507584389
2.86142857143 	 0.0382282598865
2.91234693878 	 0.0370088962063
2.96326530612 	 0.0358458601139
3.01418367347 	 0.0347357871123
3.06510204082 	 0.0336755579003
3.11602040816 	 0.0326622772391
3.16693877551 	 0.031693254943
3.21785714286 	 0.030765988745
3.2687755102 	 0.029878148823
3.31969387755 	 0.0290275638023
3.3706122449 	 0.0282122080707
3.42153061224 	 0.0274301902664
3.47244897959 	 0.0266797428144
3.52336734694 	 0.0259592124015
3.57428571429 	 0.0252670512948
3.62520408163 	 0.0246018094189
3.67612244898 	 0.0239621271157
3.72704081633 	 0.0233467285204
3.77795918367 	 0.022754415495
3.82887755102 	 0.0221840620646
3.87979591837 	 0.0216346093116
3.93071428571 	 0.0211050606832
3.98163265306 	 0.0205944776751
4.03255102041 	 0.0201019758586
4.08346938776 	 0.0196267212179
4.1343877551 	 0.0191679267726
4.18530612245 	 0.018724849459
4.2362244898 	 0.0182967872485
4.28714285714 	 0.0178830764823
4.33806122449 	 0.0174830894049
4.38897959184 	 0.0170962318785
4.43989795918 	 0.0167219412651
4.49081632653 	 0.0163596844608
4.54173469388 	 0.0160089560705
4.59265306122 	 0.0156692767127
4.64357142857 	 0.0153401914423
4.69448979592 	 0.0150212682834
4.74540816327 	 0.0147120968636
4.79632653061 	 0.0144122871402
4.84724489796 	 0.0141214682136
4.89816326531 	 0.0138392872197
4.94908163265 	 0.0135654082958
5.0 	 0.0132995116149
