0.0     0.0
0.0419384905125     0.0
0.0838769810251     -3.78457886674e-28
0.125815471538     6.10194617493e-25
0.16775396205     -1.10373410455e-21
0.209692452563     -2.21541607851e-19
0.251630943075     3.65772065416e-17
0.293569433588     -1.13189626951e-14
0.3355079241     -2.58203050173e-13
0.377446414613     3.24760607582e-11
0.419384905125     1.41878423115e-09
0.461323395638     3.27524203374e-08
0.503261886151     3.98138232656e-07
0.545200376663     2.03607485288e-06
0.587138867176     -6.45274801588e-06
0.629077357688     -0.000159768048989
0.671015848201     -0.00107938732775
0.712954338713     -0.00423758828861
0.754892829226     -0.0112888964877
0.796831319738     -0.022275140325
0.838769810251     -0.0348366044073
0.880708300764     -0.0454941988965
0.922646791276     -0.0516425134273
0.964585281789     -0.0535301525
1.0065237723     -0.054469422358
1.04846226281     -0.0563587416546
1.09040075333     -0.0556938139813
1.13233924384     -0.0482039556686
1.17427773435     -0.0357876485896
1.21621622486     -0.0248898800296
1.25815471538     -0.0196640771747
1.30009320589     -0.0192173310283
1.3420316964     -0.0204096951025
1.38397018691     -0.021331116553
1.42590867743     -0.0217264637282
1.46784716794     -0.0214232611831
1.50978565845     -0.0199960288061
1.55172414896     -0.0179365171282
1.59366263948     -0.0167509589407
1.63560112999     -0.0173757033481
1.6775396205     -0.019017227963
1.71947811101     -0.0199537174859
1.76141660153     -0.0192639951234
1.80335509204     -0.017494710118
1.84529358255     -0.0159400699997
1.88723207306     -0.0155308592639
1.92917056358     -0.0162226347435
1.97110905409     -0.0173730916451
2.0130475446     -0.0184513673456
2.05498603511     -0.0191991986506
2.09692452563     -0.0197019108117
2.13886301614     -0.0203137839122
2.18080150665     -0.0210647358084
2.22273999717     -0.0215389401909
2.26467848768     -0.0215079413886
2.30661697819     -0.0212432369983
2.3485554687     -0.0211000688241
2.39049395922     -0.0210845817168
2.43243244973     -0.0210229690192
2.47437094024     -0.020904313141
2.51630943075     -0.0208481339782
2.55824792127     -0.0209216431585
2.60018641178     -0.0211301713616
2.64212490229     -0.0214711600391
2.6840633928     -0.021886173331
2.72600188332     -0.0222618610373
2.76794037383     -0.0225123942813
2.80987886434     -0.0225860253438
2.85181735485     -0.0224614724998
2.89375584537     -0.022169848557
2.93569433588     -0.0217982370179
2.97763282639     -0.0214591481108
3.0195713169     -0.0212322617781
3.06150980742     -0.0211577163618
3.10344829793     -0.0212407139422
3.14538678844     -0.0214171083401
3.18732527895     -0.0215894726792
3.22926376947     -0.0217051958735
3.27120225998     -0.0217456103109
3.31314075049     -0.0217069073828
3.355079241     -0.0216294905027
3.39701773152     -0.0215660795153
3.43895622203     -0.0215246884644
3.48089471254     -0.0214939833544
3.52283320305     -0.0214729596409
3.56477169357     -0.0214597384652
3.60671018408     -0.021455758535
3.64864867459     -0.0214668450916
3.6905871651     -0.0214811840001
3.73252565562     -0.0214719154115
3.77446414613     -0.0214294858355
3.81640263664     -0.0213712864381
3.85834112715     -0.0213198408255
3.90027961767     -0.0212861484717
3.94221810818     -0.0212699114551
3.98415659869     -0.0212674915483
4.0260950892     -0.0212712609376
4.06803357972     -0.0212754896674
4.10997207023     -0.0212885588588
4.15191056074     -0.0213242981566
4.19384905125     -0.0213836599026
4.23578754177     -0.0214417835065
4.27772603228     -0.0214730821186
4.31966452279     -0.0214771368055
4.36160301331     -0.0214614392337
4.40354150382     -0.0214310947871
4.44547999433     -0.0213994751367
4.48741848484     -0.0213793312945
4.52935697536     -0.0213684451852
4.57129546587     -0.021360370557
4.61323395638     -0.0213578253153
4.65517244689     -0.0213661769113
4.69711093741     -0.021382460867
4.73904942792     -0.0213989346907
4.78098791843     -0.0214120130298
4.82292640894     -0.0214213708833
4.86486489946     -0.0214278278812
4.90680338997     -0.0214346631914
4.94874188048     -0.021443943088
4.99068037099     -0.0214525354688
5.03261886151     -0.0214558537926
5.07455735202     -0.021453462017
5.11649584253     -0.0214484593415
5.15843433304     -0.0214430565741
5.20037282356     -0.0214365767805
5.24231131407     -0.0214289651589
5.28424980458     -0.0214212923193
5.32618829509     -0.0214141298954
5.36812678561     -0.0214087934337
5.41006527612     -0.0214060288176
5.45200376663     -0.0214050580148
5.49394225714     -0.0214044715379
5.53588074766     -0.021403917663
5.57781923817     -0.0214030027837
5.61975772868     -0.0214011016236
5.66169621919     -0.0213994173626
5.70363470971     -0.0213993703332
5.74557320022     -0.0213998528741
5.78751169073     -0.0213987593695
5.82945018124     -0.0213959280867
5.87138867176     -0.0213928840466
5.91332716227     -0.021390443522
5.95526565278     -0.0213886414932
5.99720414329     -0.0213882222713
6.03914263381     -0.0213898254993
6.08108112432     -0.0213923363543
6.12301961483     -0.0213945498333
6.16495810534     -0.0213971262902
6.20689659586     -0.0214008062987
6.24883508637     -0.0214048193913
6.29077357688     -0.0214082692059
6.33271206739     -0.0214109290894
6.37465055791     -0.0214125846085
6.41658904842     -0.0214132465236
6.45852753893     -0.0214134780677
6.50046602945     -0.0214142413354
6.54240451996     -0.0214157135164
6.58434301047     -0.0214169833112
6.62628150098     -0.0214175965296
6.6682199915     -0.0214179546098
6.71015848201     -0.0214184880791
6.75209697252     -0.0214190806568
6.79403546303     -0.021419509803
6.83597395355     -0.0214196213018
6.87791244406     -0.0214194502921
6.91985093457     -0.0214192952674
6.96178942508     -0.0214194300173
7.0037279156     -0.0214197840241
7.04566640611     -0.0214201490694
7.08760489662     -0.0214204155173
7.12954338713     -0.0214205014471
7.17148187765     -0.0214203884134
7.21342036816     -0.021420047313
7.25535885867     -0.021419481152
7.29729734918     -0.0214187684671
7.3392358397     -0.0214179677491
7.38117433021     -0.0214171570204
7.42311282072     -0.0214163209084
7.46505131123     -0.0214153892831
7.50698980175     -0.0214144658598
7.54892829226     -0.0214137545713
7.59086678277     -0.0214133324952
7.63280527328     -0.0214130981481
7.6747437638     -0.0214129342668
7.71668225431     -0.0214127631608
7.75862074482     -0.0214125830303
7.80055923533     -0.0214123967346
7.84249772585     -0.02141215648
7.88443621636     -0.0214118603981
7.92637470687     -0.0214114842531
7.96831319738     -0.0214110162292
8.0102516879     -0.0214105348426
8.05219017841     -0.0214101860766
8.09412866892     -0.0214100002577
8.13606715943     -0.021409887264
8.17800564995     -0.0214097883032
8.21994414046     -0.0214097296071
8.26188263097     -0.021409728785
8.30382112148     -0.0214097948683
8.345759612     -0.0214099239764
8.38769810251     -0.0214100958833
8.42963659302     -0.0214102627002
8.47157508353     -0.0214103894742
8.51351357405     -0.0214105131553
8.55545206456     -0.0214106823772
8.59739055507     -0.021410896636
8.63932904559     -0.0214111095561
8.6812675361     -0.0214112840203
8.72320602661     -0.0214114154351
8.76514451712     -0.0214115355661
8.80708300764     -0.0214116598545
8.84902149815     -0.0214117801028
8.89095998866     -0.0214118932904
8.93289847917     -0.0214120146605
8.97483696969     -0.0214121475558
