0.0 	 -2.64367e-07
0.0419385 	 6.97992e-06
0.083877 	 4.31176e-05
0.125815 	 9.88743e-05
0.167754 	 9.60216e-05
0.209692 	 7.54251e-06
0.251631 	 -6.57606e-05
0.293569 	 -6.40686e-05
0.335508 	 -3.06236e-05
0.377446 	 9.87513e-06
0.419385 	 4.6871e-05
0.461323 	 5.83116e-05
0.503262 	 4.45247e-05
0.5452 	 1.82124e-05
0.587139 	 5.50591e-06
0.629077 	 5.57774e-05
0.671016 	 0.000269584
0.712954 	 0.000806607
0.754893 	 0.00170154
0.796831 	 0.00257826
0.83877 	 0.00266522
0.880708 	 0.00132862
0.922647 	 -0.00131
0.964585 	 -0.00429495
1.00652 	 -0.0062385
1.04846 	 -0.00574442
1.0904 	 -0.00192721
1.13234 	 0.00453449
1.17428 	 0.0105285
1.21622 	 0.0118477
1.25815 	 0.00668016
1.30009 	 -0.00258219
1.34203 	 -0.0115846
1.38397 	 -0.017184
1.42591 	 -0.0181328
1.46785 	 -0.0143795
1.50979 	 -0.00704144
1.55172 	 0.0015825
1.59366 	 0.00898022
1.6356 	 0.0135714
1.67754 	 0.0149367
1.71948 	 0.013438
1.76142 	 0.0100254
1.80336 	 0.00609034
1.84529 	 0.00289472
1.88723 	 0.000983678
1.92917 	 0.000214016
1.97111 	 0.000140998
2.01305 	 0.000217394
2.05499 	 -9.06795e-05
2.09692 	 -0.0010373
2.13886 	 -0.00246081
2.1808 	 -0.00398512
2.22274 	 -0.00525516
2.26468 	 -0.00600265
2.30662 	 -0.00608856
2.34856 	 -0.00556203
2.39049 	 -0.00462162
2.43243 	 -0.00347958
2.47437 	 -0.00224788
2.51631 	 -0.000952745
2.55825 	 0.000360282
2.60019 	 0.0015751
2.64212 	 0.00255729
2.68406 	 0.00322594
2.726 	 0.00355141
2.76794 	 0.00350389
2.80988 	 0.0030799
2.85182 	 0.00239595
2.89376 	 0.00167668
2.93569 	 0.00111289
2.97763 	 0.000753192
3.01957 	 0.000526607
3.06151 	 0.000334669
3.10345 	 0.00011327
3.14539 	 -0.000157872
3.18733 	 -0.000463959
3.22926 	 -0.000762459
3.2712 	 -0.000992287
3.31314 	 -0.0010974
3.35508 	 -0.00105415
3.39702 	 -0.000876336
3.43896 	 -0.000609479
3.48089 	 -0.000319756
3.52283 	 -6.06435e-05
3.56477 	 0.000148912
3.60671 	 0.000304945
3.64865 	 0.000400185
3.69059 	 0.000431832
3.73253 	 0.000407445
3.77446 	 0.000343372
3.8164 	 0.000265664
3.85834 	 0.000201855
3.90028 	 0.000165903
3.94222 	 0.000156464
3.98416 	 0.000164912
4.02609 	 0.000179851
4.06803 	 0.000190442
4.10997 	 0.000188869
4.15191 	 0.00017249
4.19385 	 0.000148323
4.23579 	 0.000127772
4.27773 	 0.000114195
4.31966 	 0.000105248
4.3616 	 0.000101601
4.40354 	 0.000102391
4.44548 	 0.000101214
4.48742 	 9.28386e-05
4.52936 	 7.7061e-05
4.5713 	 5.81051e-05
4.61323 	 4.14124e-05
4.65517 	 2.97719e-05
4.69711 	 2.76329e-05
4.73905 	 4.04829e-05
4.78099 	 6.64303e-05
4.82293 	 9.81643e-05
4.86486 	 0.000128698
4.9068 	 0.000155162
4.94874 	 0.000180084
4.99068 	 0.000202692
5.03262 	 0.000216559
5.07456 	 0.000219604
5.1165 	 0.000215027
5.15843 	 0.000204784
5.20037 	 0.000189802
5.24231 	 0.000171678
5.28425 	 0.000152582
5.32619 	 0.000136924
5.36813 	 0.000127562
5.41007 	 0.000121963
5.452 	 0.000120422
5.49394 	 0.000125985
5.53588 	 0.000133971
5.57782 	 0.000139921
5.61976 	 0.000146917
5.6617 	 0.000154104
5.70363 	 0.00015791
5.74557 	 0.000159999
5.78751 	 0.000160828
5.82945 	 0.000159896
5.87139 	 0.000159678
5.91333 	 0.000160029
5.95527 	 0.000159935
5.9972 	 0.000161834
6.03914 	 0.000166582
6.08108 	 0.000170551
6.12302 	 0.000170675
6.16496 	 0.000169589
6.2069 	 0.000170549
6.24884 	 0.000171166
6.29077 	 0.000170036
6.33271 	 0.000171025
6.37465 	 0.000175877
6.41659 	 0.000180383
6.45853 	 0.000180847
6.50047 	 0.00018
6.5424 	 0.000180912
6.58434 	 0.000181154
6.62628 	 0.000179578
6.66822 	 0.000178793
6.71016 	 0.000179648
6.7521 	 0.000182155
6.79404 	 0.000186716
6.83597 	 0.00019059
6.87791 	 0.000190813
6.91985 	 0.000189863
6.96179 	 0.000190564
7.00373 	 0.000191119
7.04567 	 0.000191751
7.0876 	 0.00019546
7.12954 	 0.00019983
7.17148 	 0.000200595
7.21342 	 0.000200024
7.25536 	 0.00020107
7.2973 	 0.000201336
7.33924 	 0.000199706
7.38117 	 0.000199098
7.42311 	 0.000201513
7.46505 	 0.000206369
7.50699 	 0.000210396
7.54893 	 0.000210829
7.59087 	 0.000210186
7.63281 	 0.000210946
7.67474 	 0.000210879
7.71668 	 0.000209718
7.75862 	 0.000211092
7.80056 	 0.000215951
7.8425 	 0.000220315
7.88444 	 0.000220839
7.92637 	 0.000220099
7.96831 	 0.000220998
8.01025 	 0.000221174
8.05219 	 0.000219565
8.09413 	 0.000219092
8.13607 	 0.000221581
8.17801 	 0.000226472
8.21994 	 0.000230541
8.26188 	 0.000230886
8.30382 	 0.000230117
8.34576 	 0.000230932
8.3877 	 0.000231003
8.42964 	 0.000229495
8.47157 	 0.000229142
8.51351 	 0.000231684
8.55545 	 0.000236661
8.59739 	 0.000240749
8.63933 	 0.000241024
8.68127 	 0.000240215
8.72321 	 0.00024107
8.76514 	 0.000241285
8.80708 	 0.000240051
