0.0 	 0.0
0.0419385 	 -0.000101716
0.083877 	 -0.00143743
0.125815 	 -0.00530275
0.167754 	 -0.00836299
0.209692 	 0.000993156
0.251631 	 0.019038
0.293569 	 0.0160795
0.335508 	 -0.00637704
0.377446 	 -0.00780214
0.419385 	 0.00109924
0.461323 	 -0.00817333
0.503262 	 -0.00552773
0.5452 	 0.00790792
0.587139 	 0.00183931
0.629077 	 -0.00430771
0.671016 	 -0.00384553
0.712954 	 -0.00383935
0.754893 	 0.00194963
0.796831 	 0.00154107
0.83877 	 -0.000337234
0.880708 	 0.00533522
0.922647 	 0.00223322
0.964585 	 0.00177188
1.00652 	 0.0289476
1.04846 	 0.107035
1.0904 	 0.281908
1.13234 	 0.527782
1.17428 	 0.653739
1.21622 	 0.405383
1.25815 	 -0.258524
1.30009 	 -0.989183
1.34203 	 -1.29155
1.38397 	 -0.927531
1.42591 	 0.0399989
1.46785 	 1.39926
1.50979 	 2.65127
1.55172 	 2.83604
1.59366 	 1.20102
1.6356 	 -1.52752
1.67754 	 -3.30515
1.71948 	 -2.97947
1.76142 	 -1.57684
1.80336 	 -0.704495
1.84529 	 -0.647597
1.88723 	 -0.610218
1.92917 	 0.0694624
1.97111 	 1.34607
2.01305 	 2.53839
2.05499 	 2.82161
2.09692 	 1.90534
2.13886 	 0.263393
2.1808 	 -1.30808
2.22274 	 -2.17986
2.26468 	 -2.05918
2.30662 	 -1.14096
2.34856 	 -0.0917808
2.39049 	 0.469508
2.43243 	 0.468902
2.47437 	 0.263888
2.51631 	 0.181716
2.55825 	 0.261468
2.60019 	 0.373322
2.64212 	 0.425619
2.68406 	 0.383999
2.726 	 0.257845
2.76794 	 0.150411
2.80988 	 0.166812
2.85182 	 0.252446
2.89376 	 0.252066
2.93569 	 0.0939832
2.97763 	 -0.164237
3.01957 	 -0.410007
3.06151 	 -0.528908
3.10345 	 -0.462306
3.14539 	 -0.277269
3.18733 	 -0.120789
3.22926 	 -0.0645293
3.2712 	 -0.0581753
3.31314 	 -0.0351936
3.35508 	 0.0109228
3.39702 	 0.0537367
3.43896 	 0.0868393
3.48089 	 0.135551
3.52283 	 0.21217
3.56477 	 0.277947
3.60671 	 0.272982
3.64865 	 0.17871
3.69059 	 0.0407263
3.73253 	 -0.0720529
3.77446 	 -0.127475
3.8164 	 -0.139723
3.85834 	 -0.133119
3.90028 	 -0.11975
3.94222 	 -0.102927
3.98416 	 -0.0858109
4.02609 	 -0.07399
4.06803 	 -0.0676183
4.10997 	 -0.057127
4.15191 	 -0.0329312
4.19385 	 0.00673669
4.23579 	 0.0552321
4.27773 	 0.0980239
4.31966 	 0.121054
4.3616 	 0.122651
4.40354 	 0.111179
4.44548 	 0.0924151
4.48742 	 0.0652105
4.52936 	 0.0281481
4.5713 	 -0.0146867
4.61323 	 -0.054962
4.65517 	 -0.0843013
4.69711 	 -0.098098
4.73905 	 -0.0968036
4.78099 	 -0.082832
4.82293 	 -0.0590796
4.86486 	 -0.0319046
4.9068 	 -0.00913518
4.94874 	 0.00735204
4.99068 	 0.0219682
5.03262 	 0.037845
5.07456 	 0.0532817
5.1165 	 0.0641855
5.15843 	 0.0668032
5.20037 	 0.0595508
5.24231 	 0.0444165
5.28425 	 0.0258163
5.32619 	 0.00719099
5.36813 	 -0.0105383
5.41007 	 -0.0273562
5.452 	 -0.0422977
5.49394 	 -0.0529096
5.53588 	 -0.0562307
5.57782 	 -0.0512661
5.61976 	 -0.0401133
5.6617 	 -0.025775
5.70363 	 -0.010012
5.74557 	 0.00609525
5.78751 	 0.0208156
5.82945 	 0.0320326
5.87139 	 0.0384111
5.91333 	 0.0398939
5.95527 	 0.0370701
5.9972 	 0.0305708
6.03914 	 0.0210181
6.08108 	 0.00944751
6.12302 	 -0.00252198
6.16496 	 -0.0132205
6.2069 	 -0.0215298
6.24884 	 -0.0267859
6.29077 	 -0.0285624
6.33271 	 -0.0267172
6.37465 	 -0.0217098
6.41659 	 -0.0146225
6.45853 	 -0.00678362
6.50047 	 0.000702363
6.5424 	 0.00722629
6.58434 	 0.0125482
6.62628 	 0.0164602
6.66822 	 0.0185705
6.71016 	 0.018467
6.7521 	 0.0160952
6.79404 	 0.0120298
6.83597 	 0.00720297
6.87791 	 0.00232641
6.91985 	 -0.00230093
6.96179 	 -0.00649623
7.00373 	 -0.00994698
7.04567 	 -0.0122178
7.0876 	 -0.0129623
7.12954 	 -0.0121123
7.17148 	 -0.00995205
7.21342 	 -0.00696923
7.25536 	 -0.00359752
7.2973 	 -0.000155515
7.33924 	 0.00308883
7.38117 	 0.00586663
7.42311 	 0.00791205
7.46505 	 0.00898307
7.50699 	 0.00895975
7.54893 	 0.00791485
7.59087 	 0.00608184
7.63281 	 0.00373065
7.67474 	 0.00113611
7.71668 	 -0.00141887
7.75862 	 -0.00366346
7.80056 	 -0.00538869
7.8425 	 -0.0064367
7.88444 	 -0.00671287
7.92637 	 -0.00619835
7.96831 	 -0.00500407
8.01025 	 -0.00335724
8.05219 	 -0.00153397
8.09413 	 0.00025768
8.13607 	 0.00189052
8.17801 	 0.00327585
8.21994 	 0.00428163
8.26188 	 0.00477026
8.30382 	 0.00466479
8.34576 	 0.00402398
8.3877 	 0.00299328
8.42964 	 0.00174964
8.47157 	 0.000424649
8.51351 	 -0.000865414
8.55545 	 -0.00201605
8.59739 	 -0.00289521
8.63933 	 -0.0033928
8.68127 	 -0.00343842
8.72321 	 -0.00306983
8.76514 	 -0.00237966
8.80708 	 -0.00150173
