0.0 	 0.0
0.001 	 -2.38735e-26
0.002 	 -1.71842e-26
0.003 	 -6.95117e-27
0.004 	 6.22263e-27
0.005 	 2.15763e-26
0.006 	 3.81041e-26
0.007 	 5.447e-26
0.008 	 6.89441e-26
0.009 	 7.93795e-26
0.01 	 8.32494e-26
0.011 	 7.77559e-26
0.012 	 6.00195e-26
0.013 	 2.73494e-26
0.014 	 -2.2412e-26
0.015 	 -9.04884e-26
0.016 	 -1.76734e-25
0.017 	 -2.79196e-25
0.018 	 -3.93718e-25
0.019 	 -5.13619e-25
0.02 	 -6.295e-25
0.021 	 -7.2922e-25
0.022 	 -7.98088e-25
0.023 	 -8.19293e-25
0.024 	 -7.74613e-25
0.025 	 -6.45405e-25
0.026 	 -4.13869e-25
0.027 	 -6.45753e-26
0.028 	 4.13805e-25
0.029 	 1.02661e-24
0.03 	 1.77123e-24
0.031 	 2.63521e-24
0.032 	 3.59448e-24
0.033 	 4.61187e-24
0.034 	 5.63613e-24
0.035 	 6.60145e-24
0.036 	 7.42774e-24
0.037 	 8.02177e-24
0.038 	 8.27931e-24
0.039 	 8.08826e-24
0.04 	 7.33298e-24
0.041 	 5.8997e-24
0.042 	 3.68298e-24
0.043 	 5.93235e-25
0.044 	 -3.43499e-24
0.045 	 -8.43412e-24
0.046 	 -1.43943e-23
0.047 	 -2.12544e-23
0.048 	 -2.88931e-23
0.049 	 -3.71214e-23
0.05 	 -4.5676e-23
0.051 	 -5.42152e-23
0.052 	 -6.23174e-23
0.053 	 -6.9482e-23
0.054 	 -7.51343e-23
0.055 	 -7.86351e-23
0.056 	 -7.92937e-23
0.057 	 -7.63866e-23
0.058 	 -6.91802e-23
0.059 	 -5.69596e-23
0.06 	 -3.90611e-23
0.061 	 -1.49096e-23
0.062 	 1.59401e-23
0.063 	 5.37593e-23
0.064 	 9.85994e-23
0.065 	 1.50245e-22
0.066 	 2.08169e-22
0.067 	 2.71489e-22
0.068 	 3.38928e-22
0.069 	 4.08784e-22
0.07 	 4.7891e-22
0.071 	 5.46695e-22
0.072 	 6.09075e-22
0.073 	 6.62547e-22
0.074 	 7.03205e-22
0.075 	 7.26796e-22
0.076 	 7.28802e-22
0.077 	 7.04533e-22
0.078 	 6.49256e-22
0.079 	 5.5834e-22
0.08 	 4.27424e-22
0.081 	 2.5261e-22
0.082 	 3.06738e-23
0.083 	 -2.40712e-22
0.084 	 -5.62739e-22
0.085 	 -9.35216e-22
0.086 	 -1.35633e-21
0.087 	 -1.82238e-21
0.088 	 -2.32761e-21
0.089 	 -2.86393e-21
0.09 	 -3.42079e-21
0.091 	 -3.98506e-21
0.092 	 -4.54089e-21
0.093 	 -5.06976e-21
0.094 	 -5.5505e-21
0.095 	 -5.95941e-21
0.096 	 -6.27053e-21
0.097 	 -6.45593e-21
0.098 	 -6.48616e-21
0.099 	 -6.33076e-21
0.1 	 -5.95898e-21
0.101 	 -5.34049e-21
0.102 	 -4.44627e-21
0.103 	 -3.24965e-21
0.104 	 -1.72734e-21
0.105 	 1.3936e-22
0.106 	 2.36331e-21
0.107 	 4.95026e-21
0.108 	 7.89749e-21
0.109 	 1.11925e-20
0.11 	 1.48117e-20
0.111 	 1.87193e-20
0.112 	 2.28659e-20
0.113 	 2.71879e-20
0.114 	 3.16063e-20
0.115 	 3.60268e-20
0.116 	 4.03386e-20
0.117 	 4.44155e-20
0.118 	 4.81155e-20
0.119 	 5.12822e-20
0.12 	 5.3746e-20
0.121 	 5.53257e-20
0.122 	 5.58314e-20
0.123 	 5.50669e-20
0.124 	 5.28333e-20
0.125 	 4.89333e-20
0.126 	 4.31756e-20
0.127 	 3.53798e-20
0.128 	 2.5383e-20
0.129 	 1.30447e-20
0.13 	 -1.74572e-21
0.131 	 -1.90625e-20
0.132 	 -3.89365e-20
0.133 	 -6.13477e-20
0.134 	 -8.62185e-20
0.135 	 -1.13406e-19
0.136 	 -1.42697e-19
0.137 	 -1.73799e-19
0.138 	 -2.06337e-19
0.139 	 -2.39848e-19
0.14 	 -2.7378e-19
0.141 	 -3.07485e-19
0.142 	 -3.40222e-19
0.143 	 -3.71158e-19
0.144 	 -3.99369e-19
0.145 	 -4.23849e-19
0.146 	 -4.43512e-19
0.147 	 -4.57208e-19
0.148 	 -4.63732e-19
0.149 	 -4.6184e-19
0.15 	 -4.5027e-19
0.151 	 -4.27757e-19
0.152 	 -3.93064e-19
0.153 	 -3.45005e-19
0.154 	 -2.82472e-19
0.155 	 -2.04473e-19
0.156 	 -1.10159e-19
0.157 	 1.13511e-21
0.158 	 1.29857e-19
0.159 	 2.76198e-19
0.16 	 4.40051e-19
0.161 	 6.20979e-19
0.162 	 8.18171e-19
0.163 	 1.03041e-18
0.164 	 1.25604e-18
0.165 	 1.49292e-18
0.166 	 1.73844e-18
0.167 	 1.98945e-18
0.168 	 2.24226e-18
0.169 	 2.49266e-18
0.17 	 2.73588e-18
0.171 	 2.96663e-18
0.172 	 3.17909e-18
0.173 	 3.36697e-18
0.174 	 3.52352e-18
0.175 	 3.64162e-18
0.176 	 3.7138e-18
0.177 	 3.73235e-18
0.178 	 3.68943e-18
0.179 	 3.57711e-18
0.18 	 3.38758e-18
0.181 	 3.11321e-18
0.182 	 2.74674e-18
0.183 	 2.2814e-18
0.184 	 1.71113e-18
0.185 	 1.03075e-18
0.186 	 2.36093e-19
0.187 	 -6.75713e-19
0.188 	 -1.7061e-18
0.189 	 -2.85485e-18
0.19 	 -4.11987e-18
0.191 	 -5.49702e-18
0.192 	 -6.97989e-18
0.193 	 -8.55964e-18
0.194 	 -1.02248e-17
0.195 	 -1.19613e-17
0.196 	 -1.37519e-17
0.197 	 -1.55766e-17
0.198 	 -1.74122e-17
0.199 	 -1.92327e-17
0.2 	 -2.10086e-17
0.201 	 -2.27076e-17
0.202 	 -2.42945e-17
0.203 	 -2.5731e-17
0.204 	 -2.69766e-17
0.205 	 -2.79883e-17
0.206 	 -2.87209e-17
0.207 	 -2.91278e-17
0.208 	 -2.91612e-17
0.209 	 -2.87725e-17
0.21 	 -2.79132e-17
0.211 	 -2.65354e-17
0.212 	 -2.45923e-17
0.213 	 -2.20394e-17
0.214 	 -1.88351e-17
0.215 	 -1.49414e-17
0.216 	 -1.03254e-17
0.217 	 -4.95977e-18
0.218 	 1.17595e-18
0.219 	 8.09441e-18
0.22 	 1.57993e-17
0.221 	 2.42845e-17
0.222 	 3.35326e-17
0.223 	 4.35142e-17
0.224 	 5.41869e-17
0.225 	 6.54942e-17
0.226 	 7.73647e-17
0.227 	 8.97114e-17
0.228 	 1.02431e-16
0.229 	 1.15403e-16
0.23 	 1.2849e-16
0.231 	 1.41536e-16
0.232 	 1.54369e-16
0.233 	 1.668e-16
0.234 	 1.7862e-16
0.235 	 1.89606e-16
0.236 	 1.99519e-16
0.237 	 2.08106e-16
0.238 	 2.151e-16
0.239 	 2.20225e-16
0.24 	 2.23193e-16
0.241 	 2.23712e-16
0.242 	 2.21486e-16
0.243 	 2.16217e-16
0.244 	 2.0761e-16
0.245 	 1.95376e-16
0.246 	 1.79238e-16
0.247 	 1.58933e-16
0.248 	 1.34216e-16
0.249 	 1.04867e-16
0.25 	 7.0698e-17
0.251 	 3.1552e-17
0.252 	 -1.26858e-17
0.253 	 -6.20846e-17
0.254 	 -1.16662e-16
0.255 	 -1.76379e-16
0.256 	 -2.41133e-16
0.257 	 -3.10754e-16
0.258 	 -3.84996e-16
0.259 	 -4.63536e-16
0.26 	 -5.45968e-16
0.261 	 -6.31796e-16
0.262 	 -7.20433e-16
0.263 	 -8.11197e-16
0.264 	 -9.03308e-16
0.265 	 -9.95886e-16
0.266 	 -1.08795e-15
0.267 	 -1.17842e-15
0.268 	 -1.26612e-15
0.269 	 -1.34976e-15
0.27 	 -1.42798e-15
0.271 	 -1.49932e-15
0.272 	 -1.56222e-15
0.273 	 -1.61508e-15
0.274 	 -1.6562e-15
0.275 	 -1.68384e-15
0.276 	 -1.69622e-15
0.277 	 -1.69151e-15
0.278 	 -1.6679e-15
0.279 	 -1.62356e-15
0.28 	 -1.55667e-15
0.281 	 -1.46548e-15
0.282 	 -1.34829e-15
0.283 	 -1.20349e-15
0.284 	 -1.02959e-15
0.285 	 -8.25233e-16
0.286 	 -5.89228e-16
0.287 	 -3.20586e-16
0.288 	 -1.85397e-17
0.289 	 3.1742e-16
0.29 	 6.87517e-16
0.291 	 1.09166e-15
0.292 	 1.5294e-15
0.293 	 1.99992e-15
0.294 	 2.502e-15
0.295 	 3.03397e-15
0.296 	 3.5937e-15
0.297 	 4.17857e-15
0.298 	 4.78546e-15
0.299 	 5.41069e-15
0.3 	 6.05005e-15
0.301 	 6.69877e-15
0.302 	 7.35148e-15
0.303 	 8.00224e-15
0.304 	 8.64454e-15
0.305 	 9.27126e-15
0.306 	 9.87475e-15
0.307 	 1.04468e-14
0.308 	 1.09785e-14
0.309 	 1.14608e-14
0.31 	 1.18839e-14
0.311 	 1.22376e-14
0.312 	 1.25114e-14
0.313 	 1.26945e-14
0.314 	 1.27757e-14
0.315 	 1.27438e-14
0.316 	 1.25876e-14
0.317 	 1.22956e-14
0.318 	 1.18566e-14
0.319 	 1.12598e-14
0.32 	 1.04943e-14
0.321 	 9.55014e-15
0.322 	 8.41763e-15
0.323 	 7.08795e-15
0.324 	 5.55319e-15
0.325 	 3.80645e-15
0.326 	 1.84204e-15
0.327 	 -3.44345e-16
0.328 	 -2.75549e-15
0.329 	 -5.39249e-15
0.33 	 -8.25452e-15
0.331 	 -1.13388e-14
0.332 	 -1.46402e-14
0.333 	 -1.81514e-14
0.334 	 -2.18623e-14
0.335 	 -2.57605e-14
0.336 	 -2.98303e-14
0.337 	 -3.40535e-14
0.338 	 -3.84085e-14
0.339 	 -4.28705e-14
0.34 	 -4.74118e-14
0.341 	 -5.20008e-14
0.342 	 -5.6603e-14
0.343 	 -6.11803e-14
0.344 	 -6.56909e-14
0.345 	 -7.009e-14
0.346 	 -7.43293e-14
0.347 	 -7.83573e-14
0.348 	 -8.21191e-14
0.349 	 -8.55572e-14
0.35 	 -8.86111e-14
0.351 	 -9.12177e-14
0.352 	 -9.33118e-14
0.353 	 -9.48261e-14
0.354 	 -9.56918e-14
0.355 	 -9.58389e-14
0.356 	 -9.51965e-14
0.357 	 -9.36936e-14
0.358 	 -9.12595e-14
0.359 	 -8.78243e-14
0.36 	 -8.33197e-14
0.361 	 -7.76794e-14
0.362 	 -7.08403e-14
0.363 	 -6.27426e-14
0.364 	 -5.33313e-14
0.365 	 -4.25563e-14
0.366 	 -3.0374e-14
0.367 	 -1.67477e-14
0.368 	 -1.64842e-15
0.369 	 1.49436e-14
0.37 	 3.30384e-14
0.371 	 5.26355e-14
0.372 	 7.37222e-14
0.373 	 9.62736e-14
0.374 	 1.20251e-13
0.375 	 1.45601e-13
0.376 	 1.72255e-13
0.377 	 2.00127e-13
0.378 	 2.29117e-13
0.379 	 2.59104e-13
0.38 	 2.89949e-13
0.381 	 3.21495e-13
0.382 	 3.53566e-13
0.383 	 3.85963e-13
0.384 	 4.18469e-13
0.385 	 4.50847e-13
0.386 	 4.82838e-13
0.387 	 5.14163e-13
0.388 	 5.44522e-13
0.389 	 5.73598e-13
0.39 	 6.01052e-13
0.391 	 6.26527e-13
0.392 	 6.4965e-13
0.393 	 6.70031e-13
0.394 	 6.87266e-13
0.395 	 7.00936e-13
0.396 	 7.10613e-13
0.397 	 7.1586e-13
0.398 	 7.1623e-13
0.399 	 7.11276e-13
0.4 	 7.00547e-13
0.401 	 6.83595e-13
0.402 	 6.59978e-13
0.403 	 6.2926e-13
0.404 	 5.9102e-13
0.405 	 5.44854e-13
0.406 	 4.90377e-13
0.407 	 4.2723e-13
0.408 	 3.55085e-13
0.409 	 2.73649e-13
0.41 	 1.82668e-13
0.411 	 8.19354e-14
0.412 	 -2.87077e-14
0.413 	 -1.49362e-13
0.414 	 -2.80068e-13
0.415 	 -4.20799e-13
0.416 	 -5.71454e-13
0.417 	 -7.31857e-13
0.418 	 -9.01748e-13
0.419 	 -1.08078e-12
0.42 	 -1.2685e-12
0.421 	 -1.46438e-12
0.422 	 -1.66777e-12
0.423 	 -1.87791e-12
0.424 	 -2.09395e-12
0.425 	 -2.31491e-12
0.426 	 -2.53969e-12
0.427 	 -2.76707e-12
0.428 	 -2.99572e-12
0.429 	 -3.22417e-12
0.43 	 -3.45084e-12
0.431 	 -3.67401e-12
0.432 	 -3.89186e-12
0.433 	 -4.10243e-12
0.434 	 -4.30365e-12
0.435 	 -4.49333e-12
0.436 	 -4.66918e-12
0.437 	 -4.8288e-12
0.438 	 -4.9697e-12
0.439 	 -5.0893e-12
0.44 	 -5.18494e-12
0.441 	 -5.2539e-12
0.442 	 -5.29341e-12
0.443 	 -5.30063e-12
0.444 	 -5.27275e-12
0.445 	 -5.20689e-12
0.446 	 -5.10023e-12
0.447 	 -4.94994e-12
0.448 	 -4.75326e-12
0.449 	 -4.5075e-12
0.45 	 -4.21006e-12
0.451 	 -3.85845e-12
0.452 	 -3.45033e-12
0.453 	 -2.98354e-12
0.454 	 -2.45611e-12
0.455 	 -1.86629e-12
0.456 	 -1.21259e-12
0.457 	 -4.93818e-13
0.458 	 2.90916e-13
0.459 	 1.14214e-12
0.46 	 2.06002e-12
0.461 	 3.04429e-12
0.462 	 4.09425e-12
0.463 	 5.20872e-12
0.464 	 6.38603e-12
0.465 	 7.62394e-12
0.466 	 8.91968e-12
0.467 	 1.02699e-11
0.468 	 1.16705e-11
0.469 	 1.3117e-11
0.47 	 1.46039e-11
0.471 	 1.61253e-11
0.472 	 1.76746e-11
0.473 	 1.92442e-11
0.474 	 2.0826e-11
0.475 	 2.24111e-11
0.476 	 2.39899e-11
0.477 	 2.55519e-11
0.478 	 2.70861e-11
0.479 	 2.85805e-11
0.48 	 3.00227e-11
0.481 	 3.13993e-11
0.482 	 3.26964e-11
0.483 	 3.38994e-11
0.484 	 3.49931e-11
0.485 	 3.59617e-11
0.486 	 3.67892e-11
0.487 	 3.74586e-11
0.488 	 3.7953e-11
0.489 	 3.82551e-11
0.49 	 3.83471e-11
0.491 	 3.82114e-11
0.492 	 3.78301e-11
0.493 	 3.71855e-11
0.494 	 3.62602e-11
0.495 	 3.50367e-11
0.496 	 3.34982e-11
0.497 	 3.16285e-11
0.498 	 2.94119e-11
0.499 	 2.68336e-11
0.5 	 2.38797e-11
0.501 	 2.05377e-11
0.502 	 1.6796e-11
0.503 	 1.26448e-11
0.504 	 8.07586e-12
0.505 	 3.08264e-12
0.506 	 -2.33931e-12
0.507 	 -8.19229e-12
0.508 	 -1.44763e-11
0.509 	 -2.11886e-11
0.51 	 -2.83241e-11
0.511 	 -3.58746e-11
0.512 	 -4.38289e-11
0.513 	 -5.21725e-11
0.514 	 -6.08876e-11
0.515 	 -6.99528e-11
0.516 	 -7.93432e-11
0.517 	 -8.90298e-11
0.518 	 -9.89799e-11
0.519 	 -1.09157e-10
0.52 	 -1.19519e-10
0.521 	 -1.30022e-10
0.522 	 -1.40616e-10
0.523 	 -1.51246e-10
0.524 	 -1.61856e-10
0.525 	 -1.72383e-10
0.526 	 -1.82759e-10
0.527 	 -1.92914e-10
0.528 	 -2.02772e-10
0.529 	 -2.12255e-10
0.53 	 -2.21278e-10
0.531 	 -2.29756e-10
0.532 	 -2.37598e-10
0.533 	 -2.44709e-10
0.534 	 -2.50995e-10
0.535 	 -2.56354e-10
0.536 	 -2.60686e-10
0.537 	 -2.63886e-10
0.538 	 -2.65851e-10
0.539 	 -2.66473e-10
0.54 	 -2.65646e-10
0.541 	 -2.63264e-10
0.542 	 -2.5922e-10
0.543 	 -2.5341e-10
0.544 	 -2.45732e-10
0.545 	 -2.36085e-10
0.546 	 -2.24373e-10
0.547 	 -2.10503e-10
0.548 	 -1.94388e-10
0.549 	 -1.75946e-10
0.55 	 -1.55101e-10
0.551 	 -1.31788e-10
0.552 	 -1.05945e-10
0.553 	 -7.75251e-11
0.554 	 -4.64875e-11
0.555 	 -1.28049e-11
0.556 	 2.35383e-11
0.557 	 6.25446e-11
0.558 	 1.04202e-10
0.559 	 1.48484e-10
0.56 	 1.95346e-10
0.561 	 2.44729e-10
0.562 	 2.96555e-10
0.563 	 3.50727e-10
0.564 	 4.07128e-10
0.565 	 4.65622e-10
0.566 	 5.2605e-10
0.567 	 5.88233e-10
0.568 	 6.5197e-10
0.569 	 7.17034e-10
0.57 	 7.83178e-10
0.571 	 8.50131e-10
0.572 	 9.17596e-10
0.573 	 9.85255e-10
0.574 	 1.05276e-09
0.575 	 1.11976e-09
0.576 	 1.18584e-09
0.577 	 1.2506e-09
0.578 	 1.3136e-09
0.579 	 1.37439e-09
0.58 	 1.43248e-09
0.581 	 1.48738e-09
0.582 	 1.53856e-09
0.583 	 1.58549e-09
0.584 	 1.62762e-09
0.585 	 1.66438e-09
0.586 	 1.6952e-09
0.587 	 1.71948e-09
0.588 	 1.73664e-09
0.589 	 1.74607e-09
0.59 	 1.74716e-09
0.591 	 1.73932e-09
0.592 	 1.72195e-09
0.593 	 1.69445e-09
0.594 	 1.65624e-09
0.595 	 1.60676e-09
0.596 	 1.54545e-09
0.597 	 1.47179e-09
0.598 	 1.38528e-09
0.599 	 1.28544e-09
0.6 	 1.17184e-09
0.601 	 1.04409e-09
0.602 	 9.01819e-10
0.603 	 7.44739e-10
0.604 	 5.72594e-10
0.605 	 3.85194e-10
0.606 	 1.82411e-10
0.607 	 -3.58153e-11
0.608 	 -2.69472e-10
0.609 	 -5.18466e-10
0.61 	 -7.82626e-10
0.611 	 -1.06169e-09
0.612 	 -1.3553e-09
0.613 	 -1.66301e-09
0.614 	 -1.98427e-09
0.615 	 -2.31843e-09
0.616 	 -2.66472e-09
0.617 	 -3.02227e-09
0.618 	 -3.3901e-09
0.619 	 -3.76709e-09
0.62 	 -4.15203e-09
0.621 	 -4.54357e-09
0.622 	 -4.94024e-09
0.623 	 -5.34045e-09
0.624 	 -5.74249e-09
0.625 	 -6.14452e-09
0.626 	 -6.54458e-09
0.627 	 -6.9406e-09
0.628 	 -7.33037e-09
0.629 	 -7.71159e-09
0.63 	 -8.08182e-09
0.631 	 -8.43853e-09
0.632 	 -8.7791e-09
0.633 	 -9.10079e-09
0.634 	 -9.40079e-09
0.635 	 -9.67619e-09
0.636 	 -9.92403e-09
0.637 	 -1.01413e-08
0.638 	 -1.03248e-08
0.639 	 -1.04716e-08
0.64 	 -1.05784e-08
0.641 	 -1.0642e-08
0.642 	 -1.06594e-08
0.643 	 -1.06273e-08
0.644 	 -1.05427e-08
0.645 	 -1.04024e-08
0.646 	 -1.02034e-08
0.647 	 -9.94283e-09
0.648 	 -9.61783e-09
0.649 	 -9.22569e-09
0.65 	 -8.76386e-09
0.651 	 -8.22992e-09
0.652 	 -7.62165e-09
0.653 	 -6.93703e-09
0.654 	 -6.17429e-09
0.655 	 -5.33188e-09
0.656 	 -4.40854e-09
0.657 	 -3.4033e-09
0.658 	 -2.31551e-09
0.659 	 -1.14486e-09
0.66 	 1.0859e-10
0.661 	 1.4444e-09
0.662 	 2.86173e-09
0.663 	 4.35929e-09
0.664 	 5.93536e-09
0.665 	 7.58775e-09
0.666 	 9.31377e-09
0.667 	 1.11102e-08
0.668 	 1.29734e-08
0.669 	 1.48991e-08
0.67 	 1.68826e-08
0.671 	 1.89183e-08
0.672 	 2.10005e-08
0.673 	 2.31226e-08
0.674 	 2.52776e-08
0.675 	 2.74578e-08
0.676 	 2.96549e-08
0.677 	 3.18601e-08
0.678 	 3.40639e-08
0.679 	 3.62565e-08
0.68 	 3.84272e-08
0.681 	 4.05649e-08
0.682 	 4.26581e-08
0.683 	 4.46946e-08
0.684 	 4.66617e-08
0.685 	 4.85465e-08
0.686 	 5.03353e-08
0.687 	 5.20143e-08
0.688 	 5.35693e-08
0.689 	 5.49857e-08
0.69 	 5.62486e-08
0.691 	 5.73431e-08
0.692 	 5.82539e-08
0.693 	 5.89658e-08
0.694 	 5.94635e-08
0.695 	 5.97315e-08
0.696 	 5.97547e-08
0.697 	 5.95181e-08
0.698 	 5.90068e-08
0.699 	 5.82063e-08
0.7 	 5.71027e-08
0.701 	 5.56822e-08
0.702 	 5.39319e-08
0.703 	 5.18394e-08
0.704 	 4.9393e-08
0.705 	 4.65822e-08
0.706 	 4.3397e-08
0.707 	 3.98288e-08
0.708 	 3.58699e-08
0.709 	 3.15139e-08
0.71 	 2.67558e-08
0.711 	 2.1592e-08
0.712 	 1.60204e-08
0.713 	 1.00407e-08
0.714 	 3.65402e-09
0.715 	 -3.13646e-09
0.716 	 -1.03257e-08
0.717 	 -1.79069e-08
0.718 	 -2.58707e-08
0.719 	 -3.42061e-08
0.72 	 -4.28997e-08
0.721 	 -5.19356e-08
0.722 	 -6.12959e-08
0.723 	 -7.096e-08
0.724 	 -8.09051e-08
0.725 	 -9.11056e-08
0.726 	 -1.01534e-07
0.727 	 -1.12159e-07
0.728 	 -1.22949e-07
0.729 	 -1.33866e-07
0.73 	 -1.44875e-07
0.731 	 -1.55933e-07
0.732 	 -1.66998e-07
0.733 	 -1.78023e-07
0.734 	 -1.88962e-07
0.735 	 -1.99763e-07
0.736 	 -2.10375e-07
0.737 	 -2.20742e-07
0.738 	 -2.30807e-07
0.739 	 -2.40513e-07
0.74 	 -2.49798e-07
0.741 	 -2.58601e-07
0.742 	 -2.66858e-07
0.743 	 -2.74505e-07
0.744 	 -2.81475e-07
0.745 	 -2.87702e-07
0.746 	 -2.93119e-07
0.747 	 -2.97658e-07
0.748 	 -3.01251e-07
0.749 	 -3.03831e-07
0.75 	 -3.05331e-07
0.751 	 -3.05684e-07
0.752 	 -3.04824e-07
0.753 	 -3.02688e-07
0.754 	 -2.99214e-07
0.755 	 -2.9434e-07
0.756 	 -2.8801e-07
0.757 	 -2.80168e-07
0.758 	 -2.70761e-07
0.759 	 -2.59742e-07
0.76 	 -2.47066e-07
0.761 	 -2.32691e-07
0.762 	 -2.16583e-07
0.763 	 -1.98711e-07
0.764 	 -1.79049e-07
0.765 	 -1.57577e-07
0.766 	 -1.34283e-07
0.767 	 -1.09158e-07
0.768 	 -8.22038e-08
0.769 	 -5.34265e-08
0.77 	 -2.28413e-08
0.771 	 9.52934e-09
0.772 	 4.36543e-08
0.773 	 7.94943e-08
0.774 	 1.17001e-07
0.775 	 1.56117e-07
0.776 	 1.96776e-07
0.777 	 2.38901e-07
0.778 	 2.82407e-07
0.779 	 3.27198e-07
0.78 	 3.73168e-07
0.781 	 4.20203e-07
0.782 	 4.68175e-07
0.783 	 5.16949e-07
0.784 	 5.66378e-07
0.785 	 6.16308e-07
0.786 	 6.66571e-07
0.787 	 7.16992e-07
0.788 	 7.67386e-07
0.789 	 8.17558e-07
0.79 	 8.67303e-07
0.791 	 9.1641e-07
0.792 	 9.64658e-07
0.793 	 1.01182e-06
0.794 	 1.05765e-06
0.795 	 1.10192e-06
0.796 	 1.14437e-06
0.797 	 1.18475e-06
0.798 	 1.2228e-06
0.799 	 1.25826e-06
0.8 	 1.29085e-06
0.801 	 1.32031e-06
0.802 	 1.34636e-06
0.803 	 1.36875e-06
0.804 	 1.38718e-06
0.805 	 1.4014e-06
0.806 	 1.41113e-06
0.807 	 1.41612e-06
0.808 	 1.4161e-06
0.809 	 1.41082e-06
0.81 	 1.40003e-06
0.811 	 1.3835e-06
0.812 	 1.361e-06
0.813 	 1.33231e-06
0.814 	 1.29723e-06
0.815 	 1.25557e-06
0.816 	 1.20716e-06
0.817 	 1.15183e-06
0.818 	 1.08945e-06
0.819 	 1.0199e-06
0.82 	 9.43075e-07
0.821 	 8.58901e-07
0.822 	 7.67322e-07
0.823 	 6.68308e-07
0.824 	 5.61857e-07
0.825 	 4.4799e-07
0.826 	 3.26761e-07
0.827 	 1.9825e-07
0.828 	 6.25687e-08
0.829 	 -8.01396e-08
0.83 	 -2.29699e-07
0.831 	 -3.85902e-07
0.832 	 -5.48504e-07
0.833 	 -7.17228e-07
0.834 	 -8.91762e-07
0.835 	 -1.07176e-06
0.836 	 -1.25683e-06
0.837 	 -1.44656e-06
0.838 	 -1.64048e-06
0.839 	 -1.83811e-06
0.84 	 -2.03892e-06
0.841 	 -2.24233e-06
0.842 	 -2.44776e-06
0.843 	 -2.65455e-06
0.844 	 -2.86205e-06
0.845 	 -3.06955e-06
0.846 	 -3.27631e-06
0.847 	 -3.48156e-06
0.848 	 -3.68452e-06
0.849 	 -3.88435e-06
0.85 	 -4.0802e-06
0.851 	 -4.2712e-06
0.852 	 -4.45646e-06
0.853 	 -4.63505e-06
0.854 	 -4.80603e-06
0.855 	 -4.96847e-06
0.856 	 -5.12138e-06
0.857 	 -5.26381e-06
0.858 	 -5.39477e-06
0.859 	 -5.51327e-06
0.86 	 -5.61834e-06
0.861 	 -5.70899e-06
0.862 	 -5.78425e-06
0.863 	 -5.84316e-06
0.864 	 -5.88476e-06
0.865 	 -5.90814e-06
0.866 	 -5.91238e-06
0.867 	 -5.8966e-06
0.868 	 -5.85996e-06
0.869 	 -5.80163e-06
0.87 	 -5.72084e-06
0.871 	 -5.61686e-06
0.872 	 -5.48901e-06
0.873 	 -5.33665e-06
0.874 	 -5.15922e-06
0.875 	 -4.95619e-06
0.876 	 -4.72713e-06
0.877 	 -4.47164e-06
0.878 	 -4.18944e-06
0.879 	 -3.88029e-06
0.88 	 -3.54406e-06
0.881 	 -3.18068e-06
0.882 	 -2.79019e-06
0.883 	 -2.37272e-06
0.884 	 -1.92848e-06
0.885 	 -1.45781e-06
0.886 	 -9.6112e-07
0.887 	 -4.38954e-07
0.888 	 1.0805e-07
0.889 	 6.79143e-07
0.89 	 1.27346e-06
0.891 	 1.89003e-06
0.892 	 2.52775e-06
0.893 	 3.18541e-06
0.894 	 3.8617e-06
0.895 	 4.55516e-06
0.896 	 5.26424e-06
0.897 	 5.98726e-06
0.898 	 6.72243e-06
0.899 	 7.46784e-06
0.9 	 8.22148e-06
0.901 	 8.98121e-06
0.902 	 9.74482e-06
0.903 	 1.05099e-05
0.904 	 1.12742e-05
0.905 	 1.20349e-05
0.906 	 1.27896e-05
0.907 	 1.35355e-05
0.908 	 1.42699e-05
0.909 	 1.49898e-05
0.91 	 1.56923e-05
0.911 	 1.63745e-05
0.912 	 1.70333e-05
0.913 	 1.76656e-05
0.914 	 1.82682e-05
0.915 	 1.8838e-05
0.916 	 1.93719e-05
0.917 	 1.98667e-05
0.918 	 2.03191e-05
0.919 	 2.07261e-05
0.92 	 2.10844e-05
0.921 	 2.1391e-05
0.922 	 2.16428e-05
0.923 	 2.18368e-05
0.924 	 2.197e-05
0.925 	 2.20396e-05
0.926 	 2.20429e-05
0.927 	 2.19771e-05
0.928 	 2.18398e-05
0.929 	 2.16285e-05
0.93 	 2.13409e-05
0.931 	 2.09751e-05
0.932 	 2.0529e-05
0.933 	 2.00008e-05
0.934 	 1.93891e-05
0.935 	 1.86925e-05
0.936 	 1.79098e-05
0.937 	 1.70401e-05
0.938 	 1.60828e-05
0.939 	 1.50374e-05
0.94 	 1.39039e-05
0.941 	 1.26823e-05
0.942 	 1.13731e-05
0.943 	 9.97684e-06
0.944 	 8.49464e-06
0.945 	 6.92778e-06
0.946 	 5.27786e-06
0.947 	 3.54682e-06
0.948 	 1.7369e-06
0.949 	 -1.49302e-07
0.95 	 -2.10888e-06
0.951 	 -4.13859e-06
0.952 	 -6.23483e-06
0.953 	 -8.39371e-06
0.954 	 -1.0611e-05
0.955 	 -1.2882e-05
0.956 	 -1.52019e-05
0.957 	 -1.75654e-05
0.958 	 -1.9967e-05
0.959 	 -2.24008e-05
0.96 	 -2.48606e-05
0.961 	 -2.73399e-05
0.962 	 -2.9832e-05
0.963 	 -3.23298e-05
0.964 	 -3.4826e-05
0.965 	 -3.73131e-05
0.966 	 -3.97832e-05
0.967 	 -4.22284e-05
0.968 	 -4.46404e-05
0.969 	 -4.70108e-05
0.97 	 -4.93311e-05
0.971 	 -5.15926e-05
0.972 	 -5.37865e-05
0.973 	 -5.59038e-05
0.974 	 -5.79355e-05
0.975 	 -5.98727e-05
0.976 	 -6.17063e-05
0.977 	 -6.34271e-05
0.978 	 -6.50263e-05
0.979 	 -6.64948e-05
0.98 	 -6.78237e-05
0.981 	 -6.90044e-05
0.982 	 -7.00283e-05
0.983 	 -7.08868e-05
0.984 	 -7.15719e-05
0.985 	 -7.20755e-05
0.986 	 -7.23901e-05
0.987 	 -7.25081e-05
0.988 	 -7.24227e-05
0.989 	 -7.2127e-05
0.99 	 -7.1615e-05
0.991 	 -7.08806e-05
0.992 	 -6.99187e-05
0.993 	 -6.87243e-05
0.994 	 -6.7293e-05
0.995 	 -6.56211e-05
0.996 	 -6.37055e-05
0.997 	 -6.15434e-05
0.998 	 -5.91329e-05
0.999 	 -5.64727e-05
1.0 	 -5.35623e-05
1.001 	 -5.04017e-05
1.002 	 -4.69916e-05
1.003 	 -4.33338e-05
1.004 	 -3.94305e-05
1.005 	 -3.52847e-05
1.006 	 -3.09006e-05
1.007 	 -2.62826e-05
1.008 	 -2.14364e-05
1.009 	 -1.63683e-05
1.01 	 -1.10855e-05
1.011 	 -5.59602e-06
1.012 	 9.13142e-08
1.013 	 5.9668e-06
1.014 	 1.20199e-05
1.015 	 1.82394e-05
1.016 	 2.4613e-05
1.017 	 3.11279e-05
1.018 	 3.77702e-05
1.019 	 4.45255e-05
1.02 	 5.13786e-05
1.021 	 5.83134e-05
1.022 	 6.53133e-05
1.023 	 7.23609e-05
1.024 	 7.94382e-05
1.025 	 8.65267e-05
1.026 	 9.36071e-05
1.027 	 0.00010066
1.028 	 0.000107665
1.029 	 0.000114601
1.03 	 0.000121448
1.031 	 0.000128183
1.032 	 0.000134786
1.033 	 0.000141235
1.034 	 0.000147507
1.035 	 0.00015358
1.036 	 0.000159431
1.037 	 0.00016504
1.038 	 0.000170382
1.039 	 0.000175437
1.04 	 0.000180181
1.041 	 0.000184594
1.042 	 0.000188655
1.043 	 0.000192341
1.044 	 0.000195633
1.045 	 0.00019851
1.046 	 0.000200954
1.047 	 0.000202945
1.048 	 0.000204466
1.049 	 0.000205499
1.05 	 0.000206028
1.051 	 0.000206038
1.052 	 0.000205514
1.053 	 0.000204443
1.054 	 0.000202814
1.055 	 0.000200614
1.056 	 0.000197835
1.057 	 0.000194468
1.058 	 0.000190506
1.059 	 0.000185943
1.06 	 0.000180777
1.061 	 0.000175003
1.062 	 0.000168622
1.063 	 0.000161633
1.064 	 0.000154039
1.065 	 0.000145845
1.066 	 0.000137055
1.067 	 0.000127677
1.068 	 0.00011772
1.069 	 0.000107196
1.07 	 9.61161e-05
1.071 	 8.44956e-05
1.072 	 7.23506e-05
1.073 	 5.9699e-05
1.074 	 4.65605e-05
1.075 	 3.29567e-05
1.076 	 1.89107e-05
1.077 	 4.44741e-06
1.078 	 -1.04066e-05
1.079 	 -2.56231e-05
1.08 	 -4.11723e-05
1.081 	 -5.7023e-05
1.082 	 -7.31423e-05
1.083 	 -8.94959e-05
1.084 	 -0.000106048
1.085 	 -0.000122763
1.086 	 -0.000139601
1.087 	 -0.000156523
1.088 	 -0.000173489
1.089 	 -0.000190459
1.09 	 -0.000207388
1.091 	 -0.000224235
1.092 	 -0.000240956
1.093 	 -0.000257506
1.094 	 -0.00027384
1.095 	 -0.000289914
1.096 	 -0.000305682
1.097 	 -0.000321097
1.098 	 -0.000336115
1.099 	 -0.00035069
1.1 	 -0.000364776
1.101 	 -0.000378329
1.102 	 -0.000391303
1.103 	 -0.000403655
1.104 	 -0.00041534
1.105 	 -0.000426318
1.106 	 -0.000436545
1.107 	 -0.000445982
1.108 	 -0.000454588
1.109 	 -0.000462327
1.11 	 -0.000469161
1.111 	 -0.000475055
1.112 	 -0.000479977
1.113 	 -0.000483894
1.114 	 -0.000486776
1.115 	 -0.000488597
1.116 	 -0.00048933
1.117 	 -0.000488953
1.118 	 -0.000487444
1.119 	 -0.000484784
1.12 	 -0.000480959
1.121 	 -0.000475953
1.122 	 -0.000469757
1.123 	 -0.000462362
1.124 	 -0.000453763
1.125 	 -0.000443957
1.126 	 -0.000432945
1.127 	 -0.000420731
1.128 	 -0.000407321
1.129 	 -0.000392723
1.13 	 -0.000376951
1.131 	 -0.00036002
1.132 	 -0.000341949
1.133 	 -0.000322759
1.134 	 -0.000302475
1.135 	 -0.000281125
1.136 	 -0.000258739
1.137 	 -0.000235351
1.138 	 -0.000210998
1.139 	 -0.000185719
1.14 	 -0.000159557
1.141 	 -0.000132557
1.142 	 -0.000104766
1.143 	 -7.6235e-05
1.144 	 -4.70169e-05
1.145 	 -1.7167e-05
1.146 	 1.32572e-05
1.147 	 4.41959e-05
1.148 	 7.55873e-05
1.149 	 0.000107368
1.15 	 0.000139471
1.151 	 0.000171831
1.152 	 0.000204379
1.153 	 0.000237044
1.154 	 0.000269755
1.155 	 0.000302441
1.156 	 0.000335027
1.157 	 0.000367441
1.158 	 0.000399608
1.159 	 0.000431454
1.16 	 0.000462903
1.161 	 0.000493883
1.162 	 0.000524317
1.163 	 0.000554132
1.164 	 0.000583256
1.165 	 0.000611615
1.166 	 0.000639139
1.167 	 0.000665757
1.168 	 0.0006914
1.169 	 0.000716001
1.17 	 0.000739495
1.171 	 0.000761818
1.172 	 0.000782909
1.173 	 0.000802709
1.174 	 0.000821161
1.175 	 0.00083821
1.176 	 0.000853807
1.177 	 0.000867901
1.178 	 0.000880449
1.179 	 0.000891407
1.18 	 0.000900736
1.181 	 0.000908402
1.182 	 0.000914372
1.183 	 0.000918618
1.184 	 0.000921114
1.185 	 0.000921841
1.186 	 0.000920781
1.187 	 0.00091792
1.188 	 0.00091325
1.189 	 0.000906764
1.19 	 0.000898463
1.191 	 0.000888347
1.192 	 0.000876424
1.193 	 0.000862705
1.194 	 0.000847204
1.195 	 0.00082994
1.196 	 0.000810935
1.197 	 0.000790215
1.198 	 0.00076781
1.199 	 0.000743755
1.2 	 0.000718086
1.201 	 0.000690844
1.202 	 0.000662075
1.203 	 0.000631824
1.204 	 0.000600145
1.205 	 0.000567089
1.206 	 0.000532715
1.207 	 0.000497082
1.208 	 0.000460253
1.209 	 0.000422292
1.21 	 0.000383266
1.211 	 0.000343246
1.212 	 0.000302302
1.213 	 0.000260508
1.214 	 0.000217939
1.215 	 0.000174671
1.216 	 0.000130781
1.217 	 8.63501e-05
1.218 	 4.14564e-05
1.219 	 -3.81914e-06
1.22 	 -4.93954e-05
1.221 	 -9.51909e-05
1.222 	 -0.000141124
1.223 	 -0.000187113
1.224 	 -0.000233076
1.225 	 -0.000278933
1.226 	 -0.000324603
1.227 	 -0.000370005
1.228 	 -0.000415061
1.229 	 -0.000459694
1.23 	 -0.000503826
1.231 	 -0.000547381
1.232 	 -0.000590288
1.233 	 -0.000632473
1.234 	 -0.000673865
1.235 	 -0.000714398
1.236 	 -0.000754005
1.237 	 -0.000792622
1.238 	 -0.000830187
1.239 	 -0.000866641
1.24 	 -0.000901928
1.241 	 -0.000935994
1.242 	 -0.000968789
1.243 	 -0.00100026
1.244 	 -0.00103037
1.245 	 -0.00105907
1.246 	 -0.00108632
1.247 	 -0.00111209
1.248 	 -0.00113634
1.249 	 -0.00115905
1.25 	 -0.00118018
1.251 	 -0.00119971
1.252 	 -0.00121762
1.253 	 -0.0012339
1.254 	 -0.00124853
1.255 	 -0.0012615
1.256 	 -0.00127279
1.257 	 -0.00128241
1.258 	 -0.00129035
1.259 	 -0.00129662
1.26 	 -0.00130121
1.261 	 -0.00130414
1.262 	 -0.0013054
1.263 	 -0.00130502
1.264 	 -0.00130301
1.265 	 -0.00129938
1.266 	 -0.00129415
1.267 	 -0.00128733
1.268 	 -0.00127897
1.269 	 -0.00126907
1.27 	 -0.00125766
1.271 	 -0.00124477
1.272 	 -0.00123044
1.273 	 -0.00121468
1.274 	 -0.00119753
1.275 	 -0.00117902
1.276 	 -0.00115919
1.277 	 -0.00113806
1.278 	 -0.00111567
1.279 	 -0.00109206
1.28 	 -0.00106725
1.281 	 -0.00104128
1.282 	 -0.00101419
1.283 	 -0.000986013
1.284 	 -0.000956772
1.285 	 -0.000926504
1.286 	 -0.00089524
1.287 	 -0.000863011
1.288 	 -0.000829847
1.289 	 -0.000795777
1.29 	 -0.000760827
1.291 	 -0.000725025
1.292 	 -0.000688395
1.293 	 -0.000650962
1.294 	 -0.000612747
1.295 	 -0.000573773
1.296 	 -0.000534058
1.297 	 -0.000493622
1.298 	 -0.000452482
1.299 	 -0.000410654
1.3 	 -0.000368153
1.301 	 -0.000324992
1.302 	 -0.000281183
1.303 	 -0.00023674
1.304 	 -0.000191672
1.305 	 -0.000145989
1.306 	 -9.97015e-05
1.307 	 -5.28179e-05
1.308 	 -5.34697e-06
1.309 	 4.27026e-05
1.31 	 9.13221e-05
1.311 	 0.000140503
1.312 	 0.000190235
1.313 	 0.000240509
1.314 	 0.000291314
1.315 	 0.000342638
1.316 	 0.000394468
1.317 	 0.00044679
1.318 	 0.000499586
1.319 	 0.00055284
1.32 	 0.00060653
1.321 	 0.000660634
1.322 	 0.000715128
1.323 	 0.000769983
1.324 	 0.000825169
1.325 	 0.000880653
1.326 	 0.000936397
1.327 	 0.000992361
1.328 	 0.0010485
1.329 	 0.00110478
1.33 	 0.00116113
1.331 	 0.0012175
1.332 	 0.00127385
1.333 	 0.00133009
1.334 	 0.00138618
1.335 	 0.00144204
1.336 	 0.00149759
1.337 	 0.00155276
1.338 	 0.00160746
1.339 	 0.00166162
1.34 	 0.00171514
1.341 	 0.00176793
1.342 	 0.0018199
1.343 	 0.00187095
1.344 	 0.00192097
1.345 	 0.00196986
1.346 	 0.00201752
1.347 	 0.00206384
1.348 	 0.0021087
1.349 	 0.00215199
1.35 	 0.00219359
1.351 	 0.0022334
1.352 	 0.0022713
1.353 	 0.00230716
1.354 	 0.00234086
1.355 	 0.0023723
1.356 	 0.00240135
1.357 	 0.0024279
1.358 	 0.00245183
1.359 	 0.00247302
1.36 	 0.00249137
1.361 	 0.00250675
1.362 	 0.00251907
1.363 	 0.00252822
1.364 	 0.00253409
1.365 	 0.00253658
1.366 	 0.00253561
1.367 	 0.00253107
1.368 	 0.00252289
1.369 	 0.00251097
1.37 	 0.00249525
1.371 	 0.00247564
1.372 	 0.00245209
1.373 	 0.00242453
1.374 	 0.00239292
1.375 	 0.00235719
1.376 	 0.00231731
1.377 	 0.00227325
1.378 	 0.00222498
1.379 	 0.00217249
1.38 	 0.00211575
1.381 	 0.00205476
1.382 	 0.00198954
1.383 	 0.00192009
1.384 	 0.00184643
1.385 	 0.00176859
1.386 	 0.00168662
1.387 	 0.00160055
1.388 	 0.00151045
1.389 	 0.00141638
1.39 	 0.00131841
1.391 	 0.00121663
1.392 	 0.00111113
1.393 	 0.00100201
1.394 	 0.000889388
1.395 	 0.000773382
1.396 	 0.000654122
1.397 	 0.000531749
1.398 	 0.000406414
1.399 	 0.000278273
1.4 	 0.000147497
1.401 	 1.42616e-05
1.402 	 -0.000121246
1.403 	 -0.00025883
1.404 	 -0.000398287
1.405 	 -0.000539403
1.406 	 -0.000681959
1.407 	 -0.000825725
1.408 	 -0.000970464
1.409 	 -0.00111593
1.41 	 -0.00126188
1.411 	 -0.00140804
1.412 	 -0.00155417
1.413 	 -0.00169997
1.414 	 -0.00184519
1.415 	 -0.00198954
1.416 	 -0.00213273
1.417 	 -0.00227448
1.418 	 -0.0024145
1.419 	 -0.00255249
1.42 	 -0.00268816
1.421 	 -0.00282122
1.422 	 -0.00295136
1.423 	 -0.00307829
1.424 	 -0.00320172
1.425 	 -0.00332136
1.426 	 -0.00343691
1.427 	 -0.0035481
1.428 	 -0.00365463
1.429 	 -0.00375625
1.43 	 -0.00385268
1.431 	 -0.00394365
1.432 	 -0.00402893
1.433 	 -0.00410827
1.434 	 -0.00418142
1.435 	 -0.00424819
1.436 	 -0.00430834
1.437 	 -0.0043617
1.438 	 -0.00440807
1.439 	 -0.00444728
1.44 	 -0.00447919
1.441 	 -0.00450366
1.442 	 -0.00452056
1.443 	 -0.00452978
1.444 	 -0.00453125
1.445 	 -0.0045249
1.446 	 -0.00451067
1.447 	 -0.00448853
1.448 	 -0.00445847
1.449 	 -0.0044205
1.45 	 -0.00437464
1.451 	 -0.00432094
1.452 	 -0.00425947
1.453 	 -0.00419031
1.454 	 -0.00411357
1.455 	 -0.00402937
1.456 	 -0.00393786
1.457 	 -0.0038392
1.458 	 -0.00373356
1.459 	 -0.00362115
1.46 	 -0.00350218
1.461 	 -0.00337689
1.462 	 -0.00324552
1.463 	 -0.00310833
1.464 	 -0.00296561
1.465 	 -0.00281764
1.466 	 -0.00266473
1.467 	 -0.0025072
1.468 	 -0.00234536
1.469 	 -0.00217955
1.47 	 -0.00201013
1.471 	 -0.00183743
1.472 	 -0.00166182
1.473 	 -0.00148365
1.474 	 -0.00130331
1.475 	 -0.00112115
1.476 	 -0.000937553
1.477 	 -0.000752888
1.478 	 -0.000567528
1.479 	 -0.000381846
1.48 	 -0.000196211
1.481 	 -1.09897e-05
1.482 	 0.000173456
1.483 	 0.000356768
1.484 	 0.000538596
1.485 	 0.000718596
1.486 	 0.00089643
1.487 	 0.00107177
1.488 	 0.0012443
1.489 	 0.0014137
1.49 	 0.00157968
1.491 	 0.00174195
1.492 	 0.00190023
1.493 	 0.00205425
1.494 	 0.00220376
1.495 	 0.00234852
1.496 	 0.0024883
1.497 	 0.00262287
1.498 	 0.00275205
1.499 	 0.00287563
1.5 	 0.00299345
1.501 	 0.00310532
1.502 	 0.00321111
1.503 	 0.00331068
1.504 	 0.00340389
1.505 	 0.00349065
1.506 	 0.00357084
1.507 	 0.00364439
1.508 	 0.00371122
1.509 	 0.00377127
1.51 	 0.00382449
1.511 	 0.00387085
1.512 	 0.00391033
1.513 	 0.0039429
1.514 	 0.00396859
1.515 	 0.00398738
1.516 	 0.00399932
1.517 	 0.00400444
1.518 	 0.00400279
1.519 	 0.00399442
1.52 	 0.00397941
1.521 	 0.00395783
1.522 	 0.00392979
1.523 	 0.00389538
1.524 	 0.00385472
1.525 	 0.00380794
1.526 	 0.00375516
1.527 	 0.00369655
1.528 	 0.00363225
1.529 	 0.00356243
1.53 	 0.00348727
1.531 	 0.00340696
1.532 	 0.00332169
1.533 	 0.00323168
1.534 	 0.00313713
1.535 	 0.00303827
1.536 	 0.00293534
1.537 	 0.00282857
1.538 	 0.00271821
1.539 	 0.00260452
1.54 	 0.00248777
1.541 	 0.00236822
1.542 	 0.00224614
1.543 	 0.00212182
1.544 	 0.00199554
1.545 	 0.00186759
1.546 	 0.00173825
1.547 	 0.00160782
1.548 	 0.0014766
1.549 	 0.00134486
1.55 	 0.00121291
1.551 	 0.00108103
1.552 	 0.000949521
1.553 	 0.000818652
1.554 	 0.000688706
1.555 	 0.000559956
1.556 	 0.000432667
1.557 	 0.000307097
1.558 	 0.000183493
1.559 	 6.2095e-05
1.56 	 -5.68699e-05
1.561 	 -0.000173186
1.562 	 -0.00028665
1.563 	 -0.000397071
1.564 	 -0.000504276
1.565 	 -0.000608103
1.566 	 -0.000708406
1.567 	 -0.000805058
1.568 	 -0.000897945
1.569 	 -0.000986972
1.57 	 -0.00107206
1.571 	 -0.00115315
1.572 	 -0.00123019
1.573 	 -0.00130316
1.574 	 -0.00137205
1.575 	 -0.00143686
1.576 	 -0.00149762
1.577 	 -0.00155436
1.578 	 -0.00160715
1.579 	 -0.00165604
1.58 	 -0.00170111
1.581 	 -0.00174247
1.582 	 -0.00178021
1.583 	 -0.00181446
1.584 	 -0.00184533
1.585 	 -0.00187296
1.586 	 -0.00189749
1.587 	 -0.00191907
1.588 	 -0.00193783
1.589 	 -0.00195393
1.59 	 -0.00196752
1.591 	 -0.00197875
1.592 	 -0.00198777
1.593 	 -0.00199472
1.594 	 -0.00199975
1.595 	 -0.00200297
1.596 	 -0.00200452
1.597 	 -0.00200451
1.598 	 -0.00200304
1.599 	 -0.0020002
1.6 	 -0.00199609
1.601 	 -0.00199075
1.602 	 -0.00198424
1.603 	 -0.00197661
1.604 	 -0.00196786
1.605 	 -0.001958
1.606 	 -0.00194701
1.607 	 -0.00193488
1.608 	 -0.00192155
1.609 	 -0.00190696
1.61 	 -0.00189102
1.611 	 -0.00187366
1.612 	 -0.00185475
1.613 	 -0.00183417
1.614 	 -0.00181179
1.615 	 -0.00178745
1.616 	 -0.00176099
1.617 	 -0.00173224
1.618 	 -0.00170103
1.619 	 -0.00166715
1.62 	 -0.00163043
1.621 	 -0.00159067
1.622 	 -0.00154766
1.623 	 -0.00150122
1.624 	 -0.00145113
1.625 	 -0.00139722
1.626 	 -0.00133929
1.627 	 -0.00127715
1.628 	 -0.00121065
1.629 	 -0.00113962
1.63 	 -0.00106391
1.631 	 -0.000983389
1.632 	 -0.000897941
1.633 	 -0.000807466
1.634 	 -0.000711884
1.635 	 -0.000611138
1.636 	 -0.000505188
1.637 	 -0.000394022
1.638 	 -0.000277649
1.639 	 -0.000156104
1.64 	 -2.94454e-05
1.641 	 0.000102239
1.642 	 0.000238839
1.643 	 0.000380213
1.644 	 0.000526197
1.645 	 0.0006766
1.646 	 0.000831202
1.647 	 0.00098976
1.648 	 0.00115201
1.649 	 0.00131765
1.65 	 0.00148636
1.651 	 0.00165782
1.652 	 0.00183166
1.653 	 0.00200749
1.654 	 0.00218493
1.655 	 0.00236355
1.656 	 0.00254293
1.657 	 0.00272262
1.658 	 0.00290217
1.659 	 0.00308111
1.66 	 0.00325896
1.661 	 0.00343525
1.662 	 0.0036095
1.663 	 0.00378121
1.664 	 0.00394989
1.665 	 0.00411507
1.666 	 0.00427625
1.667 	 0.00443296
1.668 	 0.00458472
1.669 	 0.00473107
1.67 	 0.00487155
1.671 	 0.00500572
1.672 	 0.00513314
1.673 	 0.0052534
1.674 	 0.00536608
1.675 	 0.00547081
1.676 	 0.00556721
1.677 	 0.00565493
1.678 	 0.00573362
1.679 	 0.00580298
1.68 	 0.0058627
1.681 	 0.00591251
1.682 	 0.00595214
1.683 	 0.00598137
1.684 	 0.00599997
1.685 	 0.00600775
1.686 	 0.00600453
1.687 	 0.00599016
1.688 	 0.0059645
1.689 	 0.00592744
1.69 	 0.00587889
1.691 	 0.00581876
1.692 	 0.005747
1.693 	 0.00566358
1.694 	 0.00556848
1.695 	 0.0054617
1.696 	 0.00534326
1.697 	 0.00521319
1.698 	 0.00507156
1.699 	 0.00491843
1.7 	 0.0047539
1.701 	 0.00457806
1.702 	 0.00439105
1.703 	 0.004193
1.704 	 0.00398407
1.705 	 0.00376443
1.706 	 0.00353428
1.707 	 0.00329382
1.708 	 0.00304328
1.709 	 0.0027829
1.71 	 0.00251294
1.711 	 0.00223367
1.712 	 0.00194538
1.713 	 0.0016484
1.714 	 0.00134305
1.715 	 0.00102967
1.716 	 0.000708643
1.717 	 0.000380344
1.718 	 4.5179e-05
1.719 	 -0.000296428
1.72 	 -0.000644036
1.721 	 -0.000997184
1.722 	 -0.00135539
1.723 	 -0.00171817
1.724 	 -0.00208499
1.725 	 -0.00245532
1.726 	 -0.00282862
1.727 	 -0.00320431
1.728 	 -0.00358182
1.729 	 -0.00396054
1.73 	 -0.00433987
1.731 	 -0.00471917
1.732 	 -0.00509781
1.733 	 -0.00547515
1.734 	 -0.00585053
1.735 	 -0.00622328
1.736 	 -0.00659274
1.737 	 -0.00695823
1.738 	 -0.00731909
1.739 	 -0.00767464
1.74 	 -0.00802422
1.741 	 -0.00836715
1.742 	 -0.00870278
1.743 	 -0.00903046
1.744 	 -0.00934956
1.745 	 -0.00965945
1.746 	 -0.00995954
1.747 	 -0.0102492
1.748 	 -0.010528
1.749 	 -0.0107952
1.75 	 -0.0110505
1.751 	 -0.0112932
1.752 	 -0.011523
1.753 	 -0.0117395
1.754 	 -0.0119422
1.755 	 -0.0121308
1.756 	 -0.0123049
1.757 	 -0.0124644
1.758 	 -0.012609
1.759 	 -0.0127385
1.76 	 -0.0128527
1.761 	 -0.0129515
1.762 	 -0.0130349
1.763 	 -0.0131028
1.764 	 -0.0131553
1.765 	 -0.0131923
1.766 	 -0.0132141
1.767 	 -0.0132207
1.768 	 -0.0132124
1.769 	 -0.0131892
1.77 	 -0.0131515
1.771 	 -0.0130996
1.772 	 -0.0130337
1.773 	 -0.0129542
1.774 	 -0.0128614
1.775 	 -0.0127557
1.776 	 -0.0126375
1.777 	 -0.0125072
1.778 	 -0.0123652
1.779 	 -0.012212
1.78 	 -0.0120479
1.781 	 -0.0118734
1.782 	 -0.0116889
1.783 	 -0.0114948
1.784 	 -0.0112915
1.785 	 -0.0110793
1.786 	 -0.0108587
1.787 	 -0.0106299
1.788 	 -0.0103933
1.789 	 -0.0101491
1.79 	 -0.00989758
1.791 	 -0.00963889
1.792 	 -0.0093732
1.793 	 -0.00910063
1.794 	 -0.00882122
1.795 	 -0.00853499
1.796 	 -0.00824191
1.797 	 -0.00794188
1.798 	 -0.00763476
1.799 	 -0.00732035
1.8 	 -0.0069984
1.801 	 -0.00666861
1.802 	 -0.00633062
1.803 	 -0.00598402
1.804 	 -0.00562835
1.805 	 -0.0052631
1.806 	 -0.00488771
1.807 	 -0.0045016
1.808 	 -0.0041041
1.809 	 -0.00369457
1.81 	 -0.00327227
1.811 	 -0.00283647
1.812 	 -0.00238643
1.813 	 -0.00192134
1.814 	 -0.00144044
1.815 	 -0.000942906
1.816 	 -0.000427951
1.817 	 0.000105218
1.818 	 0.000657384
1.819 	 0.00122931
1.82 	 0.00182172
1.821 	 0.00243532
1.822 	 0.00307077
1.823 	 0.00372868
1.824 	 0.0044096
1.825 	 0.00511401
1.826 	 0.00584234
1.827 	 0.00659492
1.828 	 0.007372
1.829 	 0.00817373
1.83 	 0.00900017
1.831 	 0.00985126
1.832 	 0.0107268
1.833 	 0.0116266
1.834 	 0.0125501
1.835 	 0.0134969
1.836 	 0.0144662
1.837 	 0.0154572
1.838 	 0.0164688
1.839 	 0.0175001
1.84 	 0.0185496
1.841 	 0.019616
1.842 	 0.0206976
1.843 	 0.0217927
1.844 	 0.0228993
1.845 	 0.0240153
1.846 	 0.0251385
1.847 	 0.0262664
1.848 	 0.0273964
1.849 	 0.0285259
1.85 	 0.0296518
1.851 	 0.0307712
1.852 	 0.0318809
1.853 	 0.0329774
1.854 	 0.0340574
1.855 	 0.0351172
1.856 	 0.0361531
1.857 	 0.0371612
1.858 	 0.0381377
1.859 	 0.0390783
1.86 	 0.0399791
1.861 	 0.0408358
1.862 	 0.0416441
1.863 	 0.0423997
1.864 	 0.0430983
1.865 	 0.0437353
1.866 	 0.0443066
1.867 	 0.0448075
1.868 	 0.0452338
1.869 	 0.0455811
1.87 	 0.0458451
1.871 	 0.0460215
1.872 	 0.0461061
1.873 	 0.0460949
1.874 	 0.0459838
1.875 	 0.0457691
1.876 	 0.045447
1.877 	 0.045014
1.878 	 0.0444667
1.879 	 0.043802
1.88 	 0.0430167
1.881 	 0.0421083
1.882 	 0.0410742
1.883 	 0.0399121
1.884 	 0.0386202
1.885 	 0.0371965
1.886 	 0.0356399
1.887 	 0.0339492
1.888 	 0.0321237
1.889 	 0.030163
1.89 	 0.028067
1.891 	 0.025836
1.892 	 0.0234709
1.893 	 0.0209726
1.894 	 0.0183427
1.895 	 0.015583
1.896 	 0.0126959
1.897 	 0.0096842
1.898 	 0.00655095
1.899 	 0.0032998
1.9 	 -6.5218e-05
1.901 	 -0.00353962
1.902 	 -0.00711849
1.903 	 -0.0107965
1.904 	 -0.0145678
1.905 	 -0.0184261
1.906 	 -0.0223649
1.907 	 -0.026377
1.908 	 -0.0304549
1.909 	 -0.0345906
1.91 	 -0.0387759
1.911 	 -0.0430019
1.912 	 -0.0472596
1.913 	 -0.0515395
1.914 	 -0.0558318
1.915 	 -0.0601262
1.916 	 -0.0644123
1.917 	 -0.0686793
1.918 	 -0.0729161
1.919 	 -0.0771113
1.92 	 -0.0812534
1.921 	 -0.0853306
1.922 	 -0.0893308
1.923 	 -0.093242
1.924 	 -0.0970518
1.925 	 -0.100748
1.926 	 -0.104318
1.927 	 -0.107749
1.928 	 -0.111029
1.929 	 -0.114146
1.93 	 -0.117086
1.931 	 -0.119838
1.932 	 -0.122389
1.933 	 -0.124727
1.934 	 -0.126841
1.935 	 -0.128718
1.936 	 -0.130348
1.937 	 -0.13172
1.938 	 -0.132822
1.939 	 -0.133644
1.94 	 -0.134177
1.941 	 -0.134411
1.942 	 -0.134337
1.943 	 -0.133947
1.944 	 -0.133233
1.945 	 -0.132187
1.946 	 -0.130804
1.947 	 -0.129077
1.948 	 -0.127001
1.949 	 -0.124572
1.95 	 -0.121786
1.951 	 -0.11864
1.952 	 -0.115133
1.953 	 -0.111262
1.954 	 -0.107028
1.955 	 -0.102432
1.956 	 -0.0974745
1.957 	 -0.0921588
1.958 	 -0.0864881
1.959 	 -0.0804669
1.96 	 -0.0741007
1.961 	 -0.067396
1.962 	 -0.0603604
1.963 	 -0.0530022
1.964 	 -0.045331
1.965 	 -0.0373575
1.966 	 -0.0290932
1.967 	 -0.0205506
1.968 	 -0.0117434
1.969 	 -0.00268621
1.97 	 0.00660549
1.971 	 0.0161151
1.972 	 0.0258253
1.973 	 0.0357175
1.974 	 0.0457726
1.975 	 0.0559705
1.976 	 0.0662901
1.977 	 0.0767098
1.978 	 0.0872071
1.979 	 0.0977589
1.98 	 0.108341
1.981 	 0.11893
1.982 	 0.129499
1.983 	 0.140025
1.984 	 0.15048
1.985 	 0.160838
1.986 	 0.171073
1.987 	 0.181158
1.988 	 0.191065
1.989 	 0.200767
1.99 	 0.210238
1.991 	 0.219448
1.992 	 0.228373
1.993 	 0.236983
1.994 	 0.245252
1.995 	 0.253154
1.996 	 0.260663
1.997 	 0.267752
1.998 	 0.274396
1.999 	 0.280571
2.0 	 0.286253
2.001 	 0.291417
2.002 	 0.296043
2.003 	 0.300108
2.004 	 0.303592
2.005 	 0.306475
2.006 	 0.308739
2.007 	 0.310367
2.008 	 0.311343
2.009 	 0.311651
2.01 	 0.311279
2.011 	 0.310214
2.012 	 0.308447
2.013 	 0.305969
2.014 	 0.302771
2.015 	 0.298849
2.016 	 0.294198
2.017 	 0.288817
2.018 	 0.282704
2.019 	 0.27586
2.02 	 0.268289
2.021 	 0.259996
2.022 	 0.250986
2.023 	 0.241269
2.024 	 0.230855
2.025 	 0.219756
2.026 	 0.207986
2.027 	 0.19556
2.028 	 0.182497
2.029 	 0.168816
2.03 	 0.154537
2.031 	 0.139685
2.032 	 0.124283
2.033 	 0.108358
2.034 	 0.0919375
2.035 	 0.0750519
2.036 	 0.0577319
2.037 	 0.04001
2.038 	 0.0219203
2.039 	 0.00349796
2.04 	 -0.0152203
2.041 	 -0.0341968
2.042 	 -0.0533927
2.043 	 -0.0727679
2.044 	 -0.0922816
2.045 	 -0.111892
2.046 	 -0.131557
2.047 	 -0.151233
2.048 	 -0.170877
2.049 	 -0.190443
2.05 	 -0.209889
2.051 	 -0.229169
2.052 	 -0.248237
2.053 	 -0.26705
2.054 	 -0.285563
2.055 	 -0.30373
2.056 	 -0.321507
2.057 	 -0.338851
2.058 	 -0.355717
2.059 	 -0.372064
2.06 	 -0.387849
2.061 	 -0.403031
2.062 	 -0.41757
2.063 	 -0.431427
2.064 	 -0.444564
2.065 	 -0.456944
2.066 	 -0.468532
2.067 	 -0.479294
2.068 	 -0.489199
2.069 	 -0.498216
2.07 	 -0.506316
2.071 	 -0.513472
2.072 	 -0.519659
2.073 	 -0.524856
2.074 	 -0.52904
2.075 	 -0.532194
2.076 	 -0.5343
2.077 	 -0.535346
2.078 	 -0.535318
2.079 	 -0.534209
2.08 	 -0.53201
2.081 	 -0.528717
2.082 	 -0.524329
2.083 	 -0.518845
2.084 	 -0.512268
2.085 	 -0.504605
2.086 	 -0.495863
2.087 	 -0.486053
2.088 	 -0.475188
2.089 	 -0.463284
2.09 	 -0.450358
2.091 	 -0.436431
2.092 	 -0.421527
2.093 	 -0.40567
2.094 	 -0.388888
2.095 	 -0.371212
2.096 	 -0.352674
2.097 	 -0.333307
2.098 	 -0.313149
2.099 	 -0.292238
2.1 	 -0.270614
2.101 	 -0.24832
2.102 	 -0.225399
2.103 	 -0.201898
2.104 	 -0.177863
2.105 	 -0.153344
2.106 	 -0.12839
2.107 	 -0.103051
2.108 	 -0.0773822
2.109 	 -0.0514348
2.11 	 -0.0252634
2.111 	 0.00107696
2.112 	 0.027531
2.113 	 0.0540427
2.114 	 0.0805558
2.115 	 0.107014
2.116 	 0.133361
2.117 	 0.15954
2.118 	 0.185494
2.119 	 0.211169
2.12 	 0.236508
2.121 	 0.261458
2.122 	 0.285963
2.123 	 0.309971
2.124 	 0.33343
2.125 	 0.356289
2.126 	 0.378498
2.127 	 0.40001
2.128 	 0.420776
2.129 	 0.440753
2.13 	 0.459896
2.131 	 0.478165
2.132 	 0.49552
2.133 	 0.511923
2.134 	 0.52734
2.135 	 0.541736
2.136 	 0.555082
2.137 	 0.567349
2.138 	 0.578512
2.139 	 0.588546
2.14 	 0.597432
2.141 	 0.605152
2.142 	 0.611689
2.143 	 0.617031
2.144 	 0.62117
2.145 	 0.624096
2.146 	 0.625807
2.147 	 0.626301
2.148 	 0.62558
2.149 	 0.623647
2.15 	 0.620509
2.151 	 0.616177
2.152 	 0.610663
2.153 	 0.603983
2.154 	 0.596153
2.155 	 0.587196
2.156 	 0.577133
2.157 	 0.565991
2.158 	 0.553798
2.159 	 0.540585
2.16 	 0.526383
2.161 	 0.511229
2.162 	 0.495159
2.163 	 0.478212
2.164 	 0.460429
2.165 	 0.441854
2.166 	 0.422529
2.167 	 0.402503
2.168 	 0.381821
2.169 	 0.360533
2.17 	 0.338689
2.171 	 0.316339
2.172 	 0.293536
2.173 	 0.270333
2.174 	 0.246781
2.175 	 0.222937
2.176 	 0.198852
2.177 	 0.174583
2.178 	 0.150183
2.179 	 0.125707
2.18 	 0.101209
2.181 	 0.0767429
2.182 	 0.052362
2.183 	 0.028119
2.184 	 0.00406596
2.185 	 -0.019746
2.186 	 -0.043267
2.187 	 -0.0664478
2.188 	 -0.089241
2.189 	 -0.1116
2.19 	 -0.133481
2.191 	 -0.154839
2.192 	 -0.175634
2.193 	 -0.195827
2.194 	 -0.215378
2.195 	 -0.234252
2.196 	 -0.252417
2.197 	 -0.269839
2.198 	 -0.28649
2.199 	 -0.302342
2.2 	 -0.317372
2.201 	 -0.331555
2.202 	 -0.344873
2.203 	 -0.357308
2.204 	 -0.368844
2.205 	 -0.379469
2.206 	 -0.389173
2.207 	 -0.397947
2.208 	 -0.405788
2.209 	 -0.412692
2.21 	 -0.418659
2.211 	 -0.423691
2.212 	 -0.427793
2.213 	 -0.430971
2.214 	 -0.433236
2.215 	 -0.434597
2.216 	 -0.43507
2.217 	 -0.43467
2.218 	 -0.433415
2.219 	 -0.431325
2.22 	 -0.428421
2.221 	 -0.424728
2.222 	 -0.42027
2.223 	 -0.415074
2.224 	 -0.40917
2.225 	 -0.402586
2.226 	 -0.395355
2.227 	 -0.387508
2.228 	 -0.379079
2.229 	 -0.370103
2.23 	 -0.360615
2.231 	 -0.350651
2.232 	 -0.340247
2.233 	 -0.329442
2.234 	 -0.318272
2.235 	 -0.306776
2.236 	 -0.294991
2.237 	 -0.282956
2.238 	 -0.270708
2.239 	 -0.258285
2.24 	 -0.245724
2.241 	 -0.233063
2.242 	 -0.220338
2.243 	 -0.207584
2.244 	 -0.194837
2.245 	 -0.182131
2.246 	 -0.169498
2.247 	 -0.156971
2.248 	 -0.144582
2.249 	 -0.132359
2.25 	 -0.120331
2.251 	 -0.108527
2.252 	 -0.0969703
2.253 	 -0.0856866
2.254 	 -0.0746984
2.255 	 -0.0640267
2.256 	 -0.0536914
2.257 	 -0.0437102
2.258 	 -0.0340994
2.259 	 -0.0248735
2.26 	 -0.0160455
2.261 	 -0.00762628
2.262 	 0.000374725
2.263 	 0.00794993
2.264 	 0.0150935
2.265 	 0.0218012
2.266 	 0.0280706
2.267 	 0.0339009
2.268 	 0.0392931
2.269 	 0.0442495
2.27 	 0.0487743
2.271 	 0.0528729
2.272 	 0.0565524
2.273 	 0.0598213
2.274 	 0.0626894
2.275 	 0.0651677
2.276 	 0.0672687
2.277 	 0.0690058
2.278 	 0.0703935
2.279 	 0.0714474
2.28 	 0.072184
2.281 	 0.0726207
2.282 	 0.0727756
2.283 	 0.0726674
2.284 	 0.0723154
2.285 	 0.0717396
2.286 	 0.0709602
2.287 	 0.0699977
2.288 	 0.0688731
2.289 	 0.0676072
2.29 	 0.0662211
2.291 	 0.0647358
2.292 	 0.0631721
2.293 	 0.0615507
2.294 	 0.059892
2.295 	 0.0582161
2.296 	 0.0565425
2.297 	 0.0548902
2.298 	 0.0532779
2.299 	 0.0517232
2.3 	 0.0502433
2.301 	 0.0488545
2.302 	 0.0475723
2.303 	 0.0464112
2.304 	 0.045385
2.305 	 0.0445061
2.306 	 0.0437863
2.307 	 0.043236
2.308 	 0.0428647
2.309 	 0.0426806
2.31 	 0.042691
2.311 	 0.0429016
2.312 	 0.0433174
2.313 	 0.0439418
2.314 	 0.0447773
2.315 	 0.0458249
2.316 	 0.0470848
2.317 	 0.0485556
2.318 	 0.050235
2.319 	 0.0521195
2.32 	 0.0542044
2.321 	 0.0564838
2.322 	 0.0589511
2.323 	 0.0615983
2.324 	 0.0644165
2.325 	 0.067396
2.326 	 0.070526
2.327 	 0.073795
2.328 	 0.0771906
2.329 	 0.0806996
2.33 	 0.0843083
2.331 	 0.0880022
2.332 	 0.0917663
2.333 	 0.0955852
2.334 	 0.0994428
2.335 	 0.103323
2.336 	 0.107209
2.337 	 0.111084
2.338 	 0.114931
2.339 	 0.118733
2.34 	 0.122472
2.341 	 0.126133
2.342 	 0.129697
2.343 	 0.133148
2.344 	 0.136469
2.345 	 0.139645
2.346 	 0.14266
2.347 	 0.145497
2.348 	 0.148143
2.349 	 0.150582
2.35 	 0.152802
2.351 	 0.154789
2.352 	 0.15653
2.353 	 0.158016
2.354 	 0.159234
2.355 	 0.160174
2.356 	 0.160829
2.357 	 0.16119
2.358 	 0.16125
2.359 	 0.161003
2.36 	 0.160444
2.361 	 0.159569
2.362 	 0.158376
2.363 	 0.156861
2.364 	 0.155026
2.365 	 0.152869
2.366 	 0.150393
2.367 	 0.1476
2.368 	 0.144493
2.369 	 0.141078
2.37 	 0.13736
2.371 	 0.133345
2.372 	 0.129042
2.373 	 0.12446
2.374 	 0.119607
2.375 	 0.114495
2.376 	 0.109135
2.377 	 0.10354
2.378 	 0.0977229
2.379 	 0.0916972
2.38 	 0.0854779
2.381 	 0.0790804
2.382 	 0.0725204
2.383 	 0.0658146
2.384 	 0.0589799
2.385 	 0.0520338
2.386 	 0.0449941
2.387 	 0.0378789
2.388 	 0.0307068
2.389 	 0.0234962
2.39 	 0.0162659
2.391 	 0.00903483
2.392 	 0.00182172
2.393 	 -0.00535464
2.394 	 -0.0124756
2.395 	 -0.0195227
2.396 	 -0.0264776
2.397 	 -0.0333225
2.398 	 -0.0400399
2.399 	 -0.0466125
2.4 	 -0.0530238
2.401 	 -0.0592575
2.402 	 -0.0652983
2.403 	 -0.0711312
2.404 	 -0.076742
2.405 	 -0.0821174
2.406 	 -0.0872445
2.407 	 -0.0921116
2.408 	 -0.0967077
2.409 	 -0.101023
2.41 	 -0.105047
2.411 	 -0.108774
2.412 	 -0.112194
2.413 	 -0.115303
2.414 	 -0.118095
2.415 	 -0.120565
2.416 	 -0.122711
2.417 	 -0.12453
2.418 	 -0.126022
2.419 	 -0.127187
2.42 	 -0.128025
2.421 	 -0.128539
2.422 	 -0.128733
2.423 	 -0.128609
2.424 	 -0.128174
2.425 	 -0.127433
2.426 	 -0.126394
2.427 	 -0.125064
2.428 	 -0.123454
2.429 	 -0.121571
2.43 	 -0.119428
2.431 	 -0.117035
2.432 	 -0.114404
2.433 	 -0.111549
2.434 	 -0.108482
2.435 	 -0.105217
2.436 	 -0.10177
2.437 	 -0.0981549
2.438 	 -0.0943873
2.439 	 -0.090483
2.44 	 -0.0864581
2.441 	 -0.0823288
2.442 	 -0.0781117
2.443 	 -0.0738235
2.444 	 -0.0694807
2.445 	 -0.0651001
2.446 	 -0.0606984
2.447 	 -0.056292
2.448 	 -0.0518972
2.449 	 -0.0475302
2.45 	 -0.0432067
2.451 	 -0.0389421
2.452 	 -0.0347515
2.453 	 -0.0306494
2.454 	 -0.0266499
2.455 	 -0.0227664
2.456 	 -0.0190118
2.457 	 -0.0153983
2.458 	 -0.0119375
2.459 	 -0.00864005
2.46 	 -0.005516
2.461 	 -0.00257454
2.462 	 0.000175956
2.463 	 0.00272801
2.464 	 0.00507499
2.465 	 0.00721122
2.466 	 0.00913189
2.467 	 0.0108332
2.468 	 0.0123122
2.469 	 0.0135669
2.47 	 0.0145963
2.471 	 0.0154005
2.472 	 0.0159802
2.473 	 0.0163372
2.474 	 0.0164744
2.475 	 0.0163953
2.476 	 0.0161045
2.477 	 0.0156073
2.478 	 0.01491
2.479 	 0.0140196
2.48 	 0.0129438
2.481 	 0.0116911
2.482 	 0.0102708
2.483 	 0.00869268
2.484 	 0.00696726
2.485 	 0.00510553
2.486 	 0.00311904
2.487 	 0.00101978
2.488 	 -0.00117983
2.489 	 -0.00346702
2.49 	 -0.00582872
2.491 	 -0.00825161
2.492 	 -0.0107222
2.493 	 -0.0132268
2.494 	 -0.0157517
2.495 	 -0.0182832
2.496 	 -0.0208075
2.497 	 -0.0233112
2.498 	 -0.0257806
2.499 	 -0.0282026
2.5 	 -0.0305641
2.501 	 -0.0328526
2.502 	 -0.0350556
2.503 	 -0.0371614
2.504 	 -0.0391584
2.505 	 -0.0410358
2.506 	 -0.0427832
2.507 	 -0.0443909
2.508 	 -0.0458497
2.509 	 -0.0471511
2.51 	 -0.0482875
2.511 	 -0.0492517
2.512 	 -0.0500376
2.513 	 -0.0506397
2.514 	 -0.0510532
2.515 	 -0.0512745
2.516 	 -0.0513003
2.517 	 -0.0511287
2.518 	 -0.0507582
2.519 	 -0.0501884
2.52 	 -0.0494197
2.521 	 -0.0484533
2.522 	 -0.0472913
2.523 	 -0.0459367
2.524 	 -0.0443931
2.525 	 -0.0426651
2.526 	 -0.040758
2.527 	 -0.0386777
2.528 	 -0.0364312
2.529 	 -0.0340257
2.53 	 -0.0314695
2.531 	 -0.0287712
2.532 	 -0.0259402
2.533 	 -0.0229864
2.534 	 -0.01992
2.535 	 -0.0167519
2.536 	 -0.0134933
2.537 	 -0.0101558
2.538 	 -0.00675122
2.539 	 -0.00329171
2.54 	 0.00021039
2.541 	 0.00374259
2.542 	 0.00729229
2.543 	 0.0108469
2.544 	 0.0143937
2.545 	 0.0179201
2.546 	 0.0214138
2.547 	 0.0248624
2.548 	 0.0282537
2.549 	 0.0315761
2.55 	 0.0348179
2.551 	 0.037968
2.552 	 0.0410156
2.553 	 0.0439505
2.554 	 0.0467627
2.555 	 0.049443
2.556 	 0.0519827
2.557 	 0.0543736
2.558 	 0.0566081
2.559 	 0.0586793
2.56 	 0.0605812
2.561 	 0.0623081
2.562 	 0.0638553
2.563 	 0.0652187
2.564 	 0.0663951
2.565 	 0.0673818
2.566 	 0.0681771
2.567 	 0.06878
2.568 	 0.0691902
2.569 	 0.0694082
2.57 	 0.0694352
2.571 	 0.0692733
2.572 	 0.0689252
2.573 	 0.0683943
2.574 	 0.0676847
2.575 	 0.0668012
2.576 	 0.0657493
2.577 	 0.0645351
2.578 	 0.0631651
2.579 	 0.0616466
2.58 	 0.0599874
2.581 	 0.0581956
2.582 	 0.0562799
2.583 	 0.0542493
2.584 	 0.0521133
2.585 	 0.0498817
2.586 	 0.0475644
2.587 	 0.0451718
2.588 	 0.0427143
2.589 	 0.0402024
2.59 	 0.0376469
2.591 	 0.0350585
2.592 	 0.032448
2.593 	 0.029826
2.594 	 0.0272031
2.595 	 0.02459
2.596 	 0.0219968
2.597 	 0.0194336
2.598 	 0.0169104
2.599 	 0.0144365
2.6 	 0.0120214
2.601 	 0.00967364
2.602 	 0.00740182
2.603 	 0.00521388
2.604 	 0.00311736
2.605 	 0.00111927
2.606 	 -0.000773879
2.607 	 -0.00255612
2.608 	 -0.00422205
2.609 	 -0.00576686
2.61 	 -0.00718632
2.611 	 -0.0084768
2.612 	 -0.00963532
2.613 	 -0.0106595
2.614 	 -0.0115476
2.615 	 -0.0122984
2.616 	 -0.0129116
2.617 	 -0.0133871
2.618 	 -0.0137259
2.619 	 -0.0139291
2.62 	 -0.0139988
2.621 	 -0.0139374
2.622 	 -0.013748
2.623 	 -0.0134343
2.624 	 -0.0130004
2.625 	 -0.0124509
2.626 	 -0.011791
2.627 	 -0.0110261
2.628 	 -0.0101622
2.629 	 -0.00920568
2.63 	 -0.00816322
2.631 	 -0.00704184
2.632 	 -0.00584882
2.633 	 -0.00459171
2.634 	 -0.00327825
2.635 	 -0.00191639
2.636 	 -0.00051419
2.637 	 0.000920172
2.638 	 0.00237845
2.639 	 0.00385239
2.64 	 0.00533371
2.641 	 0.0068142
2.642 	 0.00828573
2.643 	 0.00974025
2.644 	 0.0111699
2.645 	 0.012567
2.646 	 0.013924
2.647 	 0.0152337
2.648 	 0.0164892
2.649 	 0.0176837
2.65 	 0.0188109
2.651 	 0.0198648
2.652 	 0.0208398
2.653 	 0.0217307
2.654 	 0.0225326
2.655 	 0.0232411
2.656 	 0.0238523
2.657 	 0.0243627
2.658 	 0.0247693
2.659 	 0.0250694
2.66 	 0.0252611
2.661 	 0.0253427
2.662 	 0.0253131
2.663 	 0.0251717
2.664 	 0.0249183
2.665 	 0.0245533
2.666 	 0.0240775
2.667 	 0.0234922
2.668 	 0.0227991
2.669 	 0.0220003
2.67 	 0.0210985
2.671 	 0.0200967
2.672 	 0.0189983
2.673 	 0.0178071
2.674 	 0.0165272
2.675 	 0.0151632
2.676 	 0.0137198
2.677 	 0.0122022
2.678 	 0.0106157
2.679 	 0.00896599
2.68 	 0.00725885
2.681 	 0.00550034
2.682 	 0.00369667
2.683 	 0.00185418
2.684 	 -2.06428e-05
2.685 	 -0.00192126
2.686 	 -0.00384106
2.687 	 -0.00577338
2.688 	 -0.00771157
2.689 	 -0.00964898
2.69 	 -0.011579
2.691 	 -0.0134951
2.692 	 -0.0153909
2.693 	 -0.0172601
2.694 	 -0.0190963
2.695 	 -0.0208938
2.696 	 -0.0226465
2.697 	 -0.0243488
2.698 	 -0.0259955
2.699 	 -0.0275812
2.7 	 -0.0291011
2.701 	 -0.0305505
2.702 	 -0.0319251
2.703 	 -0.0332207
2.704 	 -0.0344338
2.705 	 -0.0355608
2.706 	 -0.0365986
2.707 	 -0.0375445
2.708 	 -0.0383961
2.709 	 -0.0391512
2.71 	 -0.0398083
2.711 	 -0.0403658
2.712 	 -0.0408228
2.713 	 -0.0411787
2.714 	 -0.0414331
2.715 	 -0.041586
2.716 	 -0.0416379
2.717 	 -0.0415894
2.718 	 -0.0414417
2.719 	 -0.041196
2.72 	 -0.0408541
2.721 	 -0.0404179
2.722 	 -0.0398898
2.723 	 -0.0392723
2.724 	 -0.0385682
2.725 	 -0.0377807
2.726 	 -0.036913
2.727 	 -0.0359688
2.728 	 -0.0349518
2.729 	 -0.033866
2.73 	 -0.0327155
2.731 	 -0.0315047
2.732 	 -0.0302381
2.733 	 -0.0289202
2.734 	 -0.0275558
2.735 	 -0.0261497
2.736 	 -0.0247069
2.737 	 -0.0232322
2.738 	 -0.0217308
2.739 	 -0.0202076
2.74 	 -0.0186678
2.741 	 -0.0171163
2.742 	 -0.0155583
2.743 	 -0.0139987
2.744 	 -0.0124424
2.745 	 -0.0108945
2.746 	 -0.00935962
2.747 	 -0.00784253
2.748 	 -0.00634782
2.749 	 -0.00487996
2.75 	 -0.00344328
2.751 	 -0.00204197
2.752 	 -0.000680047
2.753 	 0.000638648
2.754 	 0.00191045
2.755 	 0.0031319
2.756 	 0.00429974
2.757 	 0.00541091
2.758 	 0.0064626
2.759 	 0.0074522
2.76 	 0.00837736
2.761 	 0.00923596
2.762 	 0.0100261
2.763 	 0.0107462
2.764 	 0.0113949
2.765 	 0.0119711
2.766 	 0.0124739
2.767 	 0.0129027
2.768 	 0.0132572
2.769 	 0.0135374
2.77 	 0.0137434
2.771 	 0.0138758
2.772 	 0.0139351
2.773 	 0.0139225
2.774 	 0.013839
2.775 	 0.0136862
2.776 	 0.0134657
2.777 	 0.0131796
2.778 	 0.0128298
2.779 	 0.0124189
2.78 	 0.0119495
2.781 	 0.0114242
2.782 	 0.0108461
2.783 	 0.0102183
2.784 	 0.00954426
2.785 	 0.00882735
2.786 	 0.00807125
2.787 	 0.00727974
2.788 	 0.0064567
2.789 	 0.00560616
2.79 	 0.0047322
2.791 	 0.00383901
2.792 	 0.00293085
2.793 	 0.002012
2.794 	 0.00108681
2.795 	 0.000159634
2.796 	 -0.000765165
2.797 	 -0.00168323
2.798 	 -0.00259025
2.799 	 -0.00348192
2.8 	 -0.00435403
2.801 	 -0.00520242
2.802 	 -0.00602302
2.803 	 -0.00681189
2.804 	 -0.00756517
2.805 	 -0.00827917
2.806 	 -0.00895033
2.807 	 -0.00957526
2.808 	 -0.0101507
2.809 	 -0.0106738
2.81 	 -0.0111415
2.811 	 -0.0115514
2.812 	 -0.011901
2.813 	 -0.0121883
2.814 	 -0.0124112
2.815 	 -0.0125683
2.816 	 -0.0126581
2.817 	 -0.0126795
2.818 	 -0.0126318
2.819 	 -0.0125144
2.82 	 -0.0123271
2.821 	 -0.0120699
2.822 	 -0.0117432
2.823 	 -0.0113476
2.824 	 -0.0108841
2.825 	 -0.0103539
2.826 	 -0.00975859
2.827 	 -0.00909991
2.828 	 -0.00837999
2.829 	 -0.00760122
2.83 	 -0.00676622
2.831 	 -0.00587792
2.832 	 -0.00493946
2.833 	 -0.00395426
2.834 	 -0.00292593
2.835 	 -0.00185831
2.836 	 -0.000755454
2.837 	 0.000378416
2.838 	 0.0015389
2.839 	 0.00272146
2.84 	 0.00392139
2.841 	 0.00513391
2.842 	 0.00635412
2.843 	 0.00757705
2.844 	 0.00879767
2.845 	 0.0100109
2.846 	 0.0112117
2.847 	 0.012395
2.848 	 0.0135558
2.849 	 0.014689
2.85 	 0.0157898
2.851 	 0.0168534
2.852 	 0.0178751
2.853 	 0.0188503
2.854 	 0.0197747
2.855 	 0.020644
2.856 	 0.0214543
2.857 	 0.0222018
2.858 	 0.022883
2.859 	 0.0234946
2.86 	 0.0240336
2.861 	 0.0244973
2.862 	 0.0248833
2.863 	 0.0251896
2.864 	 0.0254144
2.865 	 0.0255563
2.866 	 0.0256143
2.867 	 0.0255877
2.868 	 0.0254761
2.869 	 0.0252797
2.87 	 0.0249988
2.871 	 0.0246343
2.872 	 0.0241873
2.873 	 0.0236595
2.874 	 0.0230526
2.875 	 0.022369
2.876 	 0.0216114
2.877 	 0.0207826
2.878 	 0.0198861
2.879 	 0.0189254
2.88 	 0.0179045
2.881 	 0.0168276
2.882 	 0.0156993
2.883 	 0.0145242
2.884 	 0.0133075
2.885 	 0.0120542
2.886 	 0.0107698
2.887 	 0.00945994
2.888 	 0.0081302
2.889 	 0.00678645
2.89 	 0.00543461
2.891 	 0.00408064
2.892 	 0.00273057
2.893 	 0.00139039
2.894 	 6.61164e-05
2.895 	 -0.00123632
2.896 	 -0.00251105
2.897 	 -0.00375232
2.898 	 -0.0049545
2.899 	 -0.00611214
2.9 	 -0.00721996
2.901 	 -0.00827291
2.902 	 -0.00926617
2.903 	 -0.0101952
2.904 	 -0.0110557
2.905 	 -0.0118438
2.906 	 -0.0125559
2.907 	 -0.0131886
2.908 	 -0.0137391
2.909 	 -0.0142048
2.91 	 -0.0145837
2.911 	 -0.0148741
2.912 	 -0.0150746
2.913 	 -0.0151844
2.914 	 -0.0152031
2.915 	 -0.0151308
2.916 	 -0.0149678
2.917 	 -0.0147151
2.918 	 -0.014374
2.919 	 -0.0139464
2.92 	 -0.0134344
2.921 	 -0.0128407
2.922 	 -0.0121683
2.923 	 -0.0114207
2.924 	 -0.0106017
2.925 	 -0.00971536
2.926 	 -0.00876635
2.927 	 -0.00775949
2.928 	 -0.00669993
2.929 	 -0.00559311
2.93 	 -0.0044447
2.931 	 -0.00326063
2.932 	 -0.002047
2.933 	 -0.000810085
2.934 	 0.000443707
2.935 	 0.00170785
2.936 	 0.00297577
2.937 	 0.00424082
2.938 	 0.00549636
2.939 	 0.00673578
2.94 	 0.00795252
2.941 	 0.00914012
2.942 	 0.0102922
2.943 	 0.0114027
2.944 	 0.0124654
2.945 	 0.0134747
2.946 	 0.014425
2.947 	 0.0153111
2.948 	 0.0161279
2.949 	 0.0168709
2.95 	 0.0175358
2.951 	 0.0181187
2.952 	 0.0186161
2.953 	 0.0190249
2.954 	 0.0193425
2.955 	 0.0195667
2.956 	 0.0196956
2.957 	 0.0197282
2.958 	 0.0196634
2.959 	 0.0195012
2.96 	 0.0192415
2.961 	 0.0188852
2.962 	 0.0184333
2.963 	 0.0178874
2.964 	 0.0172497
2.965 	 0.0165228
2.966 	 0.0157096
2.967 	 0.0148136
2.968 	 0.0138387
2.969 	 0.0127892
2.97 	 0.0116697
2.971 	 0.0104852
2.972 	 0.00924123
2.973 	 0.00794329
2.974 	 0.00659738
2.975 	 0.0052097
2.976 	 0.00378665
2.977 	 0.00233485
2.978 	 0.000861046
2.979 	 -0.000627878
2.98 	 -0.00212496
2.981 	 -0.0036232
2.982 	 -0.00511555
2.983 	 -0.00659503
2.984 	 -0.00805467
2.985 	 -0.00948764
2.986 	 -0.0108872
2.987 	 -0.0122468
2.988 	 -0.01356
2.989 	 -0.0148208
2.99 	 -0.0160232
2.991 	 -0.0171617
2.992 	 -0.018231
2.993 	 -0.0192262
2.994 	 -0.0201427
2.995 	 -0.0209763
2.996 	 -0.0217234
2.997 	 -0.0223807
2.998 	 -0.0229452
2.999 	 -0.0234147
3.0 	 -0.0237872
3.001 	 -0.0240613
3.002 	 -0.0242361
3.003 	 -0.0243112
3.004 	 -0.0242867
3.005 	 -0.0241632
3.006 	 -0.0239418
3.007 	 -0.023624
3.008 	 -0.023212
3.009 	 -0.0227083
3.01 	 -0.0221159
3.011 	 -0.0214383
3.012 	 -0.0206793
3.013 	 -0.0198432
3.014 	 -0.0189347
3.015 	 -0.0179588
3.016 	 -0.0169209
3.017 	 -0.0158265
3.018 	 -0.0146817
3.019 	 -0.0134926
3.02 	 -0.0122655
3.021 	 -0.011007
3.022 	 -0.00972382
3.023 	 -0.00842268
3.024 	 -0.00711044
3.025 	 -0.00579399
3.026 	 -0.0044802
3.027 	 -0.0031759
3.028 	 -0.00188783
3.029 	 -0.000622637
3.03 	 0.0006132
3.031 	 0.00181338
3.032 	 0.00297182
3.033 	 0.0040827
3.034 	 0.00514045
3.035 	 0.00613984
3.036 	 0.00707597
3.037 	 0.00794429
3.038 	 0.00874065
3.039 	 0.00946131
3.04 	 0.0101029
3.041 	 0.0106627
3.042 	 0.0111381
3.043 	 0.0115273
3.044 	 0.0118287
3.045 	 0.0120415
3.046 	 0.0121651
3.047 	 0.0121995
3.048 	 0.0121452
3.049 	 0.0120033
3.05 	 0.0117751
3.051 	 0.0114626
3.052 	 0.0110683
3.053 	 0.010595
3.054 	 0.0100458
3.055 	 0.00942466
3.056 	 0.00873548
3.057 	 0.00798274
3.058 	 0.00717121
3.059 	 0.006306
3.06 	 0.00539248
3.061 	 0.00443628
3.062 	 0.00344324
3.063 	 0.00241942
3.064 	 0.00137101
3.065 	 0.000304321
3.066 	 -0.000774239
3.067 	 -0.00185822
3.068 	 -0.00294116
3.069 	 -0.0040166
3.07 	 -0.00507818
3.071 	 -0.00611958
3.072 	 -0.00713466
3.073 	 -0.00811741
3.074 	 -0.00906202
3.075 	 -0.00996291
3.076 	 -0.0108148
3.077 	 -0.0116126
3.078 	 -0.0123515
3.079 	 -0.0130274
3.08 	 -0.013636
3.081 	 -0.0141738
3.082 	 -0.0146375
3.083 	 -0.0150244
3.084 	 -0.0153321
3.085 	 -0.0155586
3.086 	 -0.0157026
3.087 	 -0.0157629
3.088 	 -0.0157391
3.089 	 -0.0156311
3.09 	 -0.0154393
3.091 	 -0.0151647
3.092 	 -0.0148085
3.093 	 -0.0143726
3.094 	 -0.0138593
3.095 	 -0.0132711
3.096 	 -0.0126111
3.097 	 -0.0118829
3.098 	 -0.0110903
3.099 	 -0.0102375
3.1 	 -0.00932902
3.101 	 -0.00836969
3.102 	 -0.00736462
3.103 	 -0.00631915
3.104 	 -0.00523884
3.105 	 -0.00412943
3.106 	 -0.00299682
3.107 	 -0.00184699
3.108 	 -0.000686031
3.109 	 0.000479922
3.11 	 0.00164473
3.111 	 0.00280228
3.112 	 0.00394652
3.113 	 0.00507146
3.114 	 0.00617127
3.115 	 0.00724026
3.116 	 0.00827293
3.117 	 0.00926401
3.118 	 0.0102085
3.119 	 0.0111015
3.12 	 0.0119388
3.121 	 0.0127161
3.122 	 0.0134296
3.123 	 0.014076
3.124 	 0.0146523
3.125 	 0.0151557
3.126 	 0.0155842
3.127 	 0.0159359
3.128 	 0.0162095
3.129 	 0.0164041
3.13 	 0.0165192
3.131 	 0.0165548
3.132 	 0.0165115
3.133 	 0.0163899
3.134 	 0.0161915
3.135 	 0.015918
3.136 	 0.0155714
3.137 	 0.0151545
3.138 	 0.01467
3.139 	 0.0141213
3.14 	 0.013512
3.141 	 0.012846
3.142 	 0.0121277
3.143 	 0.0113614
3.144 	 0.0105521
3.145 	 0.00970458
3.146 	 0.00882411
3.147 	 0.00791599
3.148 	 0.00698566
3.149 	 0.00603864
3.15 	 0.00508054
3.151 	 0.00411697
3.152 	 0.00315354
3.153 	 0.00219582
3.154 	 0.00124932
3.155 	 0.000319434
3.156 	 -0.000588584
3.157 	 -0.00146963
3.158 	 -0.00231881
3.159 	 -0.00313143
3.16 	 -0.00390307
3.161 	 -0.00462955
3.162 	 -0.00530703
3.163 	 -0.00593195
3.164 	 -0.00650109
3.165 	 -0.00701162
3.166 	 -0.00746103
3.167 	 -0.00784722
3.168 	 -0.00816848
3.169 	 -0.00842351
3.17 	 -0.00861139
3.171 	 -0.00873163
3.172 	 -0.00878415
3.173 	 -0.00876928
3.174 	 -0.00868774
3.175 	 -0.00854067
3.176 	 -0.00832958
3.177 	 -0.00805638
3.178 	 -0.00772334
3.179 	 -0.00733307
3.18 	 -0.00688851
3.181 	 -0.00639293
3.182 	 -0.00584988
3.183 	 -0.00526319
3.184 	 -0.00463692
3.185 	 -0.00397536
3.186 	 -0.00328299
3.187 	 -0.00256444
3.188 	 -0.00182449
3.189 	 -0.00106801
3.19 	 -0.000299962
3.191 	 0.000474664
3.192 	 0.00125086
3.193 	 0.00202364
3.194 	 0.00278807
3.195 	 0.00353928
3.196 	 0.00427254
3.197 	 0.00498322
3.198 	 0.00566688
3.199 	 0.00631928
3.2 	 0.00693638
3.201 	 0.00751439
3.202 	 0.00804979
3.203 	 0.00853934
3.204 	 0.00898011
3.205 	 0.0093695
3.206 	 0.00970523
3.207 	 0.00998538
3.208 	 0.0102084
3.209 	 0.0103731
3.21 	 0.0104786
3.211 	 0.0105246
3.212 	 0.010511
3.213 	 0.0104381
3.214 	 0.0103067
3.215 	 0.0101177
3.216 	 0.00987267
3.217 	 0.00957341
3.218 	 0.00922203
3.219 	 0.00882101
3.22 	 0.00837311
3.221 	 0.00788141
3.222 	 0.00734925
3.223 	 0.00678021
3.224 	 0.00617811
3.225 	 0.00554695
3.226 	 0.00489094
3.227 	 0.00421441
3.228 	 0.00352181
3.229 	 0.0028177
3.23 	 0.00210668
3.231 	 0.0013934
3.232 	 0.000682491
3.233 	 -2.14209e-05
3.234 	 -0.000713782
3.235 	 -0.00139012
3.236 	 -0.00204608
3.237 	 -0.00267745
3.238 	 -0.00328019
3.239 	 -0.00385045
3.24 	 -0.00438462
3.241 	 -0.00487931
3.242 	 -0.00533141
3.243 	 -0.00573809
3.244 	 -0.00609684
3.245 	 -0.00640546
3.246 	 -0.00666208
3.247 	 -0.00686518
3.248 	 -0.0070136
3.249 	 -0.00710655
3.25 	 -0.00714361
3.251 	 -0.00712473
3.252 	 -0.00705022
3.253 	 -0.00692079
3.254 	 -0.0067375
3.255 	 -0.00650178
3.256 	 -0.00621539
3.257 	 -0.00588048
3.258 	 -0.00549947
3.259 	 -0.00507514
3.26 	 -0.00461054
3.261 	 -0.004109
3.262 	 -0.00357412
3.263 	 -0.00300971
3.264 	 -0.0024198
3.265 	 -0.00180861
3.266 	 -0.0011805
3.267 	 -0.000539966
3.268 	 0.000108404
3.269 	 0.000759948
3.27 	 0.00140997
3.271 	 0.00205375
3.272 	 0.00268662
3.273 	 0.00330393
3.274 	 0.00390115
3.275 	 0.00447383
3.276 	 0.00501769
3.277 	 0.00552859
3.278 	 0.00600261
3.279 	 0.00643606
3.28 	 0.00682548
3.281 	 0.00716769
3.282 	 0.00745981
3.283 	 0.00769926
3.284 	 0.00788382
3.285 	 0.00801158
3.286 	 0.00808103
3.287 	 0.008091
3.288 	 0.00804073
3.289 	 0.00792983
3.29 	 0.00775833
3.291 	 0.00752662
3.292 	 0.00723552
3.293 	 0.00688621
3.294 	 0.0064803
3.295 	 0.00601973
3.296 	 0.00550685
3.297 	 0.00494433
3.298 	 0.00433522
3.299 	 0.00368285
3.3 	 0.0029909
3.301 	 0.00226328
3.302 	 0.00150421
3.303 	 0.000718101
3.304 	 -9.04003e-05
3.305 	 -0.000916481
3.306 	 -0.00175518
3.307 	 -0.00260141
3.308 	 -0.00345
3.309 	 -0.00429573
3.31 	 -0.00513336
3.311 	 -0.00595764
3.312 	 -0.00676339
3.313 	 -0.00754548
3.314 	 -0.00829892
3.315 	 -0.00901884
3.316 	 -0.00970055
3.317 	 -0.0103396
3.318 	 -0.0109316
3.319 	 -0.0114727
3.32 	 -0.0119592
3.321 	 -0.0123877
3.322 	 -0.012755
3.323 	 -0.0130586
3.324 	 -0.0132961
3.325 	 -0.0134655
3.326 	 -0.0135654
3.327 	 -0.0135947
3.328 	 -0.0135527
3.329 	 -0.0134391
3.33 	 -0.0132542
3.331 	 -0.0129987
3.332 	 -0.0126737
3.333 	 -0.0122806
3.334 	 -0.0118215
3.335 	 -0.0112987
3.336 	 -0.0107151
3.337 	 -0.0100738
3.338 	 -0.00937851
3.339 	 -0.00863303
3.34 	 -0.00784169
3.341 	 -0.00700907
3.342 	 -0.00614003
3.343 	 -0.0052397
3.344 	 -0.00431345
3.345 	 -0.00336681
3.346 	 -0.00240551
3.347 	 -0.00143539
3.348 	 -0.000462379
3.349 	 0.000507517
3.35 	 0.00146829
3.351 	 0.00241393
3.352 	 0.00333849
3.353 	 0.00423613
3.354 	 0.00510111
3.355 	 0.00592786
3.356 	 0.00671102
3.357 	 0.00744545
3.358 	 0.00812629
3.359 	 0.00874896
3.36 	 0.00930923
3.361 	 0.00980321
3.362 	 0.0102274
3.363 	 0.0105787
3.364 	 0.0108545
3.365 	 0.0110526
3.366 	 0.0111711
3.367 	 0.0112089
3.368 	 0.0111652
3.369 	 0.0110396
3.37 	 0.0108325
3.371 	 0.0105446
3.372 	 0.0101771
3.373 	 0.00973176
3.374 	 0.00921088
3.375 	 0.00861716
3.376 	 0.00795384
3.377 	 0.00722456
3.378 	 0.00643346
3.379 	 0.00558504
3.38 	 0.00468424
3.381 	 0.00373635
3.382 	 0.00274698
3.383 	 0.00172207
3.384 	 0.000667823
3.385 	 -0.000409321
3.386 	 -0.00150272
3.387 	 -0.00260558
3.388 	 -0.00371098
3.389 	 -0.0048119
3.39 	 -0.00590133
3.391 	 -0.00697221
3.392 	 -0.00801756
3.393 	 -0.00903048
3.394 	 -0.0100042
3.395 	 -0.0109321
3.396 	 -0.0118079
3.397 	 -0.0126253
3.398 	 -0.0133786
3.399 	 -0.0140623
3.4 	 -0.0146711
3.401 	 -0.0152005
3.402 	 -0.0156461
3.403 	 -0.016004
3.404 	 -0.0162709
3.405 	 -0.0164439
3.406 	 -0.0165208
3.407 	 -0.0164998
3.408 	 -0.0163797
3.409 	 -0.0161599
3.41 	 -0.0158404
3.411 	 -0.0154218
3.412 	 -0.0149051
3.413 	 -0.0142923
3.414 	 -0.0135856
3.415 	 -0.012788
3.416 	 -0.0119029
3.417 	 -0.0109344
3.418 	 -0.00988706
3.419 	 -0.00876599
3.42 	 -0.00757673
3.421 	 -0.00632529
3.422 	 -0.00501813
3.423 	 -0.00366206
3.424 	 -0.00226426
3.425 	 -0.000832233
3.426 	 0.000626273
3.427 	 0.00210326
3.428 	 0.00359057
3.429 	 0.00507987
3.43 	 0.00656278
3.431 	 0.00803086
3.432 	 0.00947567
3.433 	 0.0108888
3.434 	 0.0122621
3.435 	 0.0135873
3.436 	 0.0148566
3.437 	 0.0160623
3.438 	 0.017197
3.439 	 0.0182537
3.44 	 0.0192258
3.441 	 0.0201071
3.442 	 0.0208917
3.443 	 0.0215745
3.444 	 0.0221508
3.445 	 0.0226163
3.446 	 0.0229677
3.447 	 0.0232018
3.448 	 0.0233165
3.449 	 0.02331
3.45 	 0.0231816
3.451 	 0.0229308
3.452 	 0.0225581
3.453 	 0.0220646
3.454 	 0.0214521
3.455 	 0.0207231
3.456 	 0.0198808
3.457 	 0.018929
3.458 	 0.0178721
3.459 	 0.0167153
3.46 	 0.0154643
3.461 	 0.0141253
3.462 	 0.0127051
3.463 	 0.0112111
3.464 	 0.00965102
3.465 	 0.00803305
3.466 	 0.00636579
3.467 	 0.00465816
3.468 	 0.00291936
3.469 	 0.00115883
3.47 	 -0.000613816
3.471 	 -0.00238882
3.472 	 -0.00415637
3.473 	 -0.00590662
3.474 	 -0.00762975
3.475 	 -0.00931607
3.476 	 -0.010956
3.477 	 -0.0125402
3.478 	 -0.0140595
3.479 	 -0.0155052
3.48 	 -0.0168688
3.481 	 -0.0181423
3.482 	 -0.0193181
3.483 	 -0.0203893
3.484 	 -0.0213492
3.485 	 -0.0221921
3.486 	 -0.0229125
3.487 	 -0.0235059
3.488 	 -0.0239684
3.489 	 -0.0242966
3.49 	 -0.0244882
3.491 	 -0.0245415
3.492 	 -0.0244553
3.493 	 -0.0242296
3.494 	 -0.023865
3.495 	 -0.0233628
3.496 	 -0.0227253
3.497 	 -0.0219554
3.498 	 -0.0210567
3.499 	 -0.0200337
3.5 	 -0.0188916
3.501 	 -0.0176363
3.502 	 -0.0162743
3.503 	 -0.0148127
3.504 	 -0.0132594
3.505 	 -0.0116225
3.506 	 -0.00991106
3.507 	 -0.00813422
3.508 	 -0.00630171
3.509 	 -0.00442359
3.51 	 -0.00251022
3.511 	 -0.000572222
3.512 	 0.00137962
3.513 	 0.00333439
3.514 	 0.00528109
3.515 	 0.00720872
3.516 	 0.00910637
3.517 	 0.0109632
3.518 	 0.0127686
3.519 	 0.0145122
3.52 	 0.0161838
3.521 	 0.0177739
3.522 	 0.019273
3.523 	 0.0206723
3.524 	 0.0219636
3.525 	 0.0231391
3.526 	 0.0241918
3.527 	 0.025115
3.528 	 0.0259033
3.529 	 0.0265515
3.53 	 0.0270554
3.531 	 0.0274116
3.532 	 0.0276175
3.533 	 0.0276713
3.534 	 0.0275722
3.535 	 0.0273201
3.536 	 0.0269158
3.537 	 0.026361
3.538 	 0.0256583
3.539 	 0.0248111
3.54 	 0.0238235
3.541 	 0.0227007
3.542 	 0.0214485
3.543 	 0.0200735
3.544 	 0.0185831
3.545 	 0.0169851
3.546 	 0.0152883
3.547 	 0.013502
3.548 	 0.0116358
3.549 	 0.00970018
3.55 	 0.00770579
3.551 	 0.00566374
3.552 	 0.00358546
3.553 	 0.00148263
3.554 	 -0.000632894
3.555 	 -0.00274912
3.556 	 -0.004854
3.557 	 -0.00693552
3.558 	 -0.00898173
3.559 	 -0.0109808
3.56 	 -0.0129212
3.561 	 -0.0147917
3.562 	 -0.0165812
3.563 	 -0.0182793
3.564 	 -0.0198759
3.565 	 -0.0213615
3.566 	 -0.0227271
3.567 	 -0.0239646
3.568 	 -0.0250662
3.569 	 -0.0260251
3.57 	 -0.0268353
3.571 	 -0.0274916
3.572 	 -0.0279894
3.573 	 -0.0283254
3.574 	 -0.0284968
3.575 	 -0.0285021
3.576 	 -0.0283404
3.577 	 -0.0280119
3.578 	 -0.0275178
3.579 	 -0.0268602
3.58 	 -0.0260422
3.581 	 -0.0250675
3.582 	 -0.0239412
3.583 	 -0.0226689
3.584 	 -0.0212572
3.585 	 -0.0197136
3.586 	 -0.0180462
3.587 	 -0.016264
3.588 	 -0.0143766
3.589 	 -0.0123942
3.59 	 -0.0103277
3.591 	 -0.00818846
3.592 	 -0.00598835
3.593 	 -0.00373956
3.594 	 -0.00145468
3.595 	 0.000853478
3.596 	 0.00317189
3.597 	 0.00548744
3.598 	 0.00778692
3.599 	 0.0100572
3.6 	 0.0122852
3.601 	 0.0144582
3.602 	 0.0165633
3.603 	 0.0185885
3.604 	 0.0205217
3.605 	 0.0223516
3.606 	 0.0240672
3.607 	 0.0256582
3.608 	 0.027115
3.609 	 0.0284285
3.61 	 0.0295907
3.611 	 0.030594
3.612 	 0.031432
3.613 	 0.0320991
3.614 	 0.0325905
3.615 	 0.0329025
3.616 	 0.0330323
3.617 	 0.0329781
3.618 	 0.0327394
3.619 	 0.0323162
3.62 	 0.03171
3.621 	 0.030923
3.622 	 0.0299587
3.623 	 0.0288213
3.624 	 0.0275162
3.625 	 0.0260498
3.626 	 0.0244291
3.627 	 0.0226623
3.628 	 0.0207583
3.629 	 0.0187268
3.63 	 0.0165783
3.631 	 0.0143239
3.632 	 0.0119755
3.633 	 0.00954532
3.634 	 0.00704624
3.635 	 0.00449152
3.636 	 0.00189478
3.637 	 -0.000730089
3.638 	 -0.00336898
3.639 	 -0.00600768
3.64 	 -0.00863191
3.641 	 -0.0112274
3.642 	 -0.0137802
3.643 	 -0.0162761
3.644 	 -0.0187017
3.645 	 -0.0210435
3.646 	 -0.0232887
3.647 	 -0.0254249
3.648 	 -0.0274403
3.649 	 -0.0293236
3.65 	 -0.0310644
3.651 	 -0.0326529
3.652 	 -0.0340803
3.653 	 -0.0353383
3.654 	 -0.0364199
3.655 	 -0.0373188
3.656 	 -0.03803
3.657 	 -0.038549
3.658 	 -0.0388729
3.659 	 -0.0389996
3.66 	 -0.0389279
3.661 	 -0.0386582
3.662 	 -0.0381914
3.663 	 -0.0375299
3.664 	 -0.0366771
3.665 	 -0.0356373
3.666 	 -0.0344159
3.667 	 -0.0330195
3.668 	 -0.0314555
3.669 	 -0.0297321
3.67 	 -0.0278586
3.671 	 -0.0258452
3.672 	 -0.0237027
3.673 	 -0.0214427
3.674 	 -0.0190774
3.675 	 -0.0166196
3.676 	 -0.0140829
3.677 	 -0.0114809
3.678 	 -0.00882782
3.679 	 -0.00613822
3.68 	 -0.00342676
3.681 	 -0.000708278
3.682 	 0.00200236
3.683 	 0.00469031
3.684 	 0.00734086
3.685 	 0.00993948
3.686 	 0.0124719
3.687 	 0.0149243
3.688 	 0.0172833
3.689 	 0.0195358
3.69 	 0.0216697
3.691 	 0.0236732
3.692 	 0.0255354
3.693 	 0.0272461
3.694 	 0.0287961
3.695 	 0.0301769
3.696 	 0.0313812
3.697 	 0.0324024
3.698 	 0.0332352
3.699 	 0.0338751
3.7 	 0.034319
3.701 	 0.0345645
3.702 	 0.0346108
3.703 	 0.0344578
3.704 	 0.0341068
3.705 	 0.0335601
3.706 	 0.0328212
3.707 	 0.0318945
3.708 	 0.0307857
3.709 	 0.0295015
3.71 	 0.0280494
3.711 	 0.0264381
3.712 	 0.0246771
3.713 	 0.0227767
3.714 	 0.0207481
3.715 	 0.0186033
3.716 	 0.0163547
3.717 	 0.0140156
3.718 	 0.0115996
3.719 	 0.00912098
3.72 	 0.00659414
3.721 	 0.0040339
3.722 	 0.00145527
3.723 	 -0.00112664
3.724 	 -0.00369668
3.725 	 -0.00623977
3.726 	 -0.00874097
3.727 	 -0.0111856
3.728 	 -0.0135591
3.729 	 -0.0158477
3.73 	 -0.0180377
3.731 	 -0.0201161
3.732 	 -0.0220707
3.733 	 -0.0238898
3.734 	 -0.0255624
3.735 	 -0.0270786
3.736 	 -0.0284291
3.737 	 -0.0296059
3.738 	 -0.0306015
3.739 	 -0.0314099
3.74 	 -0.032026
3.741 	 -0.0324456
3.742 	 -0.032666
3.743 	 -0.0326854
3.744 	 -0.0325031
3.745 	 -0.0321199
3.746 	 -0.0315374
3.747 	 -0.0307585
3.748 	 -0.0297872
3.749 	 -0.0286288
3.75 	 -0.0272894
3.751 	 -0.0257763
3.752 	 -0.0240979
3.753 	 -0.0222634
3.754 	 -0.0202831
3.755 	 -0.018168
3.756 	 -0.01593
3.757 	 -0.0135816
3.758 	 -0.0111362
3.759 	 -0.00860756
3.76 	 -0.00601009
3.761 	 -0.00335857
3.762 	 -0.00066814
3.763 	 0.00204581
3.764 	 0.0047677
3.765 	 0.00748188
3.766 	 0.0101727
3.767 	 0.0128246
3.768 	 0.0154223
3.769 	 0.0179506
3.77 	 0.0203948
3.771 	 0.0227406
3.772 	 0.0249742
3.773 	 0.0270826
3.774 	 0.0290531
3.775 	 0.0308742
3.776 	 0.0325349
3.777 	 0.0340252
3.778 	 0.0353361
3.779 	 0.0364595
3.78 	 0.0373884
3.781 	 0.0381169
3.782 	 0.0386401
3.783 	 0.0389546
3.784 	 0.0390578
3.785 	 0.0389484
3.786 	 0.0386264
3.787 	 0.038093
3.788 	 0.0373506
3.789 	 0.0364026
3.79 	 0.0352538
3.791 	 0.0339101
3.792 	 0.0323785
3.793 	 0.0306671
3.794 	 0.028785
3.795 	 0.0267422
3.796 	 0.0245499
3.797 	 0.0222199
3.798 	 0.0197649
3.799 	 0.0171985
3.8 	 0.0145346
3.801 	 0.011788
3.802 	 0.00897377
3.803 	 0.00610762
3.804 	 0.00320541
3.805 	 0.000283289
3.806 	 -0.00264247
3.807 	 -0.00555552
3.808 	 -0.00843959
3.809 	 -0.0112785
3.81 	 -0.0140564
3.811 	 -0.0167576
3.812 	 -0.019367
3.813 	 -0.0218699
3.814 	 -0.0242521
3.815 	 -0.0265003
3.816 	 -0.0286016
3.817 	 -0.0305444
3.818 	 -0.0323175
3.819 	 -0.0339109
3.82 	 -0.0353156
3.821 	 -0.0365236
3.822 	 -0.037528
3.823 	 -0.0383232
3.824 	 -0.0389046
3.825 	 -0.039269
3.826 	 -0.0394142
3.827 	 -0.0393394
3.828 	 -0.0390451
3.829 	 -0.038533
3.83 	 -0.037806
3.831 	 -0.0368683
3.832 	 -0.0357253
3.833 	 -0.0343836
3.834 	 -0.0328509
3.835 	 -0.031136
3.836 	 -0.029249
3.837 	 -0.0272006
3.838 	 -0.0250028
3.839 	 -0.0226682
3.84 	 -0.0202105
3.841 	 -0.0176439
3.842 	 -0.0149833
3.843 	 -0.0122442
3.844 	 -0.00944261
3.845 	 -0.00659491
3.846 	 -0.00371775
3.847 	 -0.000827992
3.848 	 0.00205738
3.849 	 0.00492138
3.85 	 0.00774712
3.851 	 0.0105179
3.852 	 0.0132172
3.853 	 0.0158292
3.854 	 0.018338
3.855 	 0.0207288
3.856 	 0.0229872
3.857 	 0.0250995
3.858 	 0.027053
3.859 	 0.0288356
3.86 	 0.0304363
3.861 	 0.0318453
3.862 	 0.0330536
3.863 	 0.0340536
3.864 	 0.0348387
3.865 	 0.0354035
3.866 	 0.035744
3.867 	 0.0358575
3.868 	 0.0357424
3.869 	 0.0353988
3.87 	 0.0348276
3.871 	 0.0340316
3.872 	 0.0330144
3.873 	 0.0317813
3.874 	 0.0303387
3.875 	 0.0286941
3.876 	 0.0268565
3.877 	 0.0248358
3.878 	 0.0226432
3.879 	 0.0202908
3.88 	 0.0177917
3.881 	 0.0151601
3.882 	 0.0124106
3.883 	 0.00955911
3.884 	 0.00662174
3.885 	 0.00361541
3.886 	 0.000557475
3.887 	 -0.00253433
3.888 	 -0.00564197
3.889 	 -0.00874723
3.89 	 -0.0118318
3.891 	 -0.0148774
3.892 	 -0.0178658
3.893 	 -0.0207792
3.894 	 -0.0235998
3.895 	 -0.0263104
3.896 	 -0.0288944
3.897 	 -0.0313357
3.898 	 -0.0336188
3.899 	 -0.0357293
3.9 	 -0.0376534
3.901 	 -0.0393783
3.902 	 -0.0408924
3.903 	 -0.042185
3.904 	 -0.0432468
3.905 	 -0.0440693
3.906 	 -0.0446458
3.907 	 -0.0449705
3.908 	 -0.0450392
3.909 	 -0.0448489
3.91 	 -0.0443981
3.911 	 -0.0436867
3.912 	 -0.042716
3.913 	 -0.0414888
3.914 	 -0.0400091
3.915 	 -0.0382825
3.916 	 -0.0363159
3.917 	 -0.0341175
3.918 	 -0.0316968
3.919 	 -0.0290645
3.92 	 -0.0262326
3.921 	 -0.0232142
3.922 	 -0.0200233
3.923 	 -0.0166752
3.924 	 -0.0131857
3.925 	 -0.00957176
3.926 	 -0.00585098
3.927 	 -0.00204158
3.928 	 0.00183766
3.929 	 0.0057675
3.93 	 0.00972838
3.931 	 0.0137005
3.932 	 0.0176638
3.933 	 0.0215983
3.934 	 0.0254841
3.935 	 0.0293015
3.936 	 0.033031
3.937 	 0.0366534
3.938 	 0.0401502
3.939 	 0.0435034
3.94 	 0.0466956
3.941 	 0.0497102
3.942 	 0.0525317
3.943 	 0.0551451
3.944 	 0.0575368
3.945 	 0.0596941
3.946 	 0.0616055
3.947 	 0.0632608
3.948 	 0.0646509
3.949 	 0.0657682
3.95 	 0.0666063
3.951 	 0.0671604
3.952 	 0.0674268
3.953 	 0.0674035
3.954 	 0.0670899
3.955 	 0.0664866
3.956 	 0.065596
3.957 	 0.0644217
3.958 	 0.0629686
3.959 	 0.0612432
3.96 	 0.0592532
3.961 	 0.0570076
3.962 	 0.0545166
3.963 	 0.0517916
3.964 	 0.0488452
3.965 	 0.0456908
3.966 	 0.042343
3.967 	 0.0388172
3.968 	 0.0351296
3.969 	 0.031297
3.97 	 0.0273371
3.971 	 0.0232677
3.972 	 0.0191075
3.973 	 0.0148751
3.974 	 0.0105895
3.975 	 0.00626999
3.976 	 0.00193554
3.977 	 -0.00239477
3.978 	 -0.00670207
3.979 	 -0.0109678
3.98 	 -0.0151738
3.981 	 -0.0193023
3.982 	 -0.0233363
3.983 	 -0.0272592
3.984 	 -0.0310554
3.985 	 -0.0347098
3.986 	 -0.0382086
3.987 	 -0.0415387
3.988 	 -0.044688
3.989 	 -0.0476457
3.99 	 -0.0504019
3.991 	 -0.052948
3.992 	 -0.0552766
3.993 	 -0.0573815
3.994 	 -0.0592579
3.995 	 -0.060902
3.996 	 -0.0623115
3.997 	 -0.0634854
3.998 	 -0.0644239
3.999 	 -0.0651283
4.0 	 -0.0656014
