0.00	0.000000e+00
0.01	6.091203e-02
0.02	1.113004e-01
0.03	6.977743e-02
0.04	4.307471e-03
0.05	-7.507174e-02
0.06	-1.555581e-01
0.07	-2.234387e-01
0.08	-2.661408e-01
0.09	-2.741854e-01
0.10	-2.427586e-01
0.11	-1.726591e-01
0.12	-7.046597e-02
0.13	5.212458e-02
0.14	1.797259e-01
0.15	2.952733e-01
0.16	3.823571e-01
0.17	4.275555e-01
0.18	4.224404e-01
0.19	3.649617e-01
0.20	2.599977e-01
0.21	1.189683e-01
0.22	-4.146530e-02
0.23	-2.014603e-01
0.24	-3.405496e-01
0.25	-4.403586e-01
0.26	-4.871121e-01
0.27	-4.735813e-01
0.28	-4.001935e-01
0.29	-2.751311e-01
0.30	-1.133864e-01
0.31	6.511921e-02
0.32	2.381116e-01
0.33	3.838965e-01
0.34	4.842498e-01
0.35	5.268698e-01
0.36	5.070471e-01
0.37	4.283103e-01
0.38	3.019463e-01
0.39	1.454475e-01
0.40	-1.991125e-02
0.41	-1.720362e-01
0.42	-2.911094e-01
0.43	-3.623793e-01
0.44	-3.782485e-01
0.45	-3.393513e-01
0.46	-2.544538e-01
0.47	-1.391723e-01
0.48	-1.367482e-02
0.49	1.003193e-01
0.50	1.828208e-01
0.51	2.186613e-01
0.52	1.999381e-01
0.53	1.274386e-01
0.54	1.080912e-02
0.55	-1.325948e-01
0.56	-2.800499e-01
0.57	-4.066954e-01
0.58	-4.892124e-01
0.59	-5.094337e-01
0.60	-4.573553e-01
0.61	-3.330926e-01
0.62	-1.474552e-01
0.63	7.899875e-02
0.64	3.183555e-01
0.65	5.389058e-01
0.66	7.094155e-01
0.67	8.035332e-01
0.68	8.037192e-01
0.69	7.041264e-01
0.70	5.119889e-01
0.71	2.472646e-01
0.72	-5.948514e-02
0.73	-3.707525e-01
0.74	-6.468301e-01
0.75	-8.510335e-01
0.76	-9.546995e-01
0.77	-9.412685e-01
0.78	-8.088623e-01
0.79	-5.709601e-01
0.80	-2.550216e-01
0.81	1.008111e-01
0.82	4.525362e-01
0.83	7.560202e-01
0.84	9.728691e-01
0.85	1.075641e+00
0.86	1.051667e+00
0.87	9.049250e-01
0.88	6.556556e-01
0.89	3.377323e-01
0.90	-5.905340e-03
0.91	-3.291566e-01
0.92	-5.892046e-01
0.93	-7.526056e-01
0.94	-8.001520e-01
0.95	-7.297867e-01
0.96	-5.571022e-01
0.97	-3.132869e-01
0.98	-4.073936e-02
0.99	2.130866e-01
1.00	4.027739e-01
1.01	4.919730e-01
1.02	4.593465e-01
1.03	3.025193e-01
1.04	3.937479e-02
1.05	-2.936065e-01
1.06	-6.458608e-01
1.07	-9.595866e-01
1.08	-1.178045e+00
1.09	-1.254184e+00
1.10	-1.158368e+00
1.11	-8.840427e-01
1.12	-4.504101e-01
1.13	9.842539e-02
1.14	6.979322e-01
1.15	1.270815e+00
1.16	1.736973e+00
1.17	2.024487e+00
1.18	2.080167e+00
1.19	1.878159e+00
1.20	1.425325e+00
1.21	7.624561e-01
1.22	-3.906741e-02
1.23	-8.849642e-01
1.24	-1.669280e+00
1.25	-2.287809e+00
1.26	-2.652007e+00
1.27	-2.701533e+00
1.28	-2.413655e+00
1.29	-1.808087e+00
1.30	-9.463885e-01
1.31	7.426260e-02
1.32	1.132345e+00
1.33	2.097035e+00
1.34	2.845146e+00
1.35	3.277771e+00
1.36	3.334337e+00
1.37	3.002056e+00
1.38	2.319261e+00
1.39	1.371887e+00
1.40	2.832536e-01
1.41	-8.017544e-01
1.42	-1.736218e+00
1.43	-2.391885e+00
1.44	-2.678244e+00
1.45	-2.557192e+00
1.46	-2.051033e+00
1.47	-1.242253e+00
1.48	-2.646319e-01
1.49	7.136262e-01
1.50	1.512904e+00
1.51	1.968499e+00
1.52	1.956814e+00
1.53	1.417715e+00
1.54	3.696222e-01
1.55	-1.085360e+00
1.56	-2.767835e+00
1.57	-4.439129e+00
1.58	-5.829493e+00
1.59	-6.673561e+00
1.60	-6.748924e+00
1.61	-5.912921e+00
1.62	-4.132573e+00
1.63	-1.503023e+00
1.64	1.749051e+00
1.65	5.278969e+00
1.66	8.654462e+00
1.67	1.140077e+01
1.68	1.305619e+01
1.69	1.323220e+01
1.70	1.167122e+01
1.71	8.294741e+00
1.72	3.235139e+00
1.73	-3.154141e+00
1.74	-1.031322e+01
1.75	-1.751580e+01
1.76	-2.393217e+01
1.77	-2.871015e+01
1.78	-3.106623e+01
1.79	-3.037780e+01
1.80	-2.626630e+01
1.81	-1.866158e+01
1.82	-7.839208e+00
1.83	5.575315e+00
1.84	2.063800e+01
1.85	3.615265e+01
1.86	5.076724e+01
1.87	6.309237e+01
1.88	7.183085e+01
1.89	7.590608e+01
1.90	7.457624e+01
1.91	6.752227e+01
1.92	5.489986e+01
1.93	3.734885e+01
1.94	1.595769e+01
1.95	-7.815216e+00
1.96	-3.225694e+01
1.97	-5.554208e+01
1.98	-7.588854e+01
1.99	-9.171254e+01
2.00	-1.017681e+02
2.01	-1.052579e+02
2.02	-1.019041e+02
2.03	-9.197364e+01
2.04	-7.625413e+01
2.05	-5.598351e+01
2.06	-3.274010e+01
2.07	-8.303494e+00
2.08	1.550020e+01
2.09	3.695434e+01
2.10	5.459421e+01
2.11	6.732305e+01
2.12	7.449154e+01
2.13	7.593426e+01
2.14	7.196115e+01
2.15	6.330633e+01
2.16	5.104074e+01
2.17	3.645841e+01
2.18	2.094818e+01
2.19	5.864042e+00
2.20	-7.593667e+00
2.21	-1.847515e+01
2.22	-2.614810e+01
2.23	-3.032989e+01
2.24	-3.108401e+01
2.25	-2.878340e+01
2.26	-2.404657e+01
2.27	-1.765469e+01
2.28	-1.045949e+01
2.29	-3.291959e+00
2.30	3.118841e+00
2.31	8.209229e+00
2.32	1.162140e+01
2.33	1.321858e+01
2.34	1.307532e+01
2.35	1.144602e+01
2.36	8.717154e+00
2.37	5.349538e+00
2.38	1.818248e+00
2.39	-1.443114e+00
2.40	-4.087763e+00
2.41	-5.886470e+00
2.42	-6.741442e+00
2.43	-6.683231e+00
2.44	-5.852566e+00
2.45	-4.470606e+00
2.46	-2.802240e+00
2.47	-1.117494e+00
2.48	3.440315e-01
2.49	1.401539e+00
2.50	1.951276e+00
2.51	1.973163e+00
2.52	1.525880e+00
2.53	7.319572e-01
2.54	-2.444764e-01
2.55	-1.223837e+00
2.56	-2.037453e+00
2.57	-2.550665e+00
2.58	-2.679843e+00
2.59	-2.401453e+00
2.60	-1.752439e+00
2.61	-8.223908e-01
2.62	2.610179e-01
2.63	1.351039e+00
2.64	2.302548e+00
2.65	2.991623e+00
2.66	3.331458e+00
2.67	3.282713e+00
2.68	2.857163e+00
2.69	2.114499e+00
2.70	1.152989e+00
2.71	9.548894e-02
2.72	-9.271595e-01
2.73	-1.793092e+00
2.74	-2.404519e+00
2.75	-2.699088e+00
2.76	-2.656224e+00
2.77	-2.297840e+00
2.78	-1.683605e+00
2.79	-9.016135e-01
2.80	-5.589271e-02
2.81	7.475016e-01
2.82	1.413935e+00
2.83	1.871480e+00
2.84	2.078685e+00
2.85	2.028009e+00
2.86	1.744689e+00
2.87	1.281445e+00
2.88	7.099203e-01
2.89	1.101615e-01
2.90	-4.403769e-01
2.91	-8.768236e-01
2.92	-1.154610e+00
2.93	-1.254015e+00
2.94	-1.181094e+00
2.95	-9.650678e-01
2.96	-6.527095e-01
2.97	-3.006485e-01
2.98	3.325042e-02
2.99	2.982053e-01
3.00	4.574009e-01
3.01	4.925554e-01
3.02	4.056419e-01
3.03	2.176494e-01
3.04	-3.531983e-02
3.05	-3.079632e-01
3.06	-5.527966e-01
3.07	-7.272554e-01
3.08	-7.998769e-01
3.09	-7.547283e-01
3.10	-5.935099e-01
3.11	-3.351076e-01
3.12	-1.272254e-02
3.13	3.309590e-01
3.14	6.498382e-01
3.15	9.008515e-01
3.16	1.049894e+00
3.17	1.076418e+00
3.18	9.761110e-01
3.19	7.613188e-01
3.20	4.592198e-01
3.21	1.080367e-01
3.22	-2.481553e-01
3.23	-5.652938e-01
3.24	-8.050681e-01
3.25	-9.397665e-01
3.26	-9.556100e-01
3.27	-8.541695e-01
3.28	-6.517304e-01
3.29	-3.767496e-01
3.30	-6.579831e-02
3.31	2.414250e-01
3.32	5.073195e-01
3.33	7.011442e-01
3.34	8.027030e-01
3.35	8.044977e-01
3.36	7.121219e-01
3.37	5.429051e-01
3.38	3.230586e-01
3.39	8.376152e-02
3.40	-1.432432e-01
3.41	-3.299278e-01
3.42	-4.555589e-01
3.43	-5.091178e-01
3.44	-4.902759e-01
3.45	-4.088495e-01
3.46	-2.828695e-01
3.47	-1.355859e-01
3.48	8.134656e-03
3.49	1.254922e-01
3.50	1.989973e-01
3.51	2.188339e-01
3.52	1.840345e-01
3.53	1.023383e-01
3.54	-1.121055e-02
3.55	-1.366905e-01
3.56	-2.523844e-01
3.57	-3.380622e-01
3.58	-3.779910e-01
3.59	-3.632515e-01
3.60	-2.930415e-01
3.61	-1.748008e-01
3.62	-2.315525e-02
3.63	1.421528e-01
3.64	2.990452e-01
3.65	4.262003e-01
3.66	5.060242e-01
3.67	5.270872e-01
3.68	4.856970e-01
3.69	3.864010e-01
3.70	2.413623e-01
3.71	6.870833e-02
3.72	-1.099083e-01
3.73	-2.721959e-01
3.74	-3.981590e-01
3.75	-4.726854e-01
3.76	-4.874439e-01
3.77	-4.418496e-01
3.78	-3.429857e-01
3.79	-2.045134e-01
3.80	-4.473848e-02
3.81	1.158873e-01
3.82	2.574825e-01
3.83	3.632999e-01
3.84	4.217993e-01
3.85	4.279643e-01
3.86	3.837090e-01
3.87	2.973451e-01
3.88	1.822123e-01
3.89	5.468308e-02
3.90	-6.816770e-02
3.91	-1.708985e-01
3.92	-2.417230e-01
3.93	-2.739507e-01
3.94	-2.666659e-01
3.95	-2.245774e-01
3.96	-1.570844e-01
3.97	-7.671614e-02
3.98	2.816983e-03
3.99	6.867539e-02
4.00	1.107505e-01
4.01	1.230747e-01
4.02	1.045924e-01
4.03	5.919510e-02
4.04	-4.965574e-03
4.05	-7.677635e-02
4.06	-1.438734e-01
4.07	-1.945145e-01
4.08	-2.193408e-01
4.09	-2.127785e-01
4.10	-1.738827e-01
4.11	-1.065102e-01
4.12	-1.880144e-02
4.13	7.794882e-02
4.14	1.708686e-01
4.15	2.473084e-01
4.16	2.966111e-01
4.17	3.116029e-01
4.18	2.896034e-01
4.19	2.328141e-01
4.20	1.480392e-01
4.21	4.578063e-02
4.22	-6.116411e-02
4.23	-1.594048e-01
4.24	-2.367282e-01
4.25	-2.836933e-01
4.26	-2.948397e-01
4.27	-2.693498e-01
4.28	-2.110845e-01
4.29	-1.279978e-01
4.30	-3.101874e-02
4.31	6.743782e-02
4.32	1.551253e-01
4.33	2.215576e-01
4.34	2.593266e-01
4.35	2.649741e-01
4.36	2.393115e-01
4.37	1.871578e-01
4.38	1.165466e-01
4.39	3.752563e-02
4.40	-3.927752e-02
4.41	-1.041192e-01
4.42	-1.494317e-01
4.43	-1.707691e-01
4.44	-1.672876e-01
4.45	-1.417040e-01
4.46	-9.975597e-02
4.47	-4.925113e-02
4.48	1.148932e-03
4.49	4.323061e-02
4.50	7.042942e-02
4.51	7.876104e-02
4.52	6.735499e-02
4.53	3.852194e-02
4.54	-2.646482e-03
4.55	-4.908040e-02
4.56	-9.281576e-02
4.57	-1.262000e-01
4.58	-1.430450e-01
4.59	-1.395613e-01
4.60	-1.149425e-01
4.61	-7.151739e-02
4.62	-1.445064e-02
4.63	4.896348e-02
4.64	1.103129e-01
4.65	1.612418e-01
4.66	1.946208e-01
4.67	2.055507e-01
4.68	1.920595e-01
4.69	1.553965e-01
4.70	9.988597e-02
4.71	3.236045e-02
4.72	-3.874569e-02
4.73	-1.045164e-01
4.74	-1.567339e-01
4.75	-1.889581e-01
4.76	-1.973587e-01
4.77	-1.811916e-01
4.78	-1.428583e-01
4.79	-8.754562e-02
4.80	-2.250161e-02
4.81	4.395103e-02
4.82	1.035248e-01
4.83	1.490496e-01
4.84	1.753818e-01
4.85	1.800201e-01
4.86	1.633521e-01
4.87	1.285063e-01
4.88	8.083828e-02
4.89	2.713139e-02
4.90	-2.537272e-02
4.91	-6.997543e-02
4.92	-1.014159e-01
4.93	-1.165377e-01
4.94	-1.146416e-01
4.95	-9.748142e-02
4.96	-6.891534e-02
4.97	-3.426747e-02
4.98	5.011621e-04
4.99	2.969096e-02
5.00	4.870182e-02
5.01	5.469221e-02
5.02	4.696796e-02
5.03	2.704959e-02
5.04	-1.586795e-03
5.05	-3.405342e-02
5.06	-6.479768e-02
5.07	-8.844234e-02
5.08	-1.005972e-01
5.09	-9.852558e-02
5.10	-8.157043e-02
5.11	-5.128017e-02
5.12	-1.121665e-02
5.13	3.352665e-02
5.14	7.702775e-02
5.15	1.133611e-01
5.16	1.374279e-01
5.17	1.456767e-01
5.18	1.366112e-01
5.19	1.110180e-01
5.20	7.188058e-02
5.21	2.399296e-02
5.22	-2.667297e-02
5.23	-7.375937e-02
5.24	-1.113644e-01
5.25	-1.348198e-01
5.26	-1.412978e-01
5.27	-1.301687e-01
5.28	-1.030601e-01
5.29	-6.361576e-02
5.30	-1.698911e-02
5.31	3.085709e-02
5.32	7.394631e-02
5.33	1.070708e-01
5.34	1.264556e-01
5.35	1.302154e-01
5.36	1.185481e-01
5.37	9.364234e-02
5.38	5.931929e-02
5.39	2.046250e-02
5.40	-1.768008e-02
5.41	-5.022371e-02
5.42	-7.330237e-02
5.43	-8.456327e-02
5.44	-8.343524e-02
5.45	-7.113889e-02
5.46	-5.044318e-02
5.47	-2.520845e-02
5.48	2.146321e-04
5.49	2.164178e-02
5.50	3.567249e-02
5.51	4.018055e-02
5.52	3.460911e-02
5.53	2.003089e-02
5.54	-1.032246e-03
5.55	-2.500150e-02
5.56	-4.778649e-02
5.57	-6.540383e-02
5.58	-7.457907e-02
5.59	-7.324548e-02
5.60	-6.086810e-02
5.61	-3.854689e-02
5.62	-8.884308e-03
5.63	2.436374e-02
5.64	5.680443e-02
5.65	8.401895e-02
5.66	1.021820e-01
5.67	1.086033e-01
5.68	1.021141e-01
5.69	8.324710e-02
5.70	5.418177e-02
5.71	1.846518e-02
5.72	-1.945449e-02
5.73	-5.481685e-02
5.74	-8.318001e-02
5.75	-1.010068e-01
5.76	-1.061270e-01
5.77	-9.801422e-02
5.78	-7.784016e-02
5.79	-4.830260e-02
5.80	-1.325155e-02
5.81	2.283294e-02
5.82	5.543881e-02
5.83	8.061380e-02
5.84	9.547125e-02
5.85	9.854254e-02
5.86	8.993127e-02
5.87	7.125207e-02
5.88	4.536658e-02
5.89	1.595718e-02
5.90	-1.299967e-02
5.91	-3.778555e-02
5.92	-5.544083e-02
5.93	-6.414564e-02
5.94	-6.343067e-02
5.95	-5.419203e-02
5.96	-3.851242e-02
5.97	-1.931801e-02
5.98	7.703053e-05
5.99	1.647129e-02
6.00	2.724967e-02
6.01	3.076240e-02
6.02	2.655636e-02
6.03	1.542722e-02
6.04	-7.128473e-04
6.05	-1.913117e-02
6.06	-3.669008e-02
6.07	-5.032106e-02
6.08	-5.748888e-02
6.09	-5.657863e-02
6.10	-4.715015e-02
6.11	-3.002330e-02
6.12	-7.181729e-03
6.13	1.849151e-02
6.14	4.360911e-02
6.15	6.475007e-02
6.16	7.893940e-02
6.17	8.406959e-02
6.18	7.920493e-02
6.19	6.472584e-02
6.20	4.229298e-02
6.21	1.463590e-02
6.22	-1.480468e-02
6.23	-4.233195e-02
6.24	-6.448276e-02
6.25	-7.848538e-02
6.26	-8.262291e-02
6.27	-7.645373e-02
6.28	-6.085975e-02
6.29	-3.791772e-02
6.30	-1.061231e-02
6.31	1.756812e-02
6.32	4.309727e-02
6.33	6.287401e-02
6.34	7.462034e-02
6.35	7.716117e-02
6.36	7.054993e-02
6.37	5.602568e-02
6.38	3.581090e-02
6.39	1.278068e-02
6.40	-9.948499e-03
6.41	-2.945200e-02
6.42	-4.339189e-02
6.43	-5.031930e-02
6.44	-4.984414e-02
6.45	-4.265114e-02
6.46	-3.036316e-02
6.47	-1.527419e-02
6.48	7.626714e-06
6.49	1.295426e-02
6.50	2.149253e-02
6.51	2.430560e-02
6.52	2.101899e-02
6.53	1.224561e-02
6.54	-5.152672e-04
6.55	-1.510917e-02
6.56	-2.905340e-02
6.57	-3.991201e-02
6.58	-4.566445e-02
6.59	-4.501454e-02
6.60	-3.759546e-02
6.61	-2.404099e-02
6.62	-5.912665e-03
6.63	1.450713e-02
6.64	3.452731e-02
6.65	5.142143e-02
6.66	6.281008e-02
6.67	6.699827e-02
6.68	6.322082e-02
6.69	5.176093e-02
6.70	3.392534e-02
6.71	1.187900e-02
6.72	-1.163788e-02
6.73	-3.367187e-02
6.74	-5.144766e-02
6.75	-6.273520e-02
6.76	-6.614291e-02
6.77	-6.129721e-02
6.78	-4.888489e-02
6.79	-3.055341e-02
6.80	-8.683950e-03
6.81	1.393079e-02
6.82	3.445945e-02
6.83	5.040421e-02
6.84	5.992200e-02
6.85	6.205192e-02
6.86	5.681928e-02
6.87	4.520438e-02
6.88	2.898278e-02
6.89	1.046115e-02
6.90	-7.852556e-03
6.91	-2.359815e-02
6.92	-3.488243e-02
6.93	-4.052493e-02
6.94	-4.019739e-02
6.95	-3.443952e-02
6.96	-2.455116e-02
6.97	-1.237876e-02
6.98	-2.811168e-05
6.99	1.045415e-02
7.00	1.738433e-02
7.01	1.968722e-02
7.02	1.704888e-02
7.03	9.955491e-03
7.04	-3.860946e-04
7.05	-1.223386e-02
7.06	-2.357458e-02
7.07	-3.242776e-02
7.08	-3.714544e-02
7.09	-3.666457e-02
7.10	-3.067551e-02
7.11	-1.968239e-02
7.12	-4.946162e-03
7.13	1.168172e-02
7.14	2.801193e-02
7.15	4.182085e-02
7.16	5.116226e-02
7.17	5.464367e-02
7.18	5.162820e-02
7.19	4.233368e-02
7.20	2.781481e-02
7.21	9.830456e-03
7.22	-9.385778e-03
7.23	-2.742036e-02
7.24	-4.199960e-02
7.25	-5.129077e-02
7.26	-5.414342e-02
7.27	-5.023851e-02
7.28	-4.012545e-02
7.29	-2.514278e-02
7.30	-7.234184e-03
7.31	1.131432e-02
7.32	2.817950e-02
7.33	4.130661e-02
7.34	4.917406e-02
7.35	5.098178e-02
7.36	4.673878e-02
7.37	3.723972e-02
7.38	2.393547e-02
7.39	8.717545e-03
7.40	-6.352473e-03
7.41	-1.932997e-02
7.42	-2.865075e-02
7.43	-3.333471e-02
7.44	-3.310236e-02
7.45	-2.838971e-02
7.46	-2.026116e-02
7.47	-1.023479e-02
7.48	-4.630549e-05
7.49	8.613629e-03
7.50	1.435059e-02
7.51	1.627022e-02
7.52	1.410589e-02
7.53	8.252456e-03
7.54	-2.978382e-04
7.55	-1.010745e-02
7.56	-1.951108e-02
7.57	-2.686699e-02
7.58	-3.080557e-02
7.59	-3.043931e-02
7.60	-2.550380e-02
7.61	-1.640931e-02
7.62	-4.195242e-03
7.63	9.606476e-03
7.64	2.318009e-02
7.65	3.467752e-02
7.66	4.247749e-02
7.67	4.541579e-02
7.68	4.295434e-02
7.69	3.526520e-02
7.70	2.321732e-02
7.71	8.267789e-03
7.72	-7.727918e-03
7.73	-2.276065e-02
7.74	-3.493379e-02
7.75	-4.271452e-02
7.76	-4.513605e-02
7.77	-4.192330e-02
7.78	-3.352546e-02
7.79	-2.105144e-02
7.80	-6.117698e-03
7.81	9.370103e-03
7.82	2.347149e-02
7.83	3.446661e-02
7.84	4.107811e-02
7.85	4.262968e-02
7.86	3.912072e-02
7.87	3.120821e-02
7.88	2.009983e-02
7.89	7.374637e-03
7.90	-5.242804e-03
7.91	-1.612268e-02
7.92	-2.395101e-02
7.93	-2.790111e-02
7.94	-2.773247e-02
7.95	-2.380448e-02
7.96	-1.700466e-02
7.97	-8.603098e-03
7.98	-5.500060e-05
7.99	7.219561e-03
8.00	1.204685e-02
8.01	1.367136e-02
8.02	1.186402e-02
8.03	6.951744e-03
8.04	-2.353285e-04
8.05	-8.490787e-03
8.06	-1.641432e-02
8.07	-2.262292e-02
8.08	-2.596038e-02
8.09	-2.567464e-02
8.10	-2.153751e-02
8.11	-1.388924e-02
8.12	-3.601273e-03
8.13	8.037947e-03
8.14	1.949819e-02
8.15	2.921929e-02
8.16	3.582985e-02
8.17	3.834218e-02
8.18	3.629581e-02
8.19	2.982962e-02
8.20	1.967181e-02
8.21	7.049147e-03
8.22	-6.472595e-03
8.23	-1.919496e-02
8.24	-2.951183e-02
8.25	-3.612236e-02
8.26	-3.820278e-02
8.27	-3.551380e-02
8.28	-2.842934e-02
8.29	-1.788297e-02
8.30	-5.240104e-03
8.31	7.886421e-03
8.32	1.985156e-02
8.33	2.919472e-02
8.34	3.482842e-02
8.35	3.617358e-02
8.36	3.322387e-02
8.37	2.653142e-02
8.38	1.711706e-02
8.39	6.318842e-03
8.40	-4.399358e-03
8.41	-1.365187e-02
8.42	-2.031937e-02
8.43	-2.369528e-02
8.44	-2.357061e-02
8.45	-2.024659e-02
8.46	-1.447452e-02
8.47	-7.332602e-03
8.48	-5.842661e-05
8.49	6.138424e-03
8.50	1.025640e-02
8.51	1.164887e-02
8.52	1.011704e-02
8.53	5.935940e-03
8.54	-1.897101e-04
8.55	-7.233082e-03
8.56	-1.400030e-02
8.57	-1.931044e-02
8.58	-2.217446e-02
8.59	-2.194698e-02
8.60	-1.842923e-02
8.61	-1.190785e-02
8.62	-3.123915e-03
8.63	6.823864e-03
8.64	1.662840e-02
8.65	2.495505e-02
8.66	3.062874e-02
8.67	3.280100e-02
8.68	3.107343e-02
8.69	2.556019e-02
8.70	1.688030e-02
8.71	6.080745e-03
8.72	-5.499506e-03
8.73	-1.640584e-02
8.74	-2.526071e-02
8.75	-3.094633e-02
8.76	-3.275246e-02
8.77	-3.046924e-02
8.78	-2.441263e-02
8.79	-1.537939e-02
8.80	-4.538059e-03
8.81	6.728690e-03
8.82	1.700859e-02
8.83	2.504586e-02
8.84	2.990352e-02
8.85	3.108023e-02
8.86	2.856627e-02
8.87	2.283211e-02
8.88	1.475193e-02
8.89	5.474011e-03
8.90	-3.743551e-03
8.91	-1.170822e-02
8.92	-1.745512e-02
8.93	-2.037339e-02
8.94	-2.027986e-02
8.95	-1.743060e-02
8.96	-1.246975e-02
8.97	-6.324067e-03
8.98	-5.889867e-05
8.99	5.283118e-03
9.00	8.837344e-03
9.01	1.004410e-02
9.02	8.729316e-03
9.03	5.127532e-03
9.04	-1.555670e-04
9.05	-6.235434e-03
9.06	-1.208213e-02
9.07	-1.667559e-02
9.08	-1.916011e-02
9.09	-1.897588e-02
9.10	-1.594825e-02
9.11	-1.032192e-02
9.12	-2.734825e-03
9.13	5.865077e-03
9.14	1.434837e-02
9.15	2.156038e-02
9.16	2.648303e-02
9.17	2.837960e-02
9.18	2.690207e-02
9.19	2.214575e-02
9.20	1.464327e-02
9.21	5.298629e-03
9.22	-4.730092e-03
9.23	-1.418316e-02
9.24	-2.186608e-02
9.25	-2.680805e-02
9.26	-2.839046e-02
9.27	-2.642786e-02
9.28	-2.119071e-02
9.29	-1.336691e-02
9.30	-3.967825e-03
9.31	5.808079e-03
9.32	1.473521e-02
9.33	2.172235e-02
9.34	2.595384e-02
9.35	2.699144e-02
9.36	2.482354e-02
9.37	1.985573e-02
9.38	1.284503e-02
9.39	4.787598e-03
9.40	-3.223728e-03
9.41	-1.015183e-02
9.42	-1.515637e-02
9.43	-1.770404e-02
9.44	-1.763305e-02
9.45	-1.516369e-02
9.46	-1.085436e-02
9.47	-5.510135e-03
9.48	-5.772407e-05
9.49	4.594865e-03
9.50	7.693643e-03
9.51	8.749474e-03
9.52	7.608702e-03
9.53	4.473679e-03
9.54	-1.294544e-04
9.55	-5.430796e-03
9.56	-1.053277e-02
9.57	-1.454539e-02
9.58	-1.672109e-02
9.59	-1.656965e-02
9.60	-1.393646e-02
9.61	-9.032854e-03
9.62	-2.413685e-03
9.63	5.094796e-03
9.64	1.250695e-02
9.65	1.881399e-02
9.66	2.312535e-02
9.67	2.479540e-02
9.68	2.351753e-02
9.69	1.937237e-02
9.70	1.282307e-02
9.71	4.658000e-03
9.72	-4.111310e-03
9.73	-1.238333e-02
9.74	-1.911241e-02
9.75	-2.344758e-02
9.76	-2.484519e-02
9.77	-2.314029e-02
9.78	-1.856693e-02
9.79	-1.172502e-02
9.80	-3.498444e-03
9.81	5.064052e-03
9.82	1.288885e-02
9.83	1.901895e-02
9.84	2.273792e-02
9.85	2.365944e-02
9.86	2.177088e-02
9.87	1.742552e-02
9.88	1.128524e-02
9.89	4.222414e-03
9.90	-2.804824e-03
9.91	-8.886267e-03
9.92	-1.328350e-02
9.93	-1.552688e-02
9.94	-1.547250e-02
9.95	-1.331188e-02
9.96	-9.533684e-03
9.97	-4.843783e-03
9.98	-5.565816e-05
9.99	4.032835e-03
10.00	6.758405e-03
10.01	7.689924e-03
10.02	6.690797e-03
10.03	3.937357e-03
10.04	-1.091065e-04
10.05	-4.772414e-03
10.06	-9.263387e-03
10.07	-1.279875e-02
10.08	-1.471979e-02
10.09	-1.459367e-02
10.10	-1.228262e-02
10.11	-7.970943e-03
10.12	-2.145653e-03
10.13	4.466707e-03
10.14	1.099848e-02
10.15	1.656075e-02
10.16	2.036796e-02
10.17	2.184966e-02
10.18	2.073370e-02
10.19	1.708910e-02
10.20	1.132224e-02
10.21	4.126735e-03
10.22	-3.606305e-03
10.23	-1.090552e-02
10.24	-1.684795e-02
10.25	-2.068154e-02
10.26	-2.192480e-02
10.27	-2.043009e-02
10.28	-1.640191e-02
10.29	-1.036802e-02
10.30	-3.107516e-03
10.31	4.454215e-03
10.32	1.136891e-02
10.33	1.679049e-02
10.34	2.008467e-02
10.35	2.090837e-02
10.36	1.924853e-02
10.37	1.541559e-02
10.38	9.993160e-03
10.39	3.751554e-03
10.40	-2.462367e-03
10.41	-7.843361e-03
10.42	-1.173746e-02
10.43	-1.372794e-02
10.44	-1.368602e-02
10.45	-1.177968e-02
10.46	-8.440151e-03
10.47	-4.291376e-03
10.48	-5.314411e-05
10.49	3.567950e-03
10.50	5.983883e-03
10.51	6.811803e-03
10.52	5.929503e-03
10.53	3.491997e-03
10.54	-9.298959e-05
10.55	-4.226877e-03
10.56	-8.210376e-03
10.57	-1.134881e-02
10.58	-1.305739e-02
10.59	-1.295116e-02
10.60	-1.090659e-02
10.61	-7.085805e-03
10.62	-1.919699e-03
10.63	3.947880e-03
10.64	9.747273e-03
10.65	1.468930e-02
10.66	1.807586e-02
10.67	1.939927e-02
10.68	1.841639e-02
10.69	1.518690e-02
10.70	1.007022e-02
10.71	3.681320e-03
10.72	-3.188831e-03
10.73	-9.677268e-03
10.74	-1.496332e-02
10.75	-1.837756e-02
10.76	-1.949061e-02
10.77	-1.816956e-02
10.78	-1.459461e-02
10.79	-9.233645e-03
10.80	-2.778518e-03
10.81	3.948160e-03
10.82	1.010276e-02
10.83	1.493190e-02
10.84	1.787009e-02
10.85	1.861064e-02
10.86	1.714041e-02
10.87	1.373434e-02
10.88	8.910874e-03
10.89	3.355171e-03
10.90	-2.178863e-03
10.91	-6.973795e-03
10.92	-1.044641e-02
10.93	-1.222444e-02
10.94	-1.219198e-02
10.95	-1.049755e-02
10.96	-7.524514e-03
10.97	-3.828344e-03
10.98	-5.044381e-05
10.99	3.179047e-03
11.00	5.335256e-03
11.01	6.075934e-03
11.02	5.291118e-03
11.03	3.118136e-03
11.04	-8.003901e-05
11.05	-3.769799e-03
11.06	-7.327216e-03
11.07	-1.013200e-02
11.08	-1.166150e-02
11.09	-1.157111e-02
11.10	-9.749467e-03
11.11	-6.340284e-03
11.12	-1.727499e-03
11.13	3.514388e-03
11.14	8.698005e-03
11.15	1.311801e-02
11.16	1.614995e-02
11.17	1.733910e-02
11.18	1.646692e-02
11.19	1.358547e-02
11.20	9.014919e-03
11.21	3.304230e-03
11.22	-2.839789e-03
11.23	-8.645389e-03
11.24	-1.337808e-02
11.25	-1.643819e-02
11.26	-1.744039e-02
11.27	-1.626446e-02
11.28	-1.307035e-02
11.29	-8.275723e-03
11.30	-2.499049e-03
11.31	3.523626e-03
11.32	9.036896e-03
11.33	1.336564e-02
11.34	1.600256e-02
11.35	1.667185e-02
11.36	1.536054e-02
11.37	1.231383e-02
11.38	7.995313e-03
11.39	3.018370e-03
11.40	-1.941543e-03
11.41	-6.241187e-03
11.42	-9.357205e-03
11.43	-1.095506e-02
11.44	-1.092986e-02
11.45	-9.413902e-03
11.46	-6.750178e-03
11.47	-3.436398e-03
11.48	-4.771170e-05
11.49	2.850427e-03
11.50	4.786647e-03
11.51	5.453172e-03
11.52	4.750540e-03
11.53	2.801250e-03
11.54	-6.949895e-05
11.55	-3.383039e-03
11.56	-6.579250e-03
11.57	-9.100889e-03
11.58	-1.047804e-02
11.59	-1.040043e-02
11.60	-8.767165e-03
11.61	-5.706495e-03
11.62	-1.562677e-03
11.63	3.148507e-03
11.64	7.809452e-03
11.65	1.178598e-02
11.66	1.451620e-02
11.67	1.559049e-02
11.68	1.481136e-02
11.69	1.222459e-02
11.70	8.117189e-03
11.71	2.982188e-03
11.72	-2.545014e-03
11.73	-7.770154e-03
11.74	-1.203204e-02
11.75	-1.479037e-02
11.76	-1.569744e-02
11.77	-1.464400e-02
11.78	-1.177299e-02
11.79	-7.459476e-03
11.80	-2.259660e-03
11.81	3.164009e-03
11.82	8.131204e-03
11.83	1.203347e-02
11.84	1.441318e-02
11.85	1.502095e-02
11.86	1.384416e-02
11.87	1.110281e-02
11.88	7.213914e-03
11.89	2.729794e-03
11.90	-1.740913e-03
11.91	-5.618220e-03
11.92	-8.429871e-03
11.93	-9.873590e-03
11.94	-9.854048e-03
11.95	-8.489778e-03
11.96	-6.089497e-03
11.97	-3.101698e-03
11.98	-4.503742e-05
11.99	2.570247e-03
12.00	4.318503e-03
12.01	4.921470e-03
12.02	4.288764e-03
12.03	2.530323e-03
12.04	-6.082237e-05
12.05	-3.052881e-03
12.06	-5.940229e-03
12.07	-8.219526e-03
12.08	-9.465997e-03
12.09	-9.398824e-03
12.10	-7.926166e-03
12.11	-5.163182e-03
12.12	-1.420290e-03
12.13	2.836883e-03
12.14	7.050397e-03
12.15	1.064698e-02
12.16	1.311836e-02
12.17	1.409364e-02
12.18	1.339346e-02
12.19	1.105839e-02
12.20	7.347156e-03
12.21	2.704990e-03
12.22	-2.293822e-03
12.23	-7.021391e-03
12.24	-1.087937e-02
12.25	-1.337845e-02
12.26	-1.420329e-02
12.27	-1.325419e-02
12.28	-1.065962e-02
12.29	-6.758285e-03
12.30	-2.053048e-03
12.31	2.856727e-03
12.32	7.355131e-03
12.33	1.089098e-02
12.34	1.304933e-02
12.35	1.360366e-02
12.36	1.254172e-02
12.37	1.006202e-02
12.38	6.541695e-03
12.39	2.480668e-03
12.40	-1.569792e-03
12.41	-5.084062e-03
12.42	-7.633852e-03
12.43	-8.944701e-03
12.44	-8.929590e-03
12.45	-7.695339e-03
12.46	-5.521271e-03
12.47	-2.813617e-03
12.48	-4.247123e-05
12.49	2.329433e-03
12.50	3.915822e-03
12.51	4.463905e-03
12.52	3.891186e-03
12.53	2.296881e-03
12.54	-5.360622e-05
12.55	-2.768795e-03
12.56	-5.389978e-03
12.57	-7.460259e-03
12.58	-8.593800e-03
12.59	-8.535231e-03
12.60	-7.200613e-03
12.61	-4.693911e-03
12.62	-1.296457e-03
12.63	2.569303e-03
12.64	6.396847e-03
12.65	9.665445e-03
12.66	1.191312e-02
12.67	1.280244e-02
12.68	1.216983e-02
12.69	1.005144e-02
12.70	6.681704e-03
12.71	2.464686e-03
12.72	-2.078032e-03
12.73	-6.375858e-03
12.74	-9.884741e-03
12.75	-1.215946e-02
12.76	-1.291274e-02
12.77	-1.205323e-02
12.78	-9.697027e-03
12.79	-6.151501e-03
12.80	-1.873499e-03
12.81	2.592101e-03
12.82	6.685075e-03
12.83	9.903781e-03
12.84	1.187028e-02
12.85	1.237788e-02
12.86	1.141478e-02
12.87	9.161001e-03
12.88	5.959226e-03
12.89	2.264122e-03
12.90	-1.422674e-03
12.91	-4.622602e-03
12.92	-6.945477e-03
12.93	-8.140982e-03
12.94	-8.129373e-03
12.95	-7.007408e-03
12.96	-5.029020e-03
12.97	-2.563881e-03
12.98	-4.003915e-05
12.99	2.120943e-03
13.00	3.566946e-03
13.01	4.067307e-03
13.02	3.546435e-03
13.03	2.094313e-03
13.04	-4.754887e-05
13.05	-2.522593e-03
13.06	-4.912786e-03
13.07	-6.801536e-03
13.08	-7.836821e-03
13.09	-7.785415e-03
13.10	-6.570305e-03
13.11	-4.285816e-03
13.12	-1.188099e-03
13.13	2.337847e-03
13.14	5.830122e-03
13.15	8.813632e-03
13.16	1.086665e-02
13.17	1.168088e-02
13.18	1.110653e-02
13.19	9.176011e-03
13.20	6.102721e-03
13.21	2.255014e-03
13.22	-1.891297e-03
13.23	-5.815418e-03
13.24	-9.020525e-03
13.25	-1.109979e-02
13.26	-1.179042e-02
13.27	-1.100840e-02
13.28	-8.859168e-03
13.29	-5.622908e-03
13.30	-1.716489e-03
13.31	2.362592e-03
13.32	6.102572e-03
13.33	9.044964e-03
13.34	1.084409e-02
13.35	1.131060e-02
13.36	1.043318e-02
13.37	8.375794e-03
13.38	5.451216e-03
13.39	2.074718e-03
13.40	-1.295277e-03
13.41	-4.221226e-03
13.42	-6.346179e-03
13.43	-7.440914e-03
13.44	-7.432093e-03
13.45	-6.407763e-03
13.46	-4.599780e-03
13.47	-2.345976e-03
13.48	-3.775245e-05
13.49	1.939239e-03
13.50	3.262699e-03
13.51	3.721307e-03
13.52	3.245550e-03
13.53	1.917407e-03
13.54	-4.242135e-05
13.55	-2.307825e-03
13.56	-4.496269e-03
13.57	-6.226356e-03
13.58	-7.175624e-03
13.59	-7.130232e-03
13.60	-6.019274e-03
13.61	-3.928711e-03
13.62	-1.092747e-03
13.63	2.136296e-03
13.64	5.335497e-03
13.65	8.069651e-03
13.66	9.952242e-03
13.67	1.070049e-02
13.68	1.017673e-02
13.69	8.410155e-03
13.70	5.595850e-03
13.71	2.070985e-03
13.72	-1.728629e-03
13.73	-5.325747e-03
13.74	-8.264882e-03
13.75	-1.017284e-02
13.76	-1.080830e-02
13.77	-1.009376e-02
13.78	-8.125387e-03
13.79	-5.159628e-03
13.80	-1.578403e-03
13.81	2.162252e-03
13.82	5.593008e-03
13.83	8.293196e-03
13.84	9.945444e-03
13.85	1.037564e-02
13.86	9.572954e-03
13.87	7.687374e-03
13.88	5.005494e-03
13.89	1.908106e-03
13.90	-1.184232e-03
13.91	-3.869938e-03
13.92	-5.821225e-03
13.93	-6.827412e-03
13.94	-6.820823e-03
13.95	-5.881920e-03
13.96	-4.223238e-03
13.97	-2.154715e-03
13.98	-3.561338e-05
13.99	1.779923e-03
14.00	2.995781e-03
14.01	3.417651e-03
14.02	2.981393e-03
14.03	1.762004e-03
14.04	-3.804754e-05
14.05	-2.119361e-03
14.06	-4.130561e-03
14.07	-5.721167e-03
14.08	-6.594708e-03
14.09	-6.554403e-03
14.10	-5.534761e-03
14.11	-3.614442e-03
14.12	-1.008405e-03
14.13	1.959715e-03
14.14	4.901242e-03
14.15	7.416042e-03
14.16	9.148575e-03
14.17	9.838545e-03
14.18	9.358980e-03
14.19	7.736324e-03
14.20	5.149597e-03
14.21	1.908583e-03
14.22	-1.586065e-03
14.23	-4.895413e-03
14.24	-7.600358e-03
14.25	-9.357333e-03
14.26	-9.943976e-03
14.27	-9.288553e-03
14.28	-7.479134e-03
14.29	-4.751327e-03
14.30	-1.456319e-03
14.31	1.986342e-03
14.32	5.144696e-03
14.33	7.631397e-03
14.34	9.154039e-03
14.35	9.551991e-03
14.36	8.814890e-03
14.37	7.080462e-03
14.38	4.612280e-03
14.39	1.760774e-03
14.40	-1.086859e-03
14.41	-3.560739e-03
14.42	-5.358811e-03
14.43	-6.286770e-03
14.44	-6.281976e-03
14.45	-5.418246e-03
14.46	-3.891108e-03
14.47	-1.985923e-03
14.48	-3.361882e-05
14.49	1.639462e-03
14.50	2.760327e-03
14.51	3.149700e-03
14.52	2.748221e-03
14.53	1.624755e-03
14.54	-3.429042e-05
14.55	-1.953073e-03
14.56	-3.807721e-03
14.57	-5.275058e-03
14.58	-6.081581e-03
14.59	-6.045613e-03
14.60	-5.106476e-03
14.61	-3.336423e-03
14.62	-9.334451e-04
14.63	1.804145e-03
14.64	4.517919e-03
14.65	6.838738e-03
14.66	8.438462e-03
14.67	9.076697e-03
14.68	8.635973e-03
14.69	7.140343e-03
14.70	4.754667e-03
14.71	1.764550e-03
14.72	-1.460426e-03
14.73	-4.515203e-03
14.74	-7.012871e-03
14.75	-8.636100e-03
14.76	-9.179330e-03
14.77	-8.575988e-03
14.78	-6.907022e-03
14.79	-4.389640e-03
14.80	-1.347859e-03
14.81	1.831048e-03
14.82	4.748199e-03
14.83	7.045765e-03
14.84	8.453470e-03
14.85	8.822658e-03
14.86	8.143428e-03
14.87	6.542683e-03
14.88	4.263640e-03
14.89	1.629859e-03
14.90	-1.001005e-03
14.91	-3.287165e-03
14.92	-4.949382e-03
14.93	-5.807891e-03
14.94	-5.804550e-03
14.95	-5.007313e-03
14.96	-3.596670e-03
14.97	-1.836215e-03
14.98	-3.176260e-05
14.99	1.514994e-03
15.00	2.551578e-03
15.01	2.912069e-03
15.02	2.541370e-03
15.03	1.502940e-03
15.04	-3.104219e-05
15.05	-1.805615e-03
15.06	-3.521302e-03
15.07	-4.879163e-03
15.08	-5.626094e-03
15.09	-5.593844e-03
15.10	-4.726045e-03
15.11	-3.089286e-03
15.12	-8.665280e-04
15.13	1.666382e-03
15.14	4.177865e-03
15.15	6.326310e-03
15.16	7.807928e-03
15.17	8.400030e-03
15.18	7.993622e-03
15.19	6.610667e-03
15.20	4.403483e-03
15.21	1.636218e-03
15.22	-1.349137e-03
15.23	-4.177625e-03
15.24	-6.490958e-03
15.25	-7.995149e-03
15.26	-8.499605e-03
15.27	-7.942381e-03
15.28	-6.398129e-03
15.29	-4.067731e-03
15.30	-1.251070e-03
15.31	1.693271e-03
15.32	4.395830e-03
15.33	6.525044e-03
15.34	7.830349e-03
15.35	8.173775e-03
15.36	7.545863e-03
15.37	6.063923e-03
15.38	3.953083e-03
15.39	1.513011e-03
15.40	-9.249250e-04
15.41	-3.043947e-03
15.42	-4.585142e-03
15.43	-5.381715e-03
15.44	-5.379550e-03
15.45	-4.641417e-03
15.46	-3.334431e-03
15.47	-1.702818e-03
15.48	-3.003692e-05
15.49	1.404181e-03
15.50	2.365643e-03
15.51	2.700350e-03
15.52	2.357024e-03
15.53	1.394327e-03
15.54	-2.821721e-05
15.55	-1.674246e-03
15.56	-3.266025e-03
15.57	-4.526219e-03
15.58	-5.219925e-03
15.59	-5.190885e-03
15.60	-4.386593e-03
15.61	-2.868623e-03
15.62	-8.065451e-04
15.63	1.543809e-03
15.64	3.874803e-03
15.65	5.869389e-03
15.66	7.245512e-03
15.67	7.796303e-03
15.68	7.420359e-03
15.69	6.137813e-03
15.70	4.089815e-03
15.71	1.521387e-03
15.72	-1.250093e-03
15.73	-3.876535e-03
15.74	-6.025211e-03
15.75	-7.422992e-03
15.76	-7.892678e-03
15.77	-7.376483e-03
15.78	-5.943473e-03
15.79	-3.779975e-03
15.80	-1.164338e-03
15.81	1.570473e-03
15.82	4.081275e-03
15.83	6.059985e-03
15.84	7.273669e-03
15.85	7.593929e-03
15.86	7.011737e-03
15.87	5.635850e-03
15.88	3.675259e-03
15.89	1.408286e-03
15.90	-8.571902e-04
15.91	-2.826754e-03
15.92	-4.259679e-03
15.93	-5.000781e-03
15.94	-4.999574e-03
15.95	-4.314208e-03
15.96	-3.099860e-03
15.97	-1.583446e-03
15.98	-2.843324e-05
15.99	1.305095e-03
16.00	2.199316e-03
16.01	2.510908e-03
16.02	2.192032e-03
16.03	1.297076e-03
16.04	-2.574681e-05
16.05	-1.556710e-03
16.06	-3.037534e-03
16.07	-4.210231e-03
16.08	-4.856204e-03
16.09	-4.829948e-03
16.10	-4.082442e-03
16.11	-2.670782e-03
16.12	-7.525720e-04
16.13	1.434274e-03
16.14	3.603559e-03
16.15	5.460238e-03
16.16	6.741744e-03
16.17	7.255397e-03
16.18	6.906623e-03
16.19	5.713935e-03
16.20	3.808503e-03
16.21	1.418228e-03
16.22	-1.161563e-03
16.23	-3.606859e-03
16.24	-5.607851e-03
16.25	-6.910125e-03
16.26	-7.348511e-03
16.27	-6.868980e-03
16.28	-5.535611e-03
16.29	-3.521706e-03
16.30	-1.086317e-03
16.31	1.460559e-03
16.32	3.799312e-03
16.33	5.642929e-03
16.34	6.774308e-03
16.35	7.073665e-03
16.36	6.532377e-03
16.37	5.251556e-03
16.38	3.425724e-03
16.39	1.314064e-03
16.40	-7.966248e-04
16.41	-2.632003e-03
16.42	-3.967677e-03
16.43	-4.658907e-03
16.44	-4.658480e-03
16.45	-4.020419e-03
16.46	-2.889198e-03
16.47	-1.476201e-03
16.48	-2.694287e-05
16.49	1.216138e-03
16.50	2.049933e-03
16.51	2.340724e-03
16.52	2.043776e-03
16.53	1.209656e-03
16.54	-2.357547e-05
16.55	-1.451129e-03
16.56	-2.832208e-03
16.57	-3.926214e-03
16.58	-4.529215e-03
16.59	-4.505388e-03
16.60	-3.808860e-03
16.61	-2.492723e-03
16.62	-7.038332e-04
16.63	1.335991e-03
16.64	3.359828e-03
16.65	5.092424e-03
16.66	6.288744e-03
16.67	6.768891e-03
16.68	6.444447e-03
16.69	5.332496e-03
16.70	3.555247e-03
16.71	1.325212e-03
16.72	-1.082111e-03
16.73	-3.364375e-03
16.74	-5.232401e-03
16.75	-6.448631e-03
16.76	-6.858740e-03
16.77	-6.412104e-03
16.78	-5.168336e-03
16.79	-3.289029e-03
16.80	-1.015878e-03
16.81	1.361789e-03
16.82	3.545590e-03
16.83	5.267488e-03
16.84	6.324659e-03
16.85	6.605089e-03
16.86	6.100545e-03
16.87	4.905267e-03
16.88	3.200764e-03
16.89	1.228987e-03
16.90	-7.422525e-04
16.91	-2.456704e-03
16.92	-3.704702e-03
16.93	-4.350928e-03
16.94	-4.351137e-03
16.95	-3.755648e-03
16.96	-2.699303e-03
16.97	-1.379493e-03
16.98	-2.555729e-05
16.99	1.135976e-03
17.00	1.915268e-03
17.01	2.187273e-03
17.02	1.910068e-03
17.03	1.130784e-03
17.04	-2.165796e-05
17.05	-1.355937e-03
17.06	-2.647018e-03
17.07	-3.669995e-03
17.08	-4.234173e-03
17.09	-4.212476e-03
17.10	-3.561885e-03
17.11	-2.331892e-03
17.12	-6.596741e-04
17.13	1.247471e-03
17.14	3.140012e-03
17.15	4.760560e-03
17.16	5.879914e-03
17.17	6.329725e-03
17.18	6.027156e-03
17.19	4.988015e-03
17.20	3.326436e-03
17.21	1.241052e-03
17.22	-1.010537e-03
17.23	-3.145545e-03
17.24	-4.893430e-03
17.25	-6.031870e-03
17.26	-6.416351e-03
17.27	-5.999340e-03
17.28	-4.836436e-03
17.29	-3.078672e-03
17.30	-9.520710e-04
17.31	1.272707e-03
17.32	3.316458e-03
17.33	4.928307e-03
17.34	5.918337e-03
17.35	6.181576e-03
17.36	5.710158e-03
17.37	4.592132e-03
17.38	2.997255e-03
17.39	1.151909e-03
17.40	-6.932575e-04
17.41	-2.298351e-03
17.42	-3.467030e-03
17.43	-4.072508e-03
17.44	-4.073235e-03
17.45	-3.516197e-03
17.46	-2.527532e-03
17.47	-1.291985e-03
17.48	-2.426836e-05
17.49	1.063487e-03
17.50	1.793450e-03
17.51	2.048432e-03
17.52	1.789065e-03
17.53	1.059382e-03
17.54	-1.995711e-05
17.55	-1.269812e-03
17.56	-2.479416e-03
17.57	-3.438063e-03
17.58	-3.967049e-03
17.59	-3.947228e-03
17.60	-3.338174e-03
17.61	-2.186139e-03
17.62	-6.195390e-04
17.63	1.167463e-03
17.64	2.941082e-03
17.65	4.460109e-03
17.66	5.509691e-03
17.67	5.931953e-03
17.68	5.649121e-03
17.69	4.675865e-03
17.70	3.119022e-03
17.71	1.164659e-03
17.72	-9.458327e-04
17.73	-2.947390e-03
17.74	-4.586363e-03
17.75	-5.654243e-03
17.76	-6.015422e-03
17.77	-5.625186e-03
17.78	-4.535510e-03
17.79	-2.887867e-03
17.80	-8.940891e-04
17.81	1.192085e-03
17.82	3.108840e-03
17.83	4.620861e-03
17.84	5.549947e-03
17.85	5.797527e-03
17.86	5.356079e-03
17.87	4.308051e-03
17.88	2.812555e-03
17.89	1.081858e-03
17.90	-6.489541e-04
17.91	-2.154829e-03
17.92	-3.251517e-03
17.93	-3.819981e-03
17.94	-3.821132e-03
17.95	-3.298937e-03
17.96	-2.371650e-03
17.97	-1.212548e-03
17.98	-2.306842e-05
17.99	9.977204e-04
18.00	1.682895e-03
18.01	1.922403e-03
18.02	1.679205e-03
18.03	9.945357e-04
18.04	-1.844223e-05
18.05	-1.191640e-03
18.06	-2.327241e-03
18.07	-3.227441e-03
18.08	-3.724429e-03
18.09	-3.706265e-03
18.10	-3.134896e-03
18.11	-2.053634e-03
18.12	-5.829542e-04
18.13	1.094910e-03
18.14	2.760473e-03
18.15	4.187229e-03
18.16	5.173365e-03
18.17	5.570530e-03
18.18	5.305569e-03
18.19	4.392126e-03
18.20	2.930419e-03
18.21	1.095106e-03
18.22	-8.871474e-04
18.23	-2.767386e-03
18.24	-4.307317e-03
18.25	-5.311000e-03
18.26	-5.650930e-03
18.27	-5.284972e-03
18.28	-4.261819e-03
18.29	-2.714266e-03
18.30	-8.412446e-04
18.31	1.118886e-03
18.32	2.920123e-03
18.33	4.341311e-03
18.34	5.214913e-03
18.35	5.448186e-03
18.36	5.033941e-03
18.37	4.049538e-03
18.38	2.644415e-03
18.39	1.018006e-03
18.40	-6.087622e-04
18.41	-2.024341e-03
18.42	-3.055490e-03
18.43	-3.590234e-03
18.44	-3.591729e-03
18.45	-3.101208e-03
18.46	-2.229756e-03
18.47	-1.140217e-03
18.48	-2.195032e-05
18.49	9.378711e-04
18.50	1.582256e-03
18.51	1.807657e-03
18.52	1.579163e-03
18.53	9.354658e-04
18.54	-1.708777e-05
18.55	-1.120470e-03
18.56	-2.188658e-03
18.57	-3.035598e-03
18.58	-3.503404e-03
18.59	-3.486712e-03
18.60	-2.949635e-03
18.61	-1.932820e-03
18.62	-5.495133e-04
18.63	1.028913e-03
18.64	2.596003e-03
18.65	3.938646e-03
18.66	4.866919e-03
18.67	5.241159e-03
18.68	4.992428e-03
18.69	4.133450e-03
18.70	2.758418e-03
18.71	1.031600e-03
18.72	-8.337570e-04
18.73	-2.603381e-03
18.74	-4.052984e-03
18.75	-4.998088e-03
18.76	-5.318590e-03
18.77	-4.974715e-03
18.78	-4.012175e-03
18.79	-2.555860e-03
18.80	-7.929482e-04
18.81	1.052226e-03
18.82	2.748082e-03
18.83	4.086382e-03
18.84	4.909325e-03
18.85	5.129495e-03
18.86	4.740014e-03
18.87	3.813614e-03
18.88	2.490914e-03
18.89	9.596419e-04
18.90	-5.721889e-04
18.91	-1.905356e-03
18.92	-2.876671e-03
18.93	-3.380608e-03
18.94	-3.382381e-03
18.95	-2.920738e-03
18.96	-2.100226e-03
18.97	-1.074171e-03
18.98	-2.090747e-05
18.99	8.832498e-04
19.00	1.490382e-03
19.01	1.702886e-03
19.02	1.487802e-03
19.03	8.815064e-04
19.04	-1.587237e-05
19.05	-1.055491e-03
19.06	-2.062095e-03
19.07	-2.860364e-03
19.08	-3.301485e-03
19.09	-3.286105e-03
19.10	-2.780324e-03
19.11	-1.822362e-03
19.12	-5.188666e-04
19.13	9.687074e-04
19.14	2.445806e-03
19.15	3.711559e-03
19.16	4.586916e-03
19.17	4.940159e-03
19.18	4.706214e-03
19.19	3.896971e-03
19.20	2.601128e-03
19.21	9.734606e-04
19.22	-7.850436e-04
19.23	-2.453535e-03
19.24	-3.820530e-03
19.25	-4.712037e-03
19.26	-5.014729e-03
19.27	-4.690998e-03
19.28	-3.783840e-03
19.29	-2.410926e-03
19.30	-7.486929e-04
19.31	9.913487e-04
19.32	2.590809e-03
19.33	3.853266e-03
19.34	4.629831e-03
19.35	4.837970e-03
19.36	4.471098e-03
19.37	3.597721e-03
19.38	2.350399e-03
19.39	9.061554e-04
19.40	-5.388126e-04
19.41	-1.796561e-03
19.42	-2.713102e-03
19.43	-3.188818e-03
19.44	-3.190816e-03
19.45	-2.755574e-03
19.46	-1.981663e-03
19.47	-1.013701e-03
19.48	-1.993381e-05
19.49	8.332648e-04
19.50	1.406283e-03
19.51	1.606967e-03
19.52	1.404146e-03
19.53	8.320845e-04
19.54	-1.477805e-05
19.55	-9.960045e-04
19.56	-1.946201e-03
19.57	-2.699878e-03
19.58	-3.116533e-03
19.59	-3.102326e-03
19.60	-2.625183e-03
19.61	-1.721108e-03
19.62	-4.907116e-04
19.63	9.136338e-04
19.64	2.308275e-03
19.65	3.503560e-03
19.66	4.330399e-03
19.67	4.664364e-03
19.68	4.443924e-03
19.69	3.680220e-03
19.70	2.456916e-03
19.71	9.200999e-04
19.72	-7.404765e-04
19.73	-2.316263e-03
19.74	-3.607515e-03
19.75	-4.449859e-03
19.76	-4.736184e-03
19.77	-4.430877e-03
19.78	-3.574456e-03
19.79	-2.277980e-03
19.80	-7.080402e-04
19.81	9.356045e-04
19.82	2.446659e-03
19.83	3.639543e-03
19.84	4.373542e-03
19.85	4.570609e-03
19.86	4.224434e-03
19.87	3.399656e-03
19.88	2.221447e-03
19.89	8.570177e-04
19.90	-5.082716e-04
19.91	-1.696824e-03
19.92	-2.563097e-03
19.93	-3.012899e-03
19.94	-3.015077e-03
19.95	-2.604034e-03
19.96	-1.872864e-03
19.97	-9.581973e-04
19.98	-1.902378e-05
19.99	7.874058e-04
