0.00	7.853340e-10
0.01	6.091988e-06
0.02	2.331323e-05
0.03	4.751222e-05
0.04	7.214195e-05
0.05	8.926451e-05
0.06	9.083126e-05
0.07	7.005414e-05
0.08	2.266294e-05
0.09	-5.214680e-05
0.10	-1.512324e-04
0.11	-2.675839e-04
0.12	-3.909820e-04
0.13	-5.091677e-04
0.14	-6.093807e-04
0.15	-6.800664e-04
0.16	-7.125165e-04
0.17	-7.022109e-04
0.18	-6.496613e-04
0.19	-5.606156e-04
0.20	-4.455701e-04
0.21	-3.186277e-04
0.22	-1.958319e-04
0.23	-9.318210e-05
0.24	-2.458726e-05
0.25	-2.828741e-08
0.26	-2.418052e-05
0.27	-9.569088e-05
0.28	-2.072206e-04
0.29	-3.462634e-04
0.30	-4.966449e-04
0.31	-6.405144e-04
0.32	-7.605728e-04
0.33	-8.422415e-04
0.34	-8.754853e-04
0.35	-8.560420e-04
0.36	-7.858941e-04
0.37	-6.729151e-04
0.38	-5.297415e-04
0.39	-3.720231e-04
0.40	-2.162959e-04
0.41	-7.777226e-05
0.42	3.164041e-05
0.43	1.048151e-04
0.44	1.401650e-04
0.45	1.415798e-04
0.46	1.175492e-04
0.47	7.960133e-05
0.48	4.028600e-05
0.49	1.100260e-05
0.50	1.273933e-09
0.51	1.086608e-05
0.52	4.172471e-05
0.53	8.532719e-05
0.54	1.300106e-04
0.55	1.614345e-04
0.56	1.648534e-04
0.57	1.276028e-04
0.58	4.143093e-05
0.59	-9.568430e-05
0.60	-2.785351e-04
0.61	-4.946951e-04
0.62	-7.256006e-04
0.63	-9.486063e-04
0.64	-1.139776e-03
0.65	-1.277056e-03
0.66	-1.343394e-03
0.67	-1.329379e-03
0.68	-1.234991e-03
0.69	-1.070191e-03
0.70	-8.541927e-04
0.71	-6.134674e-04
0.72	-3.786907e-04
0.73	-1.809892e-04
0.74	-4.797072e-05
0.75	-5.559158e-08
0.76	-4.761042e-05
0.77	-1.892921e-04
0.78	-4.118600e-04
0.79	-6.915239e-04
0.80	-9.966900e-04
0.81	-1.291775e-03
0.82	-1.541606e-03
0.83	-1.715836e-03
0.84	-1.792778e-03
0.85	-1.762156e-03
0.86	-1.626368e-03
0.87	-1.400087e-03
0.88	-1.108241e-03
0.89	-7.826210e-04
0.90	-4.575919e-04
0.91	-1.654784e-04
0.92	6.771458e-05
0.93	2.256470e-04
0.94	3.035643e-04
0.95	3.085028e-04
0.96	2.577312e-04
0.97	1.756308e-04
0.98	8.945653e-05
0.99	2.459090e-05
1.00	2.669822e-09
1.01	2.461174e-05
1.02	9.515546e-05
1.03	1.959511e-04
1.04	3.006842e-04
1.05	3.760567e-04
1.06	3.868431e-04
1.07	3.016709e-04
1.08	9.869417e-05
1.09	-2.297009e-04
1.10	-6.739328e-04
1.11	-1.206569e-03
1.12	-1.784246e-03
1.13	-2.352081e-03
1.14	-2.850122e-03
1.15	-3.221082e-03
1.16	-3.418345e-03
1.17	-3.413159e-03
1.18	-3.199956e-03
1.19	-2.798937e-03
1.20	-2.255386e-03
1.21	-1.635589e-03
1.22	-1.019699e-03
1.23	-4.923052e-04
1.24	-1.318395e-04
1.25	-1.546838e-07
1.26	-1.336705e-04
1.27	-5.373396e-04
1.28	-1.182374e-03
1.29	-2.008218e-03
1.30	-2.928700e-03
1.31	-3.841756e-03
1.32	-4.641577e-03
1.33	-5.231695e-03
1.34	-5.537299e-03
1.35	-5.515125e-03
1.36	-5.159517e-03
1.37	-4.503705e-03
1.38	-3.615965e-03
1.39	-2.591038e-03
1.40	-1.537785e-03
1.41	-5.647069e-04
1.42	2.347490e-04
1.43	7.950163e-04
1.44	1.087459e-03
1.45	1.124183e-03
1.46	9.558034e-04
1.47	6.631986e-04
1.48	3.441306e-04
1.49	9.642519e-05
1.50	1.020602e-08
1.51	1.004451e-04
1.52	3.965615e-04
1.53	8.344493e-04
1.54	1.309299e-03
1.55	1.675613e-03
1.56	1.765144e-03
1.57	1.410762e-03
1.58	4.734299e-04
1.59	-1.131258e-03
1.60	-3.410838e-03
1.61	-6.281710e-03
1.62	-9.565840e-03
1.63	-1.300027e-02
1.64	-1.625980e-02
1.65	-1.899143e-02
1.66	-2.085761e-02
1.67	-2.158372e-02
1.68	-2.100421e-02
1.69	-1.910147e-02
1.70	-1.603162e-02
1.71	-1.213229e-02
1.72	-7.909451e-03
1.73	-4.002024e-03
1.74	-1.125918e-03
1.75	-1.392668e-06
1.76	-1.270084e-03
1.77	-5.409790e-03
1.78	-1.265612e-02
1.79	-2.294023e-02
1.80	-3.585097e-02
1.81	-5.062786e-02
1.82	-6.618868e-02
1.83	-8.119197e-02
1.84	-9.413145e-02
1.85	-1.034557e-01
1.86	-1.077032e-01
1.87	-1.056414e-01
1.88	-9.639660e-02
1.89	-7.956117e-02
1.90	-5.526811e-02
1.91	-2.422283e-02
1.92	1.231244e-02
1.93	5.258259e-02
1.94	9.444852e-02
1.95	1.355329e-01
1.96	1.733916e-01
1.97	2.056961e-01
1.98	2.304118e-01
1.99	2.459562e-01
2.00	2.513237e-01
2.01	2.461655e-01
2.02	2.308169e-01
2.03	2.062709e-01
2.04	1.740995e-01
2.05	1.363298e-01
2.06	9.528602e-02
2.07	5.341191e-02
2.08	1.308782e-02
2.09	-2.354083e-02
2.10	-5.471007e-02
2.11	-7.914699e-02
2.12	-9.613477e-02
2.13	-1.055291e-01
2.14	-1.077273e-01
2.15	-1.035949e-01
2.16	-9.435848e-02
2.17	-8.147616e-02
2.18	-6.649903e-02
2.19	-5.093549e-02
2.20	-3.613132e-02
2.21	-2.317467e-02
2.22	-1.283282e-02
2.23	-5.523965e-03
2.24	-1.323510e-03
2.25	-1.394898e-06
2.26	-1.083937e-03
2.27	-3.931949e-03
2.28	-7.825910e-03
2.29	-1.204907e-02
2.30	-1.596034e-02
2.31	-1.905069e-02
2.32	-2.097890e-02
2.33	-2.158525e-02
2.34	-2.088407e-02
2.35	-1.903828e-02
2.36	-1.632079e-02
2.37	-1.306833e-02
2.38	-9.634056e-03
2.39	-6.344090e-03
2.40	-3.462900e-03
2.41	-1.170358e-03
2.42	4.480407e-04
2.43	1.398116e-03
2.44	1.762935e-03
2.45	1.680693e-03
2.46	1.318227e-03
2.47	8.440114e-04
2.48	4.041992e-04
2.49	1.045409e-04
2.50	1.021406e-08
2.51	9.279580e-05
2.52	3.381694e-04
2.53	6.567388e-04
2.54	9.508605e-04
2.55	1.122598e-03
2.56	1.090591e-03
2.57	8.035173e-04
2.58	2.484591e-04
2.59	-5.467443e-04
2.60	-1.517192e-03
2.61	-2.569878e-03
2.62	-3.596463e-03
2.63	-4.487943e-03
2.64	-5.149169e-03
2.65	-5.511233e-03
2.66	-5.540151e-03
2.67	-5.240797e-03
2.68	-4.655727e-03
2.69	-3.859207e-03
2.70	-2.947389e-03
2.71	-2.026021e-03
2.72	-1.197369e-03
2.73	-5.480270e-04
2.74	-1.391365e-04
2.75	-1.547664e-07
2.76	-1.267954e-04
2.77	-4.832200e-04
2.78	-1.008005e-03
2.79	-1.622952e-03
2.80	-2.243487e-03
2.81	-2.789273e-03
2.82	-3.193665e-03
2.83	-3.410909e-03
2.84	-3.420285e-03
2.85	-3.226859e-03
2.86	-2.858965e-03
2.87	-2.362926e-03
2.88	-1.795896e-03
2.89	-1.217849e-03
2.90	-6.838395e-04
2.91	-2.375127e-04
2.92	9.335307e-05
2.93	2.988173e-04
2.94	3.861722e-04
2.95	3.770202e-04
2.96	3.025973e-04
2.97	1.981096e-04
2.98	9.694691e-05
2.99	2.560475e-05
3.00	2.670828e-09
3.01	2.365613e-05
3.02	8.787379e-05
3.03	1.738564e-04
3.04	2.563070e-04
3.05	3.079613e-04
3.06	3.043360e-04
3.07	2.279851e-04
3.08	7.164646e-05
3.09	-1.601650e-04
3.10	-4.513274e-04
3.11	-7.760005e-04
3.12	-1.101946e-03
3.13	-1.394795e-03
3.14	-1.622661e-03
3.15	-1.760442e-03
3.16	-1.793233e-03
3.17	-1.718382e-03
3.18	-1.545921e-03
3.19	-1.297327e-03
3.20	-1.002811e-03
3.21	-6.974921e-04
3.22	-4.169884e-04
3.23	-1.930140e-04
3.24	-4.954650e-05
3.25	-5.560942e-08
3.26	-4.612573e-05
3.27	-1.776128e-04
3.28	-3.742729e-04
3.29	-6.086080e-04
3.30	-8.495229e-04
3.31	-1.066295e-03
3.32	-1.232336e-03
3.33	-1.328262e-03
3.34	-1.343917e-03
3.35	-1.279123e-03
3.36	-1.143117e-03
3.37	-9.528204e-04
3.38	-7.302178e-04
3.39	-4.992391e-04
3.40	-2.825846e-04
3.41	-9.892297e-05
3.42	3.918279e-05
3.43	1.263768e-04
3.44	1.645432e-04
3.45	1.618246e-04
3.46	1.308191e-04
3.47	8.625501e-05
3.48	4.250438e-05
3.49	1.130296e-05
3.50	1.274231e-09
3.51	1.058297e-05
3.52	3.956812e-05
3.53	7.878711e-05
3.54	1.168850e-04
3.55	1.413139e-04
3.56	1.405044e-04
3.57	1.058886e-04
3.58	3.347370e-05
3.59	-7.526632e-05
3.60	-2.133105e-04
3.61	-3.688347e-04
3.62	-5.266745e-04
3.63	-6.702990e-04
3.64	-7.840190e-04
3.65	-8.551189e-04
3.66	-8.756165e-04
3.67	-8.434053e-04
3.68	-7.626244e-04
3.69	-6.432034e-04
3.70	-4.996461e-04
3.71	-3.492181e-04
3.72	-2.097809e-04
3.73	-9.756323e-05
3.74	-2.516149e-05
3.75	-2.829391e-08
3.76	-2.363948e-05
3.77	-9.143563e-05
3.78	-1.935303e-04
3.79	-3.160764e-04
3.80	-4.430963e-04
3.81	-5.585275e-04
3.82	-6.482104e-04
3.83	-7.015633e-04
3.84	-7.127363e-04
3.85	-6.811129e-04
3.86	-6.111185e-04
3.87	-5.113897e-04
3.88	-3.934396e-04
3.89	-2.700212e-04
3.90	-1.534196e-04
3.91	-5.390784e-05
3.92	2.143162e-05
3.93	6.937602e-05
3.94	9.065383e-05
3.95	8.947389e-05
3.96	7.258552e-05
3.97	4.802553e-05
3.98	2.374724e-05
3.99	6.336490e-06
4.00	7.854597e-10
4.01	5.972555e-06
4.02	2.240356e-05
4.03	4.475408e-05
4.04	6.660804e-05
4.05	8.078436e-05
4.06	8.057334e-05
4.07	6.091088e-05
4.08	1.931432e-05
4.09	-4.356008e-05
4.10	-1.238227e-04
4.11	-2.147364e-04
4.12	-3.075303e-04
4.13	-3.925292e-04
4.14	-4.604413e-04
4.15	-5.036226e-04
4.16	-5.171427e-04
4.17	-4.995026e-04
4.18	-4.529021e-04
4.19	-3.830202e-04
4.20	-2.983344e-04
4.21	-2.090705e-04
4.22	-1.259230e-04
4.23	-5.871606e-05
4.24	-1.518189e-05
4.25	-1.705357e-08
4.26	-1.433619e-05
4.27	-5.559030e-05
4.28	-1.179529e-04
4.29	-1.931152e-04
4.30	-2.713794e-04
4.31	-3.428998e-04
4.32	-3.989077e-04
4.33	-4.327598e-04
4.34	-4.406793e-04
4.35	-4.221014e-04
4.36	-3.795923e-04
4.37	-3.183674e-04
4.38	-2.454879e-04
4.39	-1.688558e-04
4.40	-9.615144e-05
4.41	-3.385902e-05
4.42	1.349023e-05
4.43	4.376257e-05
4.44	5.730615e-05
4.45	5.667933e-05
4.46	4.607692e-05
4.47	3.054939e-05
4.48	1.513676e-05
4.49	4.047189e-06
4.50	5.592376e-10
4.51	3.830034e-06
4.52	1.439501e-05
4.53	2.881218e-05
4.54	4.296469e-05
4.55	5.220917e-05
4.56	5.217208e-05
4.57	3.951498e-05
4.58	1.255338e-05
4.59	-2.836435e-05
4.60	-8.077632e-05
4.61	-1.403400e-04
4.62	-2.013488e-04
4.63	-2.574612e-04
4.64	-3.025424e-04
4.65	-3.314993e-04
4.66	-3.409942e-04
4.67	-3.299340e-04
4.68	-2.996679e-04
4.69	-2.538621e-04
4.70	-1.980677e-04
4.71	-1.390373e-04
4.72	-8.388144e-05
4.73	-3.917722e-05
4.74	-1.014639e-05
4.75	-1.136391e-08
4.76	-9.612205e-06
4.77	-3.733221e-05
4.78	-7.933803e-05
4.79	-1.300984e-04
4.80	-1.831090e-04
4.81	-2.317244e-04
4.82	-2.699874e-04
4.83	-2.933454e-04
4.84	-2.991652e-04
4.85	-2.869830e-04
4.86	-2.584656e-04
4.87	-2.170976e-04
4.88	-1.676457e-04
4.89	-1.154807e-04
4.90	-6.585302e-05
4.91	-2.322284e-05
4.92	9.265749e-06
4.93	3.010057e-05
4.94	3.947123e-05
4.95	3.909376e-05
4.96	3.182474e-05
4.97	2.112899e-05
4.98	1.048335e-05
4.99	2.806800e-06
5.00	4.363547e-10
5.01	2.663294e-06
5.02	1.002295e-05
5.03	2.008756e-05
5.04	2.999349e-05
5.05	3.649409e-05
5.06	3.651491e-05
5.07	2.769150e-05
5.08	8.808367e-06
5.09	-1.992732e-05
5.10	-5.682006e-05
5.11	-9.884080e-05
5.12	-1.419832e-04
5.13	-1.817730e-04
5.14	-2.138599e-04
5.15	-2.346108e-04
5.16	-2.416189e-04
5.17	-2.340593e-04
5.18	-2.128386e-04
5.19	-1.805161e-04
5.20	-1.410055e-04
5.21	-9.909567e-05
5.22	-5.985310e-05
5.23	-2.798648e-05
5.24	-7.256297e-06
5.25	-8.091584e-09
5.26	-6.889669e-06
5.27	-2.678812e-05
5.28	-5.699257e-05
5.29	-9.355860e-05
5.30	-1.318235e-04
5.31	-1.670028e-04
5.32	-1.947874e-04
5.33	-2.118649e-04
5.34	-2.162968e-04
5.35	-2.077073e-04
5.36	-1.872629e-04
5.37	-1.574543e-04
5.38	-1.217137e-04
5.39	-8.392691e-05
5.40	-4.790812e-05
5.41	-1.691170e-05
5.42	6.754487e-06
5.43	2.196434e-05
5.44	2.883068e-05
5.45	2.858312e-05
5.46	2.329124e-05
5.47	1.547853e-05
5.48	7.687270e-06
5.49	2.060192e-06
5.50	3.622614e-10
5.51	1.958587e-06
5.52	7.377723e-06
5.53	1.479995e-05
5.54	2.211895e-05
5.55	2.693780e-05
5.56	2.697800e-05
5.57	2.047782e-05
5.58	6.519729e-06
5.59	-1.476291e-05
5.60	-4.213235e-05
5.61	-7.335649e-05
5.62	-1.054691e-04
5.63	-1.351452e-04
5.64	-1.591410e-04
5.65	-1.747348e-04
5.66	-1.801105e-04
5.67	-1.746258e-04
5.68	-1.589297e-04
5.69	-1.349089e-04
5.70	-1.054700e-04
5.71	-7.418448e-05
5.72	-4.484443e-05
5.73	-2.098607e-05
5.74	-5.445718e-06
5.75	-6.038531e-09
5.76	-5.179062e-06
5.77	-2.015351e-05
5.78	-4.291197e-05
5.79	-7.050069e-05
5.80	-9.941456e-05
5.81	-1.260451e-04
5.82	-1.471318e-04
5.83	-1.601572e-04
5.84	-1.636354e-04
5.85	-1.572593e-04
5.86	-1.418901e-04
5.87	-1.193957e-04
5.88	-9.236468e-05
5.89	-6.373792e-05
5.90	-3.641112e-05
5.91	-1.286287e-05
5.92	5.141294e-06
5.93	1.673089e-05
5.94	2.197742e-05
5.95	2.180475e-05
5.96	1.778084e-05
5.97	1.182512e-05
5.98	5.877113e-06
5.99	1.576230e-06
6.00	3.141726e-10
6.01	1.500638e-06
6.02	5.656598e-06
6.03	1.135528e-05
6.04	1.698268e-05
6.05	2.069696e-05
6.06	2.074223e-05
6.07	1.575540e-05
6.08	5.019673e-06
6.09	-1.137391e-05
6.10	-3.248251e-05
6.11	-5.659344e-05
6.12	-8.142254e-05
6.13	-1.044025e-04
6.14	-1.230215e-04
6.15	-1.351656e-04
6.16	-1.394157e-04
6.17	-1.352588e-04
6.18	-1.231814e-04
6.19	-1.046315e-04
6.20	-8.185226e-05
6.21	-5.760943e-05
6.22	-3.484707e-05
6.23	-1.631791e-05
6.24	-4.237018e-06
6.25	-4.666460e-09
6.26	-4.034606e-06
6.27	-1.570992e-05
6.28	-3.347121e-05
6.29	-5.502426e-05
6.30	-7.763856e-05
6.31	-9.849603e-05
6.32	-1.150438e-04
6.33	-1.253041e-04
6.34	-1.281025e-04
6.35	-1.231846e-04
6.36	-1.112119e-04
6.37	-9.363649e-05
6.38	-7.248004e-05
6.39	-5.004552e-05
6.40	-2.860585e-05
6.41	-1.011138e-05
6.42	4.043906e-06
6.43	1.316726e-05
6.44	1.730620e-05
6.45	1.718002e-05
6.46	1.401753e-05
6.47	9.327619e-06
6.48	4.638471e-06
6.49	1.244749e-06
6.50	2.812034e-10
6.51	1.186373e-06
6.52	4.474365e-06
6.53	8.986917e-06
6.54	1.344794e-05
6.55	1.639805e-05
6.56	1.644282e-05
6.57	1.249639e-05
6.58	3.983511e-06
6.59	-9.030821e-06
6.60	-2.580470e-05
6.61	-4.498268e-05
6.62	-6.475192e-05
6.63	-8.307045e-05
6.64	-9.793625e-05
6.65	-1.076599e-04
6.66	-1.111026e-04
6.67	-1.078454e-04
6.68	-9.826612e-05
6.69	-8.351076e-05
6.70	-6.536288e-05
6.71	-4.602709e-05
6.72	-2.785509e-05
6.73	-1.305028e-05
6.74	-3.390230e-06
6.75	-3.704404e-09
6.76	-3.231470e-06
6.77	-1.258896e-05
6.78	-2.683493e-05
6.79	-4.413625e-05
6.80	-6.230596e-05
6.81	-7.908259e-05
6.82	-9.241327e-05
6.83	-1.007035e-04
6.84	-1.030016e-04
6.85	-9.909447e-05
6.86	-8.950542e-05
6.87	-7.539592e-05
6.88	-5.838815e-05
6.89	-4.033427e-05
6.90	-2.306563e-05
6.91	-8.156819e-06
6.92	3.263754e-06
6.93	1.063184e-05
6.94	1.398018e-05
6.95	1.388457e-05
6.96	1.133384e-05
6.97	7.545236e-06
6.98	3.753822e-06
6.99	1.007823e-06
7.00	2.576209e-10
7.01	9.614141e-07
7.02	3.627458e-06
7.03	7.289052e-06
7.04	1.091204e-05
7.05	1.331163e-05
7.06	1.335378e-05
7.07	1.015314e-05
7.08	3.237961e-06
7.09	-7.343675e-06
7.10	-2.099286e-05
7.11	-3.661029e-05
7.12	-5.272233e-05
7.13	-6.766620e-05
7.14	-7.980888e-05
7.15	-8.776947e-05
7.16	-9.061384e-05
7.17	-8.799384e-05
7.18	-8.021102e-05
7.19	-6.819483e-05
7.20	-5.339716e-05
7.21	-3.761645e-05
7.22	-2.277431e-05
7.23	-1.067421e-05
7.24	-2.774068e-06
7.25	-3.003894e-09
7.26	-2.646282e-06
7.27	-1.031341e-05
7.28	-2.199308e-05
7.29	-3.618704e-05
7.30	-5.110441e-05
7.31	-6.489035e-05
7.32	-7.585833e-05
7.33	-8.269566e-05
7.34	-8.461559e-05
7.35	-8.143733e-05
7.36	-7.358520e-05
7.37	-6.200909e-05
7.38	-4.803944e-05
7.39	-3.319803e-05
7.40	-1.899187e-05
7.41	-6.718709e-06
7.42	2.689379e-06
7.43	8.763996e-06
7.44	1.152838e-05
7.45	1.145379e-05
7.46	9.353083e-06
7.47	6.228899e-06
7.48	3.100084e-06
7.49	8.326328e-07
7.50	2.401726e-10
7.51	7.948699e-07
7.52	3.000089e-06
7.53	6.030553e-06
7.54	9.031234e-06
7.55	1.102117e-05
7.56	1.106000e-05
7.57	8.412126e-06
7.58	2.683697e-06
7.59	-6.088663e-06
7.60	-1.741140e-05
7.61	-3.037507e-05
7.62	-4.375827e-05
7.63	-5.618081e-05
7.64	-6.628535e-05
7.65	-7.292214e-05
7.66	-7.531118e-05
7.67	-7.315863e-05
7.68	-6.671066e-05
7.69	-5.673616e-05
7.70	-4.443994e-05
7.71	-3.131693e-05
7.72	-1.896671e-05
7.73	-8.892566e-06
7.74	-2.311796e-06
7.75	-2.478051e-09
7.76	-2.206765e-06
7.77	-8.603381e-06
7.78	-1.835254e-05
7.79	-3.020685e-05
7.80	-4.267293e-05
7.81	-5.420199e-05
7.82	-6.338391e-05
7.83	-6.911916e-05
7.84	-7.074661e-05
7.85	-6.811109e-05
7.86	-6.156349e-05
7.87	-5.189507e-05
7.88	-4.021668e-05
7.89	-2.780081e-05
7.90	-1.590923e-05
7.91	-5.629918e-06
7.92	2.254294e-06
7.93	7.348396e-06
7.94	9.669252e-06
7.95	9.609660e-06
7.96	7.849602e-06
7.97	5.229234e-06
7.98	2.603365e-06
7.99	6.994535e-07
8.00	2.269018e-10
8.01	6.681366e-07
8.02	2.522448e-06
8.03	5.071934e-06
8.04	7.597888e-06
8.05	9.274762e-06
8.06	9.310205e-06
8.07	7.083355e-06
8.08	2.260467e-06
8.09	-5.129885e-06
8.10	-1.467399e-05
8.11	-2.560701e-05
8.12	-3.690017e-05
8.13	-4.738953e-05
8.14	-5.592907e-05
8.15	-6.154668e-05
8.16	-6.358131e-05
8.17	-6.178172e-05
8.18	-5.635254e-05
8.19	-4.794041e-05
8.20	-3.756109e-05
8.21	-2.647687e-05
8.22	-1.603990e-05
8.23	-7.522421e-06
8.24	-1.956129e-06
8.25	-2.073288e-09
8.26	-1.868295e-06
8.27	-7.285898e-06
8.28	-1.554643e-05
8.29	-2.559527e-05
8.30	-3.616811e-05
8.31	-4.595231e-05
8.32	-5.375136e-05
8.33	-5.863093e-05
8.34	-6.002767e-05
8.35	-5.780704e-05
8.36	-5.226403e-05
8.37	-4.406787e-05
8.38	-3.416001e-05
8.39	-2.362027e-05
8.40	-1.352046e-05
8.41	-4.785835e-06
8.42	1.916850e-06
8.43	6.250007e-06
8.44	8.226103e-06
8.45	8.177539e-06
8.46	6.681523e-06
8.47	4.452247e-06
8.48	2.217129e-06
8.49	5.958528e-07
8.50	2.165740e-10
8.51	5.694673e-07
8.52	2.150422e-06
8.53	4.324970e-06
8.54	6.480547e-06
8.55	7.912817e-06
8.56	7.945056e-06
8.57	6.046252e-06
8.58	1.930002e-06
8.59	-4.380947e-06
8.60	-1.253482e-05
8.61	-2.187948e-05
8.62	-3.153652e-05
8.63	-4.051119e-05
8.64	-4.782301e-05
8.65	-5.263933e-05
8.66	-5.439277e-05
8.67	-5.286611e-05
8.68	-4.823211e-05
8.69	-4.104209e-05
8.70	-3.216405e-05
8.71	-2.267792e-05
8.72	-1.374175e-05
8.73	-6.446159e-06
8.74	-1.676641e-06
8.75	-1.755095e-09
8.76	-1.602115e-06
8.77	-6.249399e-06
8.78	-1.333795e-05
8.79	-2.196443e-05
8.80	-3.104472e-05
8.81	-3.945215e-05
8.82	-4.615871e-05
8.83	-5.036069e-05
8.84	-5.157231e-05
8.85	-4.967591e-05
8.86	-4.492289e-05
8.87	-3.788665e-05
8.88	-2.937522e-05
8.89	-2.031639e-05
8.90	-1.163192e-05
8.91	-4.118266e-06
8.92	1.649874e-06
8.93	5.380675e-06
8.94	7.083490e-06
8.95	7.043245e-06
8.96	5.756026e-06
8.97	3.836399e-06
8.98	1.910883e-06
8.99	5.136785e-07
9.00	2.083793e-10
9.01	4.911486e-07
9.02	1.855020e-06
9.03	3.731645e-06
9.04	5.592714e-06
9.05	6.830239e-06
9.06	6.859551e-06
9.07	5.221304e-06
9.08	1.667046e-06
9.09	-3.784800e-06
9.10	-1.083147e-05
9.11	-1.891033e-05
9.12	-2.726268e-05
9.13	-3.502852e-05
9.14	-4.135952e-05
9.15	-4.553448e-05
9.16	-4.706114e-05
9.17	-4.574985e-05
9.18	-4.174834e-05
9.19	-3.553226e-05
9.20	-2.785185e-05
9.21	-1.964158e-05
9.22	-1.190432e-05
9.23	-5.585371e-06
9.24	-1.453033e-06
9.25	-1.500437e-09
9.26	-1.389013e-06
9.27	-5.419313e-06
9.28	-1.156868e-05
9.29	-1.905474e-05
9.30	-2.693759e-05
9.31	-3.423962e-05
9.32	-4.006814e-05
9.33	-4.372442e-05
9.34	-4.478531e-05
9.35	-4.314706e-05
9.36	-3.902646e-05
9.37	-3.292029e-05
9.38	-2.552961e-05
9.39	-1.766017e-05
9.40	-1.011310e-05
9.41	-3.581218e-06
9.42	1.435029e-06
9.43	4.680871e-06
9.44	6.163409e-06
9.45	6.129577e-06
9.46	5.010309e-06
9.47	3.340027e-06
9.48	1.663973e-06
9.49	4.474051e-07
9.50	2.017682e-10
9.51	4.279458e-07
9.52	1.616560e-06
9.53	3.252542e-06
9.54	4.875579e-06
9.55	5.955536e-06
9.56	5.982216e-06
9.57	4.554358e-06
9.58	1.454390e-06
9.59	-3.302543e-06
9.60	-9.453122e-06
9.61	-1.650699e-05
9.62	-2.380222e-05
9.63	-3.058797e-05
9.64	-3.612303e-05
9.65	-3.977669e-05
9.66	-4.111781e-05
9.67	-3.997939e-05
9.68	-3.648922e-05
9.69	-3.106182e-05
9.70	-2.435210e-05
9.71	-1.717659e-05
9.72	-1.041220e-05
9.73	-4.886154e-06
9.74	-1.271345e-06
9.75	-1.293460e-09
9.76	-1.215762e-06
9.77	-4.744259e-06
9.78	-1.012945e-05
9.79	-1.668714e-05
9.80	-2.359468e-05
9.81	-2.999581e-05
9.82	-3.510806e-05
9.83	-3.831841e-05
9.84	-3.925497e-05
9.85	-3.782558e-05
9.86	-3.421911e-05
9.87	-2.887009e-05
9.88	-2.239254e-05
9.89	-1.549275e-05
9.90	-8.873438e-06
9.91	-3.142757e-06
9.92	1.259575e-06
9.93	4.109218e-06
9.94	5.411612e-06
9.95	5.382817e-06
9.96	4.400653e-06
9.97	2.934111e-06
9.98	1.462004e-06
9.99	3.931799e-07
10.00	1.963575e-10
10.01	3.762052e-07
10.02	1.421294e-06
10.03	2.860118e-06
10.04	4.288032e-06
10.05	5.238704e-06
10.06	5.263038e-06
10.07	4.007497e-06
10.08	1.279977e-06
10.09	-2.906909e-06
10.10	-8.322057e-06
10.11	-1.453430e-05
10.12	-2.096111e-05
10.13	-2.694125e-05
10.14	-3.182153e-05
10.15	-3.504575e-05
10.16	-3.623317e-05
10.17	-3.523562e-05
10.18	-3.216470e-05
10.19	-2.738487e-05
10.20	-2.147282e-05
10.21	-1.514810e-05
10.22	-9.184004e-06
10.23	-4.310463e-06
10.24	-1.121716e-06
10.25	-1.122962e-09
10.26	-1.073010e-06
10.27	-4.187905e-06
10.28	-8.942992e-06
10.29	-1.473488e-05
10.30	-2.083752e-05
10.31	-2.649474e-05
10.32	-3.101507e-05
10.33	-3.385635e-05
10.34	-3.468916e-05
10.35	-3.343113e-05
10.36	-3.024826e-05
10.37	-2.552382e-05
10.38	-1.980007e-05
10.39	-1.370116e-05
10.40	-7.848486e-06
10.41	-2.780150e-06
10.42	1.114439e-06
10.43	3.636235e-06
10.44	4.789429e-06
10.45	4.764655e-06
10.46	3.895865e-06
10.47	2.597938e-06
10.48	1.294697e-06
10.49	3.482501e-07
10.50	1.918732e-10
10.51	3.333139e-07
10.52	1.259386e-06
10.53	2.534658e-06
10.54	3.800631e-06
10.55	4.643917e-06
10.56	4.666165e-06
10.57	3.553531e-06
10.58	1.135159e-06
10.59	-2.578330e-06
10.60	-7.382478e-06
10.61	-1.289521e-05
10.62	-1.859991e-05
10.63	-2.390982e-05
10.64	-2.824500e-05
10.65	-3.111125e-05
10.66	-3.216992e-05
10.67	-3.128866e-05
10.68	-2.856576e-05
10.69	-2.432417e-05
10.70	-1.907556e-05
10.71	-1.345882e-05
10.72	-8.160959e-06
10.73	-3.830827e-06
10.74	-9.970256e-07
10.75	-9.808489e-10
10.76	-9.539971e-07
10.77	-3.723969e-06
10.78	-7.953402e-06
10.79	-1.310620e-05
10.80	-1.853685e-05
10.81	-2.357268e-05
10.82	-2.759824e-05
10.83	-3.013060e-05
10.84	-3.087596e-05
10.85	-2.976026e-05
10.86	-2.693051e-05
10.87	-2.272733e-05
10.88	-1.763306e-05
10.89	-1.220328e-05
10.90	-6.991378e-06
10.91	-2.476859e-06
10.92	9.930197e-07
10.93	3.240454e-06
10.94	4.268691e-06
10.95	4.247173e-06
10.96	3.473203e-06
10.97	2.316399e-06
10.98	1.154550e-06
10.99	3.106064e-07
11.00	1.881154e-10
11.01	2.973632e-07
11.02	1.123650e-06
11.03	2.261750e-06
11.04	3.391847e-06
11.05	4.144964e-06
11.06	4.165359e-06
11.07	3.172554e-06
11.08	1.013599e-06
11.09	-2.302467e-06
11.10	-6.593479e-06
11.11	-1.151852e-05
11.12	-1.661631e-05
11.13	-2.136266e-05
11.14	-2.523921e-05
11.15	-2.780396e-05
11.16	-2.875372e-05
11.17	-2.796956e-05
11.18	-2.553872e-05
11.19	-2.174932e-05
11.20	-1.705844e-05
11.21	-1.203713e-05
11.22	-7.299798e-06
11.23	-3.427007e-06
11.24	-8.920242e-07
11.25	-8.611525e-10
11.26	-8.537375e-07
11.27	-3.333060e-06
11.28	-7.119417e-06
11.29	-1.173335e-05
11.30	-1.659718e-05
11.31	-2.110865e-05
11.32	-2.471644e-05
11.33	-2.698766e-05
11.34	-2.765862e-05
11.35	-2.666240e-05
11.36	-2.413012e-05
11.37	-2.036646e-05
11.38	-1.580327e-05
11.39	-1.093824e-05
11.40	-6.267372e-06
11.41	-2.220617e-06
11.42	8.904164e-07
11.43	2.905945e-06
11.44	3.828486e-06
11.45	3.809638e-06
11.46	3.115772e-06
11.47	2.078266e-06
11.48	1.035989e-06
11.49	2.787546e-07
11.50	1.849351e-10
11.51	2.669325e-07
11.52	1.008734e-06
11.53	2.030660e-06
11.54	3.045637e-06
11.55	3.722310e-06
11.56	3.741057e-06
11.57	2.849716e-06
11.58	9.105711e-07
11.59	-2.068617e-06
11.60	-5.924522e-06
11.61	-1.035108e-05
11.62	-1.493390e-05
11.63	-1.920187e-05
11.64	-2.268889e-05
11.65	-2.499732e-05
11.66	-2.585413e-05
11.67	-2.515189e-05
11.68	-2.296851e-05
11.69	-1.956268e-05
11.70	-1.534513e-05
11.71	-1.082935e-05
11.72	-6.568083e-06
11.73	-3.083827e-06
11.74	-8.027747e-07
11.75	-7.593945e-10
11.76	-7.684884e-07
11.77	-3.000618e-06
11.78	-6.410046e-06
11.79	-1.056542e-05
11.80	-1.494676e-05
11.81	-1.901171e-05
11.82	-2.226353e-05
11.83	-2.431200e-05
11.84	-2.491915e-05
11.85	-2.402422e-05
11.86	-2.174486e-05
11.87	-1.835522e-05
11.88	-1.424419e-05
11.89	-9.860186e-06
11.90	-5.650269e-06
11.91	-2.002174e-06
11.92	8.029334e-07
11.93	2.620682e-06
11.94	3.453026e-06
11.95	3.436392e-06
11.96	2.810808e-06
11.97	1.875054e-06
11.98	9.347972e-07
11.99	2.515646e-07
12.00	1.822198e-10
12.01	2.409469e-07
12.02	9.105880e-07
12.03	1.833261e-06
12.04	2.749853e-06
12.05	3.361156e-06
12.06	3.378436e-06
12.07	2.573764e-06
12.08	8.224914e-07
12.09	-1.868663e-06
12.10	-5.352434e-06
12.11	-9.352523e-06
12.12	-1.349464e-05
12.13	-1.735307e-05
12.14	-2.050646e-05
12.15	-2.259515e-05
12.16	-2.337201e-05
12.17	-2.273950e-05
12.18	-2.076765e-05
12.19	-1.768996e-05
12.20	-1.387755e-05
12.21	-9.794639e-06
12.22	-5.941113e-06
12.23	-2.789726e-06
12.24	-7.262770e-07
12.25	-6.721617e-10
12.26	-6.953965e-07
12.27	-2.715539e-06
12.28	-5.801644e-06
12.29	-9.563578e-06
12.30	-1.353082e-05
12.31	-1.721238e-05
12.32	-2.015843e-05
12.33	-2.201539e-05
12.34	-2.256741e-05
12.35	-2.175907e-05
12.36	-1.969655e-05
12.37	-1.662783e-05
12.38	-1.290494e-05
12.39	-8.933989e-06
12.40	-5.120014e-06
12.41	-1.814445e-06
12.42	7.277392e-07
12.43	2.375453e-06
12.44	3.130208e-06
12.45	3.115429e-06
12.46	2.548523e-06
12.47	1.700255e-06
12.48	8.477406e-07
12.49	2.281691e-07
12.50	1.798832e-10
12.51	2.185811e-07
12.52	8.261010e-07
12.53	1.663309e-06
12.54	2.495156e-06
12.55	3.050124e-06
12.56	3.066094e-06
12.57	2.336038e-06
12.58	7.466020e-07
12.59	-1.696357e-06
12.60	-4.859378e-06
12.61	-8.491789e-06
12.62	-1.225385e-05
12.63	-1.575897e-05
12.64	-1.862442e-05
12.65	-2.052331e-05
12.66	-2.123090e-05
12.67	-2.065824e-05
12.68	-1.886860e-05
12.69	-1.607381e-05
12.70	-1.261086e-05
12.71	-8.901432e-06
12.72	-5.399810e-06
12.73	-2.535774e-06
12.74	-6.602127e-07
12.75	-5.968156e-10
12.76	-6.322553e-07
12.77	-2.469237e-06
12.78	-5.275920e-06
12.79	-8.697754e-06
12.80	-1.230694e-05
12.81	-1.565691e-05
12.82	-1.833838e-05
12.83	-2.002947e-05
12.84	-2.053353e-05
12.85	-1.979980e-05
12.86	-1.792459e-05
12.87	-1.513329e-05
12.88	-1.174606e-05
12.89	-8.132417e-06
12.90	-4.661043e-06
12.91	-1.651930e-06
12.92	6.626356e-07
12.93	2.163103e-06
12.94	2.850633e-06
12.95	2.837422e-06
12.96	2.321310e-06
12.97	1.548809e-06
12.98	7.723041e-07
12.99	2.078937e-07
13.00	1.778578e-10
13.01	1.991927e-07
13.02	7.528511e-07
13.03	1.515941e-06
13.04	2.274276e-06
13.05	2.780351e-06
13.06	2.795148e-06
13.07	2.129791e-06
13.08	6.807528e-07
13.09	-1.546827e-06
13.10	-4.431438e-06
13.11	-7.744631e-06
13.12	-1.117663e-05
13.13	-1.437485e-05
13.14	-1.699006e-05
13.15	-1.872390e-05
13.16	-1.937107e-05
13.17	-1.885016e-05
13.18	-1.721860e-05
13.19	-1.466943e-05
13.20	-1.151000e-05
13.21	-8.125058e-06
13.22	-4.929249e-06
13.23	-2.314982e-06
13.24	-6.027672e-07
13.25	-5.312907e-10
13.26	-5.773373e-07
13.27	-2.254983e-06
13.28	-4.818546e-06
13.29	-7.944399e-06
13.30	-1.124190e-05
13.31	-1.430314e-05
13.32	-1.675413e-05
13.33	-1.830062e-05
13.34	-1.876270e-05
13.35	-1.809372e-05
13.36	-1.638142e-05
13.37	-1.383154e-05
13.38	-1.073654e-05
13.39	-7.434073e-06
13.40	-4.261129e-06
13.41	-1.510308e-06
13.42	6.058947e-07
13.43	1.978006e-06
13.44	2.606909e-06
13.45	2.595035e-06
13.46	2.123183e-06
13.47	1.416733e-06
13.48	7.065081e-07
13.49	1.902071e-07
13.50	1.760908e-10
13.51	1.822758e-07
13.52	6.889305e-07
13.53	1.387326e-06
13.54	2.081479e-06
13.55	2.544850e-06
13.56	2.558594e-06
13.57	1.949702e-06
13.58	6.232478e-07
13.59	-1.416230e-06
13.60	-4.057634e-06
13.61	-7.091910e-06
13.62	-1.023546e-05
13.63	-1.316538e-05
13.64	-1.556175e-05
13.65	-1.715116e-05
13.66	-1.774534e-05
13.67	-1.726947e-05
13.68	-1.577593e-05
13.69	-1.344138e-05
13.70	-1.054724e-05
13.71	-7.445996e-06
13.72	-4.517620e-06
13.73	-2.121818e-06
13.74	-5.525040e-07
13.75	-4.739515e-10
13.76	-5.292742e-07
13.77	-2.067451e-06
13.78	-4.418166e-06
13.79	-7.284843e-06
13.80	-1.030936e-05
13.81	-1.311765e-05
13.82	-1.536665e-05
13.83	-1.678632e-05
13.84	-1.721145e-05
13.85	-1.659901e-05
13.86	-1.502928e-05
13.87	-1.269081e-05
13.88	-9.851792e-06
13.89	-6.821964e-06
13.90	-3.910558e-06
13.91	-1.386146e-06
13.92	5.561431e-07
13.93	1.815691e-06
13.94	2.393157e-06
13.95	2.382431e-06
13.96	1.949381e-06
13.97	1.300860e-06
13.98	6.487772e-07
13.99	1.746868e-07
14.00	1.745401e-10
14.01	1.674274e-07
14.02	6.328195e-07
14.03	1.274412e-06
14.04	1.912200e-06
14.05	2.338052e-06
14.06	2.350847e-06
14.07	1.791526e-06
14.08	5.727345e-07
14.09	-1.301498e-06
14.10	-3.729206e-06
14.11	-6.518358e-06
14.12	-9.408351e-06
14.13	-1.210237e-05
14.14	-1.430627e-05
14.15	-1.576856e-05
14.16	-1.631600e-05
14.17	-1.587958e-05
14.18	-1.450726e-05
14.19	-1.236131e-05
14.20	-9.700405e-06
14.21	-6.848637e-06
14.22	-4.155477e-06
14.23	-1.951857e-06
14.24	-5.082738e-07
14.25	-4.234891e-10
14.26	-4.869708e-07
14.27	-1.902373e-06
14.28	-4.065689e-06
14.29	-6.704138e-06
14.30	-9.488219e-06
14.31	-1.207367e-05
14.32	-1.414464e-05
14.33	-1.545248e-05
14.34	-1.584491e-05
14.35	-1.528215e-05
14.36	-1.383789e-05
14.37	-1.168559e-05
14.38	-9.072061e-06
14.39	-6.282454e-06
14.40	-3.601534e-06
14.41	-1.276687e-06
14.42	5.122785e-07
14.43	1.672567e-06
14.44	2.204658e-06
14.45	2.194925e-06
14.46	1.796080e-06
14.47	1.198644e-06
14.48	5.978451e-07
14.49	1.609928e-07
14.50	1.731717e-10
14.51	1.543236e-07
14.52	5.832960e-07
14.53	1.174744e-06
14.54	1.762763e-06
14.55	2.155475e-06
14.56	2.167414e-06
14.57	1.651848e-06
14.58	5.281238e-07
14.59	-1.200162e-06
14.60	-3.439095e-06
14.61	-6.011671e-06
14.62	-8.677591e-06
14.63	-1.116310e-05
14.64	-1.319681e-05
14.65	-1.454665e-05
14.66	-1.505264e-05
14.67	-1.465097e-05
14.68	-1.338569e-05
14.69	-1.140639e-05
14.70	-8.951611e-06
14.71	-6.320382e-06
14.72	-3.835195e-06
14.73	-1.801528e-06
14.74	-4.691484e-07
14.75	-3.788463e-10
14.76	-4.495423e-07
14.77	-1.756305e-06
14.78	-3.753769e-06
14.79	-6.190198e-06
14.80	-8.761412e-06
14.81	-1.114952e-05
14.82	-1.306281e-05
14.83	-1.427152e-05
14.84	-1.463489e-05
14.85	-1.411599e-05
14.86	-1.278275e-05
14.87	-1.079524e-05
14.88	-8.381363e-06
14.89	-5.804502e-06
14.90	-3.327742e-06
14.91	-1.179698e-06
14.92	4.734073e-07
14.93	1.545724e-06
14.94	2.037585e-06
14.95	2.028715e-06
14.96	1.660178e-06
14.97	1.108020e-06
14.98	5.526848e-07
14.99	1.488495e-07
15.00	1.719581e-10
15.01	1.427013e-07
15.02	5.393678e-07
15.03	1.086328e-06
15.04	1.630184e-06
15.05	1.993479e-06
15.06	2.004643e-06
15.07	1.527892e-06
15.08	4.885305e-07
15.09	-1.110215e-06
15.10	-3.181565e-06
15.11	-5.561844e-06
15.12	-8.028775e-06
15.13	-1.032907e-05
15.14	-1.221158e-05
15.15	-1.346145e-05
15.16	-1.393053e-05
15.17	-1.355961e-05
15.18	-1.238933e-05
15.19	-1.055798e-05
15.20	-8.286286e-06
15.21	-5.850967e-06
15.22	-3.550561e-06
15.23	-1.667918e-06
15.24	-4.343714e-07
15.25	-3.391615e-10
15.26	-4.162675e-07
15.27	-1.626434e-06
15.28	-3.476413e-06
15.29	-5.733166e-06
15.30	-8.115025e-06
15.31	-1.032756e-05
15.32	-1.210051e-05
15.33	-1.322095e-05
15.34	-1.355836e-05
15.35	-1.307840e-05
15.36	-1.184384e-05
15.37	-1.000290e-05
15.38	-7.766641e-06
15.39	-5.379086e-06
15.40	-3.084023e-06
15.41	-1.093355e-06
15.42	4.387994e-07
15.43	1.432782e-06
15.44	1.888809e-06
15.45	1.880695e-06
15.46	1.539138e-06
15.47	1.027299e-06
15.48	5.124560e-07
15.49	1.380313e-07
15.50	1.708768e-10
15.51	1.323455e-07
15.52	5.002225e-07
15.53	1.007532e-06
15.54	1.512020e-06
15.55	1.849084e-06
15.56	1.859544e-06
15.57	1.417383e-06
15.58	4.532296e-07
15.59	-1.030012e-06
15.60	-2.951914e-06
15.61	-5.160678e-06
15.62	-7.450096e-06
15.63	-9.585133e-06
15.64	-1.133269e-05
15.65	-1.249331e-05
15.66	-1.292937e-05
15.67	-1.258581e-05
15.68	-1.150021e-05
15.69	-9.800831e-06
15.70	-7.692469e-06
15.71	-5.431968e-06
15.72	-3.296477e-06
15.73	-1.548638e-06
15.74	-4.033215e-07
15.75	-3.037267e-10
15.76	-3.865537e-07
15.77	-1.510452e-06
15.78	-3.228698e-06
15.79	-5.324941e-06
15.80	-7.537618e-06
15.81	-9.593247e-06
15.82	-1.124075e-05
15.83	-1.228225e-05
15.84	-1.259639e-05
15.85	-1.215113e-05
15.86	-1.100470e-05
15.87	-9.294689e-06
15.88	-7.217148e-06
15.89	-4.998779e-06
15.90	-2.866128e-06
15.91	-1.016154e-06
15.92	4.078535e-07
15.93	1.331782e-06
15.94	1.755754e-06
15.95	1.748305e-06
15.96	1.430869e-06
15.97	9.550892e-07
15.98	4.764659e-07
15.99	1.283521e-07
16.00	1.699093e-10
16.01	1.230785e-07
16.02	4.651903e-07
16.03	9.370096e-07
16.04	1.406254e-06
16.05	1.719828e-06
16.06	1.729648e-06
16.07	1.318445e-06
16.08	4.216223e-07
16.09	-9.581957e-07
16.10	-2.746258e-06
16.11	-4.801398e-06
16.12	-6.931796e-06
16.13	-8.918766e-06
16.14	-1.054538e-05
16.15	-1.162597e-05
16.16	-1.203239e-05
16.17	-1.171326e-05
16.18	-1.070348e-05
16.19	-9.122299e-06
16.20	-7.160269e-06
16.21	-5.056416e-06
16.22	-3.068720e-06
16.23	-1.441710e-06
16.24	-3.754846e-07
16.25	-2.719561e-10
16.26	-3.599104e-07
16.27	-1.406447e-06
16.28	-3.006544e-06
16.29	-4.958813e-06
16.30	-7.019712e-06
16.31	-8.934556e-06
16.32	-1.046947e-05
16.33	-1.144009e-05
16.34	-1.173328e-05
16.35	-1.131910e-05
16.36	-1.025169e-05
16.37	-8.659115e-06
16.38	-6.723972e-06
16.39	-4.657422e-06
16.40	-2.670535e-06
16.41	-9.468485e-07
16.42	3.800705e-07
16.43	1.241099e-06
16.44	1.636279e-06
16.45	1.629418e-06
16.46	1.333636e-06
16.47	8.902350e-07
16.48	4.441394e-07
16.49	1.196576e-07
16.50	1.690401e-10
16.51	1.147529e-07
16.52	4.337144e-07
16.53	8.736415e-07
16.54	1.311211e-06
16.55	1.603668e-06
16.56	1.612903e-06
16.57	1.229518e-06
16.58	3.932107e-07
16.59	-8.936352e-07
16.60	-2.561367e-06
16.61	-4.478371e-06
16.62	-6.465759e-06
16.63	-8.319547e-06
16.64	-9.837353e-06
16.65	-1.084592e-05
16.66	-1.122560e-05
16.67	-1.092840e-05
16.68	-9.986760e-06
16.69	-8.511865e-06
16.70	-6.681446e-06
16.71	-4.718505e-06
16.72	-2.863776e-06
16.73	-1.345484e-06
16.74	-3.504322e-07
16.75	-2.433614e-10
16.76	-3.359286e-07
16.77	-1.312824e-06
16.78	-2.806554e-06
16.79	-4.629186e-06
16.80	-6.553406e-06
16.81	-8.341447e-06
16.82	-9.774929e-06
16.83	-1.068166e-05
16.84	-1.095593e-05
16.85	-1.056969e-05
16.86	-9.573392e-06
16.87	-8.086570e-06
16.88	-6.279671e-06
16.89	-4.349873e-06
16.90	-2.494300e-06
16.91	-8.843983e-07
16.92	3.550336e-07
16.93	1.159373e-06
16.94	1.528598e-06
16.95	1.522259e-06
16.96	1.245989e-06
16.97	8.317702e-07
16.98	4.149955e-07
16.99	1.118185e-07
17.00	1.682564e-10
17.01	1.072454e-07
17.02	4.053293e-07
17.03	8.164917e-07
17.04	1.225488e-06
17.05	1.498891e-06
17.06	1.507592e-06
17.07	1.149294e-06
17.08	3.675781e-07
17.09	-8.353853e-07
17.10	-2.394537e-06
17.11	-4.186878e-06
17.12	-6.045187e-06
17.13	-7.778748e-06
17.14	-9.198309e-06
17.15	-1.014181e-05
17.16	-1.049733e-05
17.17	-1.021987e-05
17.18	-9.339691e-06
17.19	-7.960714e-06
17.20	-6.249094e-06
17.21	-4.413368e-06
17.22	-2.678697e-06
17.23	-1.258579e-06
17.24	-3.278048e-07
17.25	-2.175329e-10
17.26	-3.142653e-07
17.27	-1.228247e-06
17.28	-2.625872e-06
17.29	-4.331365e-06
17.30	-6.132065e-06
17.31	-7.805494e-06
17.32	-9.147277e-06
17.33	-9.996229e-06
17.34	-1.025335e-05
17.35	-9.892309e-06
17.36	-8.960255e-06
17.37	-7.568987e-06
17.38	-5.877994e-06
17.39	-4.071810e-06
17.40	-2.334951e-06
17.41	-8.279278e-07
17.42	3.323926e-07
17.43	1.085462e-06
17.44	1.431208e-06
17.45	1.425334e-06
17.46	1.166707e-06
17.47	7.788820e-07
17.48	3.886298e-07
17.49	1.047262e-07
17.50	1.675473e-10
17.51	1.004522e-07
17.52	3.796432e-07
17.53	7.647725e-07
17.54	1.147906e-06
17.55	1.404059e-06
17.56	1.412269e-06
17.57	1.076674e-06
17.58	3.443735e-07
17.59	-7.826497e-07
17.60	-2.243490e-06
17.61	-3.922945e-06
17.62	-5.664353e-06
17.63	-7.289015e-06
17.64	-8.619569e-06
17.65	-9.504112e-06
17.66	-9.837686e-06
17.67	-9.578064e-06
17.68	-8.753531e-06
17.69	-7.461411e-06
17.70	-5.857388e-06
17.71	-4.136900e-06
17.72	-2.510995e-06
17.73	-1.179829e-06
17.74	-3.072994e-07
17.75	-1.941250e-10
17.76	-2.946310e-07
17.77	-1.151586e-06
17.78	-2.462093e-06
17.79	-4.061386e-06
17.80	-5.750088e-06
17.81	-7.319582e-06
17.82	-8.578191e-06
17.83	-9.374715e-06
17.84	-9.616244e-06
17.85	-9.278020e-06
17.86	-8.404188e-06
17.87	-7.099551e-06
17.88	-5.513658e-06
17.89	-3.819580e-06
17.90	-2.190397e-06
17.91	-7.766972e-07
17.92	3.118511e-07
17.93	1.018401e-06
17.94	1.342838e-06
17.95	1.337382e-06
17.96	1.094760e-06
17.97	7.308833e-07
17.98	3.647000e-07
17.99	9.828870e-08
18.00	1.669036e-10
18.01	9.428542e-08
18.02	3.563245e-07
18.03	7.178171e-07
18.04	1.077466e-06
18.05	1.317950e-06
18.06	1.325710e-06
18.07	1.010726e-06
18.08	3.232997e-07
18.09	-7.347535e-07
18.10	-2.106296e-06
18.11	-3.683203e-06
18.12	-5.318404e-06
18.13	-6.844115e-06
18.14	-8.093778e-06
18.15	-8.924719e-06
18.16	-9.238323e-06
18.17	-8.994874e-06
18.18	-8.220868e-06
18.19	-7.007649e-06
18.20	-5.501389e-06
18.21	-3.885618e-06
18.22	-2.358562e-06
18.23	-1.108245e-06
18.24	-2.886587e-07
18.25	-1.728445e-10
18.26	-2.767800e-07
18.27	-1.081884e-06
18.28	-2.313171e-06
18.29	-3.815884e-06
18.30	-5.402721e-06
18.31	-6.877670e-06
18.32	-8.060606e-06
18.33	-8.809411e-06
18.34	-9.036725e-06
18.35	-8.719221e-06
18.36	-7.898322e-06
18.37	-6.672469e-06
18.38	-5.182175e-06
18.39	-3.590081e-06
18.40	-2.058862e-06
18.41	-7.300778e-07
18.42	2.931574e-07
18.43	9.573692e-07
18.44	1.262408e-06
18.45	1.257326e-06
18.46	1.029269e-06
18.47	6.871894e-07
18.48	3.429151e-07
18.49	9.242791e-08
18.50	1.663176e-10
18.51	8.867043e-08
18.52	3.350909e-07
18.53	6.750579e-07
18.54	1.013316e-06
18.55	1.239527e-06
18.56	1.246873e-06
18.57	9.506583e-07
18.58	3.041035e-07
18.59	-6.911224e-07
18.60	-1.981312e-06
18.61	-3.464783e-06
18.62	-5.003206e-06
18.63	-6.438738e-06
18.64	-7.614669e-06
18.65	-8.396735e-06
18.66	-8.692110e-06
18.67	-8.463369e-06
18.68	-7.735385e-06
18.69	-6.594056e-06
18.70	-5.176885e-06
18.71	-3.656554e-06
18.72	-2.219599e-06
18.73	-1.042982e-06
18.74	-2.716632e-07
18.75	-1.534411e-10
18.76	-2.605027e-07
18.77	-1.018323e-06
18.78	-2.177362e-06
18.79	-3.591986e-06
18.80	-5.085905e-06
18.81	-6.474601e-06
18.82	-7.588489e-06
18.83	-8.293739e-06
18.84	-8.508057e-06
18.85	-8.209425e-06
18.86	-7.436791e-06
18.87	-6.282796e-06
18.88	-4.879710e-06
18.89	-3.380660e-06
18.90	-1.938828e-06
18.91	-6.875324e-07
18.92	2.760964e-07
18.93	9.016644e-07
18.94	1.188994e-06
18.95	1.184250e-06
18.96	9.694840e-07
18.97	6.473005e-07
18.98	3.230262e-07
18.99	8.707690e-08
19.00	1.657824e-10
19.01	8.354327e-08
19.02	3.157010e-07
19.03	6.360093e-07
19.04	9.547304e-07
19.05	1.167902e-06
19.06	1.174865e-06
19.07	8.957909e-07
19.08	2.865684e-07
19.09	-6.512645e-07
19.10	-1.867130e-06
19.11	-3.265231e-06
19.12	-4.715220e-06
19.13	-6.068337e-06
19.14	-7.176874e-06
19.15	-7.914255e-06
19.16	-8.192945e-06
19.17	-7.977618e-06
19.18	-7.291670e-06
19.19	-6.216025e-06
19.20	-4.880267e-06
19.21	-3.447163e-06
19.22	-2.092564e-06
19.23	-9.833179e-07
19.24	-2.561250e-07
19.25	-1.357004e-10
19.26	-2.456194e-07
19.27	-9.602028e-07
19.28	-2.053170e-06
19.29	-3.387230e-06
19.30	-4.796160e-06
19.31	-6.105954e-06
19.32	-7.156668e-06
19.33	-7.822055e-06
19.34	-8.024459e-06
19.35	-7.743065e-06
19.36	-7.014563e-06
19.37	-5.926287e-06
19.38	-4.602973e-06
19.39	-3.189042e-06
19.40	-1.828993e-06
19.41	-6.485997e-07
19.42	2.604832e-07
19.43	8.506844e-07
19.44	1.121804e-06
19.45	1.117366e-06
19.46	9.147616e-07
19.47	6.107873e-07
19.48	3.048195e-07
19.49	8.217823e-08
19.50	1.652925e-10
19.51	7.884903e-08
19.52	2.979474e-07
19.53	6.002542e-07
19.54	9.010832e-07
19.55	1.102312e-06
19.56	1.108920e-06
19.57	8.455408e-07
19.58	2.705082e-07
19.59	-6.147571e-07
19.60	-1.762541e-06
19.61	-3.082435e-06
19.62	-4.451400e-06
19.63	-5.729002e-06
19.64	-6.775777e-06
19.65	-7.472195e-06
19.66	-7.735574e-06
19.67	-7.532516e-06
19.68	-6.885066e-06
19.69	-5.869594e-06
19.70	-4.608430e-06
19.71	-3.255256e-06
19.72	-1.976130e-06
19.73	-9.286302e-07
19.74	-2.418819e-07
19.75	-1.194377e-10
19.76	-2.319753e-07
19.77	-9.069190e-07
19.78	-1.939308e-06
19.79	-3.199495e-06
19.80	-4.530487e-06
19.81	-5.767917e-06
19.82	-6.760682e-06
19.83	-7.389493e-06
19.84	-7.580949e-06
19.85	-7.315345e-06
19.86	-6.627297e-06
19.87	-5.599283e-06
19.88	-4.349125e-06
19.89	-3.013265e-06
19.90	-1.728232e-06
19.91	-6.128820e-07
19.92	2.461587e-07
19.93	8.039095e-07
19.94	1.060153e-06
19.95	1.055992e-06
19.96	8.645457e-07
19.97	5.772793e-07
19.98	2.881105e-07
19.99	7.768230e-08
