0.0 	 -0.002138590791 
0.01 	 0.001266790806 
0.02 	 0.0005696121564 
0.03 	 -0.01913935905 
0.04 	 -0.01349264457 
0.05 	 -0.0149203233 
0.06 	 -0.01097470206 
0.07 	 0.003937712418 
0.08 	 0.02364307119 
0.09 	 0.01430041959 
0.1 	 0.008369863551 
0.11 	 0.02811520494 
0.12 	 0.02533656168 
0.13 	 -0.006089839047 
0.14 	 -0.001073678994 
0.15 	 0.02008246302 
0.16 	 0.007907941062 
0.17 	 0.01091280096 
0.18 	 0.01511839701 
0.19 	 0.02471731524 
0.2 	 0.02513052225 
0.21 	 0.02256187185 
0.22 	 0.01155798504 
0.23 	 0.0132119118 
0.24 	 -0.03240346005 
0.25 	 -0.03934488852 
0.26 	 -0.0240525504 
0.27 	 -0.007649548605 
0.28 	 -0.01082869002 
0.29 	 -0.01719982395 
0.3 	 0.0216670527 
0.31 	 0.01875803454 
0.32 	 0.01338746175 
0.33 	 -0.02294228403 
0.34 	 -0.01299339405 
0.35 	 -0.008477877537 
0.36 	 -0.02978837892 
0.37 	 0.01455178122 
0.38 	 0.01598534595 
0.39 	 -0.01800304713 
0.4 	 -0.02599536204 
0.41 	 0.01969556643 
0.42 	 0.0316155699 
0.43 	 0.01803975615 
0.44 	 -0.006452832591 
0.45 	 -0.01870785639 
0.46 	 -0.02528938539 
0.47 	 -0.01427000859 
0.48 	 0.02828888118 
0.49 	 0.03123321534 
0.5 	 0.02443149108 
0.51 	 -0.01336944078 
0.52 	 -0.02616490827 
0.53 	 0.00911940543 
0.54 	 -0.006087577842 
0.55 	 -0.04569969861 
0.56 	 -0.01569870756 
0.57 	 -0.02373128271 
0.58 	 -0.02745120528 
0.59 	 -0.009277579908 
0.6 	 0.02518612533 
0.61 	 0.02863060272 
0.62 	 0.005128361928 
0.63 	 0.02130068844 
0.64 	 0.02900776779 
0.65 	 0.02465734671 
0.66 	 0.004427087211 
0.67 	 0.004729530492 
0.68 	 -0.02930931738 
0.69 	 -0.04238519391 
0.7 	 -0.02365137045 
0.71 	 -0.0128624796 
0.72 	 0.007342224849 
0.73 	 0.02799719064 
0.74 	 0.01781304705 
0.75 	 0.01458319284 
0.76 	 0.02676287682 
0.77 	 0.02086133778 
0.78 	 -0.01673985267 
0.79 	 -0.01594726353 
0.8 	 0.0175455774 
0.81 	 0.0008673092613 
0.82 	 -0.01237883679 
0.83 	 0.003272899509 
0.84 	 0.03693578796 
0.85 	 0.005688444258 
0.86 	 -0.02456829153 
0.87 	 -0.0181423197 
0.88 	 -0.008234204985 
0.89 	 -0.01918902708 
0.9 	 -0.0003954270717 
0.91 	 0.0231210909 
0.92 	 -0.02157468174 
0.93 	 -0.02913744618 
0.94 	 0.00593618796 
0.95 	 0.02907241569 
0.96 	 0.007751085048 
0.97 	 -0.03197166309 
0.98 	 -0.02248392159 
0.99 	 -0.01643834232 
1.0 	 -0.01490555925 
1.01 	 0.002066779629 
1.02 	 0.01055384325 
1.03 	 0.01647930888 
1.04 	 0.009326662281 
1.05 	 0.006896927367 
1.06 	 0.003396518262 
1.07 	 0.01601609049 
1.08 	 0.01578767445 
1.09 	 0.02609579682 
1.1 	 0.03715435476 
1.11 	 0.01313116569 
1.12 	 -0.01320345558 
1.13 	 -0.01942563447 
1.14 	 -0.02193553278 
1.15 	 -0.002511833823 
1.16 	 -0.003170598867 
1.17 	 0.03063197025 
1.18 	 0.04983549651 
1.19 	 0.002057502312 
1.2 	 -0.02943040221 
1.21 	 -0.0367633674 
1.22 	 -0.008634360771 
1.23 	 0.002984402124 
1.24 	 0.01569383199 
1.25 	 0.01453465296 
1.26 	 0.02493263493 
1.27 	 -0.02043396513 
1.28 	 -0.03583198638 
1.29 	 -0.04326510186 
1.3 	 -0.06362621793 
1.31 	 -0.03179501442 
1.32 	 -0.01406257614 
1.33 	 -0.01076907465 
1.34 	 -0.004493738313 
1.35 	 -0.008634868929 
1.36 	 -0.01293611346 
1.37 	 -0.008201762334 
1.38 	 0.003026597877 
1.39 	 0.007800949278 
1.4 	 -0.01092927195 
1.41 	 0.02777607324 
1.42 	 0.01670057343 
1.43 	 -0.03242851479 
1.44 	 -0.03319764822 
1.45 	 0.0003844957887 
1.46 	 0.02642194989 
1.47 	 0.02849454783 
1.48 	 0.008633540655 
1.49 	 -0.04607907093 
1.5 	 -0.04157499582 
1.51 	 -0.003390066225 
1.52 	 0.01335156696 
1.53 	 -0.01285341516 
1.54 	 0.003147740586 
1.55 	 -0.01570270023 
1.56 	 -0.05523597999 
1.57 	 -0.02354512815 
1.58 	 0.01571039127 
1.59 	 0.01791295209 
1.6 	 -0.005330266443 
1.61 	 0.01794532509 
1.62 	 0.04810517928 
1.63 	 0.04062169926 
1.64 	 0.01166490423 
1.65 	 -0.01585100781 
1.66 	 -0.02074291146 
1.67 	 -0.01504826532 
1.68 	 -0.007262332209 
1.69 	 0.002875048092 
1.7 	 0.008539648164 
1.71 	 0.01028181195 
1.72 	 -0.006967806579 
1.73 	 -0.01815366987 
1.74 	 -0.0073959552 
1.75 	 0.03241976427 
1.76 	 0.04950137772 
1.77 	 -0.02376298863 
1.78 	 -0.05216957019 
1.79 	 0.006707920059 
1.8 	 0.05260736106 
1.81 	 0.05587037307 
1.82 	 0.02051945928 
1.83 	 -0.06115017393 
1.84 	 -0.08929664334 
1.85 	 -0.00575392797 
1.86 	 -0.002020666743 
1.87 	 -0.06352783344 
1.88 	 -0.07391333709 
1.89 	 -0.01755749655 
1.9 	 0.02333875518 
1.91 	 0.0556296651 
1.92 	 0.06090383502 
1.93 	 0.01565669133 
1.94 	 -0.02716896177 
1.95 	 -0.00357346908 
1.96 	 -0.0134287128 
1.97 	 -0.08481208032 
1.98 	 -0.06712027506 
1.99 	 -0.0374710608 
2.0 	 -0.03167663715 
2.01 	 -0.007020537291 
2.02 	 0.02469993192 
2.03 	 -0.01722523185 
2.04 	 -0.006878023497 
2.05 	 0.01351540377 
2.06 	 -0.001983412287 
2.07 	 0.03162819537 
2.08 	 0.05733487854 
2.09 	 0.07393593933 
2.1 	 0.03825457569 
2.11 	 0.1000935882 
2.12 	 0.0716167278 
2.13 	 0.08395510815 
2.14 	 0.1770435225 
2.15 	 0.2250839754 
2.16 	 0.1936352736 
2.17 	 0.1148371353 
2.18 	 0.08188736616 
2.19 	 0.02171077587 
2.2 	 -0.007936916859 
2.21 	 -0.07090525755 
2.22 	 -0.1605601719 
2.23 	 -0.2203965612 
2.24 	 -0.1939695003 
2.25 	 -0.1216140795 
2.26 	 -0.04173393744 
2.27 	 -0.0526200552 
2.28 	 -0.1010793951 
2.29 	 -0.07925532354 
2.3 	 -0.01249334892 
2.31 	 -0.02114811351 
2.32 	 -0.0500454207 
2.33 	 0.01386475749 
2.34 	 0.04686578388 
2.35 	 0.1190411127 
2.36 	 0.2294199954 
2.37 	 0.292709799 
2.38 	 0.2884177278 
2.39 	 0.176478957 
2.4 	 0.07689771567 
2.41 	 -0.04319615718 
2.42 	 -0.06942187764 
2.43 	 -0.05063973012 
2.44 	 -0.126286092 
2.45 	 -0.1176501528 
2.46 	 -0.04477457637 
2.47 	 -0.07136055927 
2.48 	 -0.1641876156 
2.49 	 -0.1814778387 
2.5 	 -0.1089222939 
2.51 	 -0.04890473352 
2.52 	 0.01532552535 
2.53 	 -0.03731664159 
2.54 	 -0.08619647733 
2.55 	 -0.02090558088 
2.56 	 0.01804898736 
2.57 	 0.003140180019 
2.58 	 -0.08548430076 
2.59 	 -0.2026065186 
2.6 	 -0.2789733465 
2.61 	 -0.1607997321 
2.62 	 -0.06614069751 
2.63 	 -0.0139279437 
2.64 	 0.09792173268 
2.65 	 0.1280107881 
2.66 	 0.02707859205 
2.67 	 -0.0991092528 
2.68 	 -0.097387794 
2.69 	 0.06639405057 
2.7 	 0.1707190155 
2.71 	 0.1710195939 
2.72 	 0.184218066 
2.73 	 0.1735017201 
2.74 	 0.2743746147 
2.75 	 0.2754355662 
2.76 	 0.09345315015 
2.77 	 -0.1141751565 
2.78 	 -0.1772340327 
2.79 	 -0.0573993891 
2.8 	 0.07965581679 
2.81 	 0.1694817783 
2.82 	 0.1345504284 
2.83 	 0.2045641041 
2.84 	 0.2576571975 
2.85 	 0.09144452322 
2.86 	 -0.1549979019 
2.87 	 -0.3199899375 
2.88 	 -0.2473445331 
2.89 	 -0.09660097314 
2.9 	 -0.09292845249 
2.91 	 -0.2117719035 
2.92 	 -0.2741102352 
2.93 	 -0.1468711998 
2.94 	 0.03836380023 
2.95 	 0.2351759148 
2.96 	 0.27214902 
2.97 	 0.1558972827 
2.98 	 0.04075611588 
2.99 	 -0.004221548091 
3.0 	 0.02049395328 
3.01 	 0.07451761347 
3.02 	 0.1922506902 
3.03 	 0.1370167605 
3.04 	 0.05288473881 
3.05 	 0.09005793858 
3.06 	 0.1158440337 
3.07 	 0.0489127581 
3.08 	 -0.09330519573 
3.09 	 -0.2581872318 
3.1 	 -0.3748092966 
3.11 	 -0.1659998169 
3.12 	 0.1574708067 
3.13 	 0.1826264916 
3.14 	 0.0318531681 
3.15 	 -0.2002305366 
3.16 	 -0.2468893491 
3.17 	 -0.1734936759 
3.18 	 -0.1495287288 
3.19 	 -0.1158277491 
3.2 	 -0.1568730834 
3.21 	 -0.1219414392 
3.22 	 0.03016295415 
3.23 	 0.1599434172 
3.24 	 0.1152958509 
3.25 	 -0.01464457401 
3.26 	 -0.1083425229 
3.27 	 -0.1258733853 
3.28 	 -0.0448530858 
3.29 	 -0.01653548094 
3.3 	 0.01141189452 
3.31 	 0.1035290502 
3.32 	 0.145194867 
3.33 	 0.2319987501 
3.34 	 0.2511506169 
3.35 	 0.1557115794 
3.36 	 0.05876147817 
3.37 	 0.07373077299 
3.38 	 0.1651074012 
3.39 	 0.1886219712 
3.4 	 0.06925805064 
3.41 	 0.06987845466 
3.42 	 0.08997091407 
3.43 	 -0.06548540913 
3.44 	 -0.2500997697 
3.45 	 -0.3261068649 
3.46 	 -0.2087442432 
3.47 	 -0.06425466615 
3.48 	 0.003787470306 
3.49 	 -0.09696497319 
3.5 	 -0.180316629 
3.51 	 -0.2128769019 
3.52 	 -0.1393813629 
3.53 	 -0.001235777472 
3.54 	 0.1038393405 
3.55 	 0.08210578581 
3.56 	 -0.06809733144 
3.57 	 -0.2094049467 
3.58 	 -0.1653176295 
3.59 	 0.001715769 
3.6 	 0.1406317455 
3.61 	 0.2997203193 
3.62 	 0.2854413738 
3.63 	 0.2737741446 
3.64 	 0.3078150408 
3.65 	 0.1777544532 
3.66 	 0.0237889557 
3.67 	 -0.02796318918 
3.68 	 0.07039766853 
3.69 	 0.1890611649 
3.7 	 0.2624664519 
3.71 	 0.179374869 
3.72 	 0.1442831256 
3.73 	 0.2294757162 
3.74 	 0.1527881013 
3.75 	 0.02419834662 
3.76 	 -0.1056021975 
3.77 	 -0.2369636892 
3.78 	 -0.3604803201 
3.79 	 -0.3356051031 
3.8 	 -0.1775872908 
3.81 	 -0.0160673085 
3.82 	 0.1314639081 
3.83 	 0.1722191607 
3.84 	 0.09325001448 
3.85 	 -0.08918315145 
3.86 	 -0.2813122467 
3.87 	 -0.4714603596 
3.88 	 -0.4767037065 
3.89 	 -0.3558790377 
3.9 	 -0.2246478228 
3.91 	 -0.1211038614 
3.92 	 -0.1336917591 
3.93 	 -0.04609767069 
3.94 	 0.02129391954 
3.95 	 0.06809275017 
3.96 	 0.136014669 
3.97 	 0.1372352292 
3.98 	 0.03274032564 
3.99 	 0.01009611846 
4.0 	 0.1746779391 
4.01 	 0.3252209238 
4.02 	 0.4094730297 
4.03 	 0.2942214219 
4.04 	 0.1569861927 
4.05 	 0.07738668531 
4.06 	 -0.008466699042 
4.07 	 -0.1257095583 
4.08 	 -0.07129602909 
4.09 	 0.0293060997 
4.1 	 -0.0220058901 
4.11 	 -0.1524369033 
4.12 	 -0.2240915958 
4.13 	 -0.3228829065 
4.14 	 -0.4208639112 
4.15 	 -0.3757660659 
4.16 	 -0.2235220272 
4.17 	 0.01747706436 
4.18 	 0.2549440458 
4.19 	 0.4441009563 
4.2 	 0.2916261864 
4.21 	 0.01285328763 
4.22 	 -0.2427653232 
4.23 	 -0.3428975628 
4.24 	 -0.3165515325 
4.25 	 -0.1726126398 
4.26 	 0.03043298421 
4.27 	 0.1363283928 
4.28 	 0.05631854292 
4.29 	 -0.1321984809 
4.3 	 -0.2854737468 
4.31 	 -0.4044277467 
4.32 	 -0.3148424343 
4.33 	 -0.1073140425 
4.34 	 0.1197763722 
4.35 	 0.3016687815 
4.36 	 0.3876517638 
4.37 	 0.3919542336 
4.38 	 0.3634062507 
4.39 	 0.2613327102 
4.4 	 0.1301212134 
4.41 	 0.03764357946 
4.42 	 -0.04190598522 
4.43 	 -0.0215636553 
4.44 	 0.06591027042 
4.45 	 0.1358933193 
4.46 	 0.1736764362 
4.47 	 0.1062943911 
4.48 	 -0.02223547353 
4.49 	 -0.08457438402 
4.5 	 -0.1508857461 
4.51 	 -0.1064585124 
4.52 	 0.04897748448 
4.53 	 0.2019518973 
4.54 	 0.2741964651 
4.55 	 0.171892782 
4.56 	 0.02415091527 
4.57 	 -0.03553636203 
4.58 	 0.01371386007 
4.59 	 0.1719015129 
4.6 	 0.3085258734 
4.61 	 0.4354042932 
4.62 	 0.3957593364 
4.63 	 0.2233522161 
4.64 	 0.03150302958 
4.65 	 -0.1273957992 
4.66 	 -0.1688317677 
4.67 	 -0.1213626492 
4.68 	 0.006166074519 
4.69 	 0.1095998706 
4.7 	 0.1218171465 
4.71 	 0.02804867352 
4.72 	 -0.09369708561 
4.73 	 -0.1809314217 
4.74 	 -0.1931593905 
4.75 	 -0.1226660058 
4.76 	 -0.1821232386 
4.77 	 -0.2268312345 
4.78 	 0.01488823479 
4.79 	 0.3081495618 
4.8 	 0.5322080979 
4.81 	 0.4249512477 
4.82 	 0.2094073992 
4.83 	 0.02071017549 
4.84 	 -0.03564508626 
4.85 	 -0.01152048141 
4.86 	 -0.03134309715 
4.87 	 -0.1485160425 
4.88 	 -0.371764665 
4.89 	 -0.6004067274 
4.9 	 -0.7993302777 
4.91 	 -0.7105956885 
4.92 	 -0.5356175634 
4.93 	 -0.204772959 
4.94 	 0.1418314104 
4.95 	 0.3614871204 
4.96 	 0.1860881463 
4.97 	 -0.511494381 
4.98 	 -0.8656441119 
4.99 	 -0.990361683 
5.0 	 -0.9103325859 
5.01 	 -0.7279399647 
5.02 	 -0.1016723115 
5.03 	 0.420190749 
5.04 	 0.5417056494 
5.05 	 0.6138500571 
5.06 	 0.4621356603 
5.07 	 0.3156745185 
5.08 	 0.1374237774 
5.09 	 0.1085253813 
5.1 	 0.1944882531 
5.11 	 0.2887663752 
5.12 	 0.2649512268 
5.13 	 0.1721434275 
5.14 	 0.1408036167 
5.15 	 0.1489882959 
5.16 	 0.1764450144 
5.17 	 0.2628480609 
5.18 	 0.2745048915 
5.19 	 0.158022423 
5.2 	 0.04821401142 
5.21 	 -0.008651591055 
5.22 	 -0.06051410334 
5.23 	 -0.02801433852 
5.24 	 -0.0739932003 
5.25 	 -0.1474891317 
5.26 	 -0.1115672661 
5.27 	 -0.09710865045 
5.28 	 -0.104573619 
5.29 	 -0.2066372514 
5.3 	 -0.2358258273 
5.31 	 -0.1002521178 
5.32 	 0.131501088 
5.33 	 0.4101733656 
5.34 	 0.6455288034 
5.35 	 0.74403945 
5.36 	 0.6200522334 
5.37 	 0.2789705997 
5.38 	 -0.1563895485 
5.39 	 -0.4679329779 
5.4 	 -0.5128211835 
5.41 	 -0.2628967185 
5.42 	 0.06399544671 
5.43 	 0.3470104053 
5.44 	 0.4023242865 
5.45 	 -0.01966755888 
5.46 	 -0.4395581415 
5.47 	 -0.445271976 
5.48 	 -0.2591471403 
5.49 	 -0.05389031286 
5.5 	 0.02183621634 
5.51 	 0.01233994014 
5.52 	 0.07709968395 
5.53 	 0.2361478896 
5.54 	 0.4126567671 
5.55 	 0.5921776089 
5.56 	 0.711871479 
5.57 	 0.7061474421 
5.58 	 0.6032432889 
5.59 	 0.3772529676 
5.6 	 -0.01450020024 
5.61 	 -0.4046323833 
5.62 	 -0.6628726872 
5.63 	 -0.6613321248 
5.64 	 -0.4512323358 
5.65 	 -0.1871391897 
5.66 	 0.02850408315 
5.67 	 0.1683102681 
5.68 	 0.2091151593 
5.69 	 0.1088927658 
5.7 	 -0.2124868563 
5.71 	 -0.6568025535 
5.72 	 -0.9083587158 
5.73 	 -0.991270089 
5.74 	 -0.8094082869 
5.75 	 -0.4852877508 
5.76 	 -0.09721775727 
5.77 	 0.1034862786 
5.78 	 0.02016418032 
5.79 	 -0.1247860449 
5.8 	 -0.164601009 
5.81 	 0.04934107251 
5.82 	 0.2847065067 
5.83 	 0.4770953217 
5.84 	 0.4480869555 
5.85 	 0.3185962308 
5.86 	 0.1869443631 
5.87 	 0.1507915701 
5.88 	 0.2214249435 
5.89 	 0.3144922173 
5.9 	 0.346121325 
5.91 	 0.2408958315 
5.92 	 0.08980178967 
5.93 	 -0.06887692233 
5.94 	 -0.2030904459 
5.95 	 -0.2664902196 
5.96 	 -0.2327596137 
5.97 	 -0.215739558 
5.98 	 -0.2636595441 
5.99 	 -0.2378440386 
6.0 	 -0.1106255061 
6.01 	 0.03179228724 
6.02 	 0.1113211332 
6.03 	 0.04846182183 
6.04 	 -0.08871356637 
6.05 	 -0.1812312153 
6.06 	 -0.1292294844 
6.07 	 -0.05677496298 
6.08 	 0.04300647102 
6.09 	 0.15012243 
6.1 	 0.2648231082 
6.11 	 0.3156542118 
6.12 	 0.2264085216 
6.13 	 0.1061035866 
6.14 	 -0.04984342299 
6.15 	 -0.0478726038 
6.16 	 -0.02018583099 
6.17 	 0.02965465881 
6.18 	 0.1101841542 
6.19 	 0.1075721436 
6.2 	 0.09109154961 
6.21 	 0.1148958972 
6.22 	 0.2368910952 
6.23 	 0.3500208 
6.24 	 0.3472888131 
6.25 	 0.2075117148 
6.26 	 0.03708573381 
6.27 	 -0.13169925 
6.28 	 -0.3072784338 
6.29 	 -0.3546681894 
6.3 	 -0.334366002 
6.31 	 -0.3641147289 
6.32 	 -0.2156632362 
6.33 	 -0.02619619236 
6.34 	 0.1853444502 
6.35 	 0.3268017072 
6.36 	 0.3092205195 
6.37 	 0.324429453 
6.38 	 0.3823549524 
6.39 	 0.4826668131 
6.4 	 0.4313445228 
6.41 	 0.2622194361 
6.42 	 0.0623351925 
6.43 	 -0.1426322007 
6.44 	 -0.2749846005 
6.45 	 -0.2383823133 
6.46 	 -0.1779351534 
6.47 	 -0.2035315035 
6.48 	 -0.235811799 
6.49 	 -0.262208547 
6.5 	 -0.2742564042 
6.51 	 -0.2232551952 
6.52 	 -0.147578697 
6.53 	 -0.1834413102 
6.54 	 -0.2819926683 
6.55 	 -0.3319441092 
6.56 	 -0.1967606415 
6.57 	 -0.03785259132 
6.58 	 0.1330929567 
6.59 	 0.1882867635 
6.6 	 0.07656716772 
6.61 	 0.08272060794 
6.62 	 0.04974980616 
6.63 	 -0.07995092121 
6.64 	 -0.2365483338 
6.65 	 -0.3099441051 
6.66 	 -0.2489867271 
6.67 	 -0.1438620804 
6.68 	 -0.01598314851 
6.69 	 0.08538929091 
6.7 	 0.06088373433 
6.71 	 -0.06558500025 
6.72 	 -0.193234437 
6.73 	 -0.3121284978 
6.74 	 -0.4179644676 
6.75 	 -0.4771714473 
6.76 	 -0.4718685537 
6.77 	 -0.4468134213 
6.78 	 -0.383694606 
6.79 	 -0.2780695512 
6.8 	 -0.2308206672 
6.81 	 -0.278720739 
6.82 	 -0.3740601069 
6.83 	 -0.3146536899 
6.84 	 -0.1434780189 
6.85 	 0.08637404814 
6.86 	 0.3600532908 
6.87 	 0.5504608782 
6.88 	 0.7104296052 
6.89 	 0.6881153868 
6.9 	 0.5729737491 
6.91 	 0.4286539341 
6.92 	 0.2747983086 
6.93 	 0.1733851773 
6.94 	 0.1756261737 
6.95 	 0.3026644965 
6.96 	 0.4273213437 
6.97 	 0.5403209679 
6.98 	 0.5349173256 
6.99 	 0.4499643933 
7.0 	 0.3476205873 
7.01 	 0.2898945252 
7.02 	 0.2606560164 
7.03 	 0.3165302448 
7.04 	 0.3717541683 
7.05 	 0.2980681191 
7.06 	 0.1751116392 
7.07 	 0.07037639064 
7.08 	 0.04909285989 
7.09 	 0.009728123778 
7.1 	 0.03564384039 
7.11 	 0.1449312723 
7.12 	 0.2600622171 
7.13 	 0.2918114973 
7.14 	 0.2765317356 
7.15 	 0.2175048675 
7.16 	 0.05904630171 
7.17 	 -0.1133208036 
7.18 	 -0.3052100934 
7.19 	 -0.4704727869 
7.2 	 -0.5776895142 
7.21 	 -0.6008842782 
7.22 	 -0.5208049539 
7.23 	 -0.4156501905 
7.24 	 -0.3020601024 
7.25 	 -0.2067813603 
7.26 	 -0.1632447765 
7.27 	 -0.1895013396 
7.28 	 -0.2793474018 
7.29 	 -0.3634798257 
7.3 	 -0.4069970838 
7.31 	 -0.3934189647 
7.32 	 -0.3117587589 
7.33 	 -0.2255256216 
7.34 	 -0.2066042898 
7.35 	 -0.1399432797 
7.36 	 -0.04949752239 
7.37 	 -0.02687381811 
7.38 	 0.01480168116 
7.39 	 0.1205768682 
7.4 	 0.2493363555 
7.41 	 0.3377708568 
7.42 	 0.2877094458 
7.43 	 0.1899385713 
7.44 	 0.1503038169 
7.45 	 0.1278395055 
7.46 	 0.1762291944 
7.47 	 0.2667449853 
7.48 	 0.3626640261 
7.49 	 0.3502460376 
7.5 	 0.2314221183 
7.51 	 0.09766895841 
7.52 	 -0.0385257339 
7.53 	 -0.141930099 
7.54 	 -0.2377797831 
7.55 	 -0.2855696886 
7.56 	 -0.3021603606 
7.57 	 -0.2556818559 
7.58 	 -0.1475250363 
7.59 	 -0.03496563585 
7.6 	 0.1037600757 
7.61 	 0.2206021788 
7.62 	 0.2624777334 
7.63 	 0.2160987021 
7.64 	 0.1125342378 
7.65 	 0.02714106213 
7.66 	 0.05120567883 
7.67 	 0.1568308023 
7.68 	 0.2347388793 
7.69 	 0.2259531414 
7.7 	 0.2241517311 
7.71 	 0.2019076542 
7.72 	 0.1404993105 
7.73 	 0.08699583537 
7.74 	 0.08011128528 
7.75 	 0.0831729078 
7.76 	 0.04640984451 
7.77 	 0.01277872182 
7.78 	 0.03900468753 
7.79 	 0.1323022707 
7.8 	 0.180211662 
7.81 	 0.1471809015 
7.82 	 0.06100720299 
7.83 	 0.04119465231 
7.84 	 0.07943807403 
7.85 	 0.1117377639 
7.86 	 0.07949756187 
7.87 	 -0.0207047898 
7.88 	 -0.1322441955 
7.89 	 -0.2640161376 
7.9 	 -0.3895641252 
7.91 	 -0.4423670388 
7.92 	 -0.5030549361 
7.93 	 -0.5795126046 
7.94 	 -0.6099817779 
7.95 	 -0.5472031734 
7.96 	 -0.4558067388 
7.97 	 -0.4203450603 
7.98 	 -0.3808308708 
7.99 	 -0.3344323176 
8.0 	 -0.2392736499 
8.01 	 -0.1234721916 
8.02 	 0.001665118008 
8.03 	 0.1382394789 
8.04 	 0.2633066784 
8.05 	 0.3633284574 
8.06 	 0.3339499599 
8.07 	 0.2862601164 
8.08 	 0.369951777 
8.09 	 0.4628790621 
8.1 	 0.4886548371 
8.11 	 0.3996393876 
8.12 	 0.2596724658 
8.13 	 0.1244684952 
8.14 	 0.01847253411 
8.15 	 0.02478620106 
8.16 	 0.01872220842 
8.17 	 -0.01602956943 
8.18 	 -0.02590592427 
8.19 	 -0.05162209371 
8.2 	 -0.07877915595 
8.21 	 -0.073966419 
8.22 	 -0.04478856543 
8.23 	 0.005382280044 
8.24 	 0.05941553049 
8.25 	 0.05349162465 
8.26 	 -0.04327857099 
8.27 	 -0.1794431466 
8.28 	 -0.3172187106 
8.29 	 -0.4169107755 
8.3 	 -0.5019436593 
8.31 	 -0.5495633613 
8.32 	 -0.5217264072 
8.33 	 -0.4874453622 
8.34 	 -0.4894067736 
8.35 	 -0.4410370971 
8.36 	 -0.3214031661 
8.37 	 -0.1527388551 
8.38 	 0.03645814887 
8.39 	 0.2091048588 
8.4 	 0.3298094532 
8.41 	 0.3412463436 
8.42 	 0.3569558814 
8.43 	 0.4463810946 
8.44 	 0.5026357548 
8.45 	 0.4765593033 
8.46 	 0.3699830709 
8.47 	 0.2486877183 
8.48 	 0.1790643825 
8.49 	 0.09272067669 
8.5 	 0.02027559249 
8.51 	 -0.02447233992 
8.52 	 -0.06052487472 
8.53 	 -0.08466003513 
8.54 	 -0.1160896761 
8.55 	 -0.1196220609 
8.56 	 -0.1312694739 
8.57 	 -0.1621888281 
8.58 	 -0.1631396133 
8.59 	 -0.1987318629 
8.6 	 -0.2546066799 
8.61 	 -0.2920800951 
8.62 	 -0.3218287239 
8.63 	 -0.3543290577 
8.64 	 -0.3284332083 
8.65 	 -0.2327441139 
8.66 	 -0.1111189491 
8.67 	 -0.0566854173 
8.68 	 -0.02900845449 
8.69 	 0.04751877672 
8.7 	 0.1269979056 
8.71 	 0.247452345 
8.72 	 0.3821255946 
8.73 	 0.5050115406 
8.74 	 0.5621866731 
8.75 	 0.5278451985 
8.76 	 0.4164460758 
8.77 	 0.3228178662 
8.78 	 0.3132317304 
8.79 	 0.3200557626 
8.8 	 0.3192451623 
8.81 	 0.2742170661 
8.82 	 0.1910053107 
8.83 	 0.0844191702 
8.84 	 -0.01060987797 
8.85 	 -0.09453204414 
8.86 	 -0.1794848391 
8.87 	 -0.2282052231 
8.88 	 -0.2333486061 
8.89 	 -0.2198703528 
8.9 	 -0.1559109186 
8.91 	 -0.09769498434 
8.92 	 -0.1401414417 
8.93 	 -0.1924940763 
8.94 	 -0.2419448148 
8.95 	 -0.2636684712 
8.96 	 -0.2572746075 
8.97 	 -0.2586456531 
8.98 	 -0.2365420554 
8.99 	 -0.2035718226 
9.0 	 -0.1308768777 
9.01 	 -0.04211209332 
9.02 	 0.02029642893 
9.03 	 0.02221746237 
9.04 	 -0.01624650777 
9.05 	 -0.007361151282 
9.06 	 0.06026060313 
9.07 	 0.1031669631 
9.08 	 0.1474042752 
9.09 	 0.2109635595 
9.1 	 0.2095725015 
9.11 	 0.1779227928 
9.12 	 0.175691214 
9.13 	 0.2044989657 
9.14 	 0.19301175 
9.15 	 0.1276610616 
9.16 	 0.05417544051 
9.17 	 0.04728104118 
9.18 	 0.08819625564 
9.19 	 0.1336342725 
9.2 	 0.1490137038 
9.21 	 0.1276803873 
9.22 	 0.1473423741 
9.23 	 0.1609807266 
9.24 	 0.1294610985 
9.25 	 0.1464615342 
9.26 	 0.1736982144 
9.27 	 0.173237733 
9.28 	 0.1780906419 
9.29 	 0.1271489796 
9.3 	 0.03032890011 
9.31 	 -0.0760371138 
9.32 	 -0.1302407973 
9.33 	 -0.1302309873 
9.34 	 -0.1456006086 
9.35 	 -0.1245176433 
9.36 	 -0.05867693559 
9.37 	 -0.000160793748 
9.38 	 0.05002018938 
9.39 	 0.03531095766 
9.4 	 0.01445793876 
9.41 	 0.01241655624 
9.42 	 0.02139201954 
9.43 	 0.06553926603 
9.44 	 0.0990399942 
9.45 	 0.1071148014 
9.46 	 0.06289731531 
9.47 	 0.0003584654442 
9.48 	 0.003810504186 
9.49 	 0.0351998496 
9.5 	 0.0921150171 
9.51 	 0.1613778354 
9.52 	 0.1864332621 
9.53 	 0.1435766094 
9.54 	 0.05208983451 
9.55 	 -0.02782977318 
9.56 	 -0.08337427767 
9.57 	 -0.102826458 
9.58 	 -0.09080907066 
9.59 	 -0.1080798111 
9.6 	 -0.1382686146 
9.61 	 -0.1486551483 
9.62 	 -0.1470242358 
9.63 	 -0.1512970794 
9.64 	 -0.1576209978 
9.65 	 -0.1387193841 
9.66 	 -0.1012962942 
9.67 	 -0.06466364505 
9.68 	 -0.04333049532 
9.69 	 -0.03082283361 
9.7 	 -0.02449899369 
9.71 	 0.03048499683 
9.72 	 0.08679981195 
9.73 	 0.1277951643 
9.74 	 0.134489214 
9.75 	 0.1310971122 
9.76 	 0.1117350171 
9.77 	 0.04780528758 
9.78 	 -0.04550259609 
9.79 	 -0.1703699757 
9.8 	 -0.2819392038 
9.81 	 -0.3606679854 
9.82 	 -0.3555750258 
9.83 	 -0.2994103233 
9.84 	 -0.2450266263 
9.85 	 -0.2240537292 
9.86 	 -0.2183301828 
9.87 	 -0.2222927361 
9.88 	 -0.1625758326 
9.89 	 -0.06401478222 
9.9 	 0.03706779132 
9.91 	 0.1055401983 
9.92 	 0.1279539882 
9.93 	 0.08477718615 
9.94 	 -0.03391641711 
9.95 	 -0.1522397223 
9.96 	 -0.2764567872 
9.97 	 -0.3212045136 
9.98 	 -0.2525321592 
9.99 	 -0.146606526 
10.0 	 -0.02089866483 
10.01 	 0.06920711712 
10.02 	 0.08536708107 
10.03 	 0.06412386942 
10.04 	 0.03495575718 
10.05 	 0.05448781053 
10.06 	 0.07963334208 
10.07 	 0.1038483657 
10.08 	 0.154649745 
10.09 	 0.231347268 
10.1 	 0.2917145745 
10.11 	 0.3383034417 
10.12 	 0.3201221763 
10.13 	 0.2315271834 
10.14 	 0.1591823574 
10.15 	 0.09574298073 
10.16 	 0.08276490009 
10.17 	 0.09333141786 
10.18 	 0.1034176086 
10.19 	 0.06510385899 
10.2 	 -0.007301035602 
10.21 	 -0.04172239107 
10.22 	 -0.0622851615 
10.23 	 -0.04860671553 
10.24 	 -0.00217797696 
10.25 	 0.008578659591 
10.26 	 -0.008271806715 
10.27 	 -0.01529618364 
10.28 	 -0.01290472146 
10.29 	 -0.04560501249 
10.3 	 -0.1051218999 
10.31 	 -0.1309479021 
10.32 	 -0.1098048015 
10.33 	 -0.09603633897 
10.34 	 -0.1220925132 
10.35 	 -0.153101727 
10.36 	 -0.1745250012 
10.37 	 -0.1904448654 
10.38 	 -0.1887639219 
10.39 	 -0.2100471093 
10.4 	 -0.2200833279 
10.41 	 -0.1915156269 
10.42 	 -0.1657296495 
10.43 	 -0.1179001116 
10.44 	 -0.06898974714 
10.45 	 -0.04284355635 
10.46 	 -0.02538274716 
10.47 	 -0.01689749937 
10.48 	 -0.008972594856 
10.49 	 0.02122611282 
10.5 	 0.07649034561 
10.51 	 0.1518870528 
10.52 	 0.191271456 
10.53 	 0.1962045126 
10.54 	 0.161703135 
10.55 	 0.1319647086 
10.56 	 0.09237016539 
10.57 	 0.03233296539 
10.58 	 0.002074222476 
10.59 	 -0.009683061543 
10.6 	 0.020215467 
10.61 	 0.046431711 
10.62 	 0.0758099142 
10.63 	 0.1014458967 
10.64 	 0.109820988 
10.65 	 0.1110117258 
10.66 	 0.08040278943 
10.67 	 0.05578754724 
10.68 	 0.07351854345 
10.69 	 0.1024764372 
10.7 	 0.1090605168 
10.71 	 0.07317836208 
10.72 	 -0.005300253729 
10.73 	 -0.07816538349 
10.74 	 -0.1157086557 
10.75 	 -0.1054723131 
10.76 	 -0.08467938045 
10.77 	 -0.07744488804 
10.78 	 -0.03890098602 
10.79 	 0.0143220114 
10.8 	 0.08082322641 
10.81 	 0.1329355062 
10.82 	 0.1173058218 
10.83 	 0.08091334107 
10.84 	 0.0626220369 
10.85 	 0.03963781512 
10.86 	 0.02957159754 
10.87 	 0.01784435076 
10.88 	 -0.01716732342 
10.89 	 -0.07052034258 
10.9 	 -0.0989880012 
10.91 	 -0.09549577854 
10.92 	 -0.06369604551 
10.93 	 -0.02168998848 
10.94 	 -0.02442165165 
10.95 	 -0.001007118144 
10.96 	 0.005426896905 
10.97 	 -0.03269669076 
10.98 	 -0.06096417633 
10.99 	 -0.0840784689 
11.0 	 -0.08982198846 
11.01 	 -0.0996380118 
11.02 	 -0.0640359522 
11.03 	 -0.009682240446 
11.04 	 0.01036021347 
11.05 	 -0.01487538369 
11.06 	 -0.03618856026 
11.07 	 -0.04717532862 
11.08 	 -0.06401572398 
11.09 	 -0.06233464314 
11.1 	 -0.0363184839 
11.11 	 0.02472938154 
11.12 	 0.05138593758 
11.13 	 0.05078560482 
11.14 	 0.04847421186 
11.15 	 0.0577900233 
11.16 	 0.03065324814 
11.17 	 -0.006539747229 
11.18 	 -0.01569537216 
11.19 	 -0.02998418652 
11.2 	 -0.02901353607 
11.21 	 0.02709126657 
11.22 	 0.08633802582 
11.23 	 0.1043092395 
11.24 	 0.1166468841 
11.25 	 0.1492470837 
11.26 	 0.1537299594 
11.27 	 0.1567818504 
11.28 	 0.2069230167 
11.29 	 0.2239835877 
11.3 	 0.1897824942 
11.31 	 0.1595337516 
11.32 	 0.1581029631 
11.33 	 0.1648871667 
11.34 	 0.1642868928 
11.35 	 0.12832461 
11.36 	 0.06291422775 
11.37 	 -0.0210877722 
11.38 	 -0.09661451094 
11.39 	 -0.114195267 
11.4 	 -0.08943994782 
11.41 	 -0.04079975076 
11.42 	 0.004998680595 
11.43 	 0.01563532515 
11.44 	 0.009171384696 
11.45 	 0.009671754537 
11.46 	 0.01983811554 
11.47 	 0.016466085 
11.48 	 0.02931411447 
11.49 	 0.04888630053 
11.5 	 0.08422825779 
11.51 	 0.1425143826 
11.52 	 0.1492186347 
11.53 	 0.09707641479 
11.54 	 0.04205237985 
11.55 	 0.01710699192 
11.56 	 0.03445780158 
11.57 	 0.03965108805 
11.58 	 -0.005897063718 
11.59 	 -0.06604426521 
11.6 	 -0.1189869615 
11.61 	 -0.147234366 
11.62 	 -0.1292632308 
11.63 	 -0.1182363003 
11.64 	 -0.1390290858 
11.65 	 -0.1312542684 
11.66 	 -0.1208076975 
11.67 	 -0.1130628006 
11.68 	 -0.09169953417 
11.69 	 -0.1043272899 
11.7 	 -0.1508860404 
11.71 	 -0.1903204746 
11.72 	 -0.1747907541 
11.73 	 -0.1150136172 
11.74 	 -0.05989938912 
11.75 	 -0.03076125624 
11.76 	 -0.02592818316 
11.77 	 -0.06872462208 
11.78 	 -0.1047468636 
11.79 	 -0.1331443611 
11.8 	 -0.1476133263 
11.81 	 -0.1463124222 
11.82 	 -0.1347851817 
11.83 	 -0.1036958202 
11.84 	 -0.09760197573 
11.85 	 -0.05428505745 
11.86 	 0.0009592513281 
11.87 	 0.03805231311 
11.88 	 0.06965197119 
11.89 	 0.06666019587 
11.9 	 0.05247149256 
11.91 	 0.05462290404 
11.92 	 0.03583133892 
11.93 	 0.02691590301 
11.94 	 0.02119243509 
11.95 	 -0.01129760802 
11.96 	 -0.02625678873 
11.97 	 -0.01858194504 
11.98 	 0.04819951224 
11.99 	 0.1152412092 
12.0 	 0.1790907714 
12.01 	 0.1986730029 
12.02 	 0.1717264044 
12.03 	 0.1307411073 
12.04 	 0.08494279857 
12.05 	 0.0990615762 
12.06 	 0.1077970869 
12.07 	 0.1217059011 
12.08 	 0.1243276236 
12.09 	 0.1241775306 
12.1 	 0.1302914169 
12.11 	 0.1399274856 
12.12 	 0.1594496799 
12.13 	 0.1472222016 
12.14 	 0.1329133356 
12.15 	 0.1271299482 
12.16 	 0.1245284343 
12.17 	 0.1075179924 
12.18 	 0.09359941725 
12.19 	 0.05490553014 
12.2 	 -0.005741947017 
12.21 	 -0.05397173586 
12.22 	 -0.1166904405 
12.23 	 -0.142136109 
12.24 	 -0.1474994322 
12.25 	 -0.1539133083 
12.26 	 -0.1825509546 
12.27 	 -0.2168320977 
12.28 	 -0.2247869286 
12.29 	 -0.2191332294 
12.3 	 -0.198850662 
12.31 	 -0.1822402719 
12.32 	 -0.1637787348 
12.33 	 -0.1572646005 
12.34 	 -0.1507504662 
12.35 	 -0.1337598405 
12.36 	 -0.1520911008 
12.37 	 -0.1629977607 
12.38 	 -0.152060886 
12.39 	 -0.1417343895 
12.4 	 -0.1477079928 
12.41 	 -0.1614664197 
12.42 	 -0.1798076862 
12.43 	 -0.1699114563 
12.44 	 -0.1283055786 
12.45 	 -0.09477469449 
12.46 	 -0.06599676519 
12.47 	 -0.06367522869 
12.48 	 -0.03739884939 
12.49 	 -0.03736872288 
12.5 	 -0.03930981777 
12.51 	 -0.03236542668 
12.52 	 -0.01660555377 
12.53 	 0.01539437193 
12.54 	 0.04945558464 
12.55 	 0.09174187413 
12.56 	 0.125222688 
12.57 	 0.1486172817 
12.58 	 0.1452452904 
12.59 	 0.1475969436 
12.6 	 0.1230818517 
12.61 	 0.08860055517 
12.62 	 0.04705492068 
12.63 	 0.03078493758 
12.64 	 0.03477751929 
12.65 	 0.05072751 
12.66 	 0.0764935731 
12.67 	 0.07008971301 
12.68 	 0.08000595531 
12.69 	 0.06511683762 
12.7 	 0.05015767653 
12.71 	 0.05693197203 
12.72 	 0.07610395914 
12.73 	 0.100569177 
12.74 	 0.125524836 
12.75 	 0.1225831113 
12.76 	 0.1156689252 
12.77 	 0.1180304865 
12.78 	 0.0990287127 
12.79 	 0.0735931485 
12.8 	 0.01594753821 
12.81 	 -0.03002083668 
12.82 	 -0.06603304257 
12.83 	 -0.08505472086 
12.84 	 -0.0995835663 
12.85 	 -0.1043965485 
12.86 	 -0.08307316953 
12.87 	 -0.06025892562 
12.88 	 -0.01174876992 
12.89 	 0.01366708599 
12.9 	 0.01515812751 
12.91 	 0.01683926721 
12.92 	 0.01887064353 
12.93 	 0.05382239823 
12.94 	 0.08950461534 
12.95 	 0.111358215 
12.96 	 0.1392857154 
12.97 	 0.1427379525 
12.98 	 0.140306544 
12.99 	 0.0994612356 
13.0 	 0.05550421482 
13.01 	 0.04003472772 
13.02 	 0.03798357444 
13.03 	 0.04254649974 
13.04 	 0.06764216706 
13.05 	 0.1199747304 
13.06 	 0.1160422938 
13.07 	 0.07308586359 
13.08 	 0.03298113171 
13.09 	 0.02085372522 
13.1 	 0.01627099353 
13.11 	 0.03375193284 
13.12 	 0.04581951795 
13.13 	 0.05756690466 
13.14 	 0.03917561697 
13.15 	 0.01389006729 
13.16 	 -0.008613766638 
13.17 	 -0.05507244729 
13.18 	 -0.07447435137 
13.19 	 -0.08715209886 
13.2 	 -0.07039159614 
13.21 	 -0.03507960843 
13.22 	 -0.01292578353 
13.23 	 0.003104264628 
13.24 	 0.0067666437 
13.25 	 0.006236425953 
13.26 	 -0.02678392908 
13.27 	 -0.07026075036 
13.28 	 -0.08074713024 
13.29 	 -0.08102719593 
13.3 	 -0.08887194882 
13.31 	 -0.07340225571 
13.32 	 -0.0173874402 
13.33 	 0.001394307072 
13.34 	 0.003655819125 
13.35 	 -0.009402161022 
13.36 	 -0.02213994375 
13.37 	 -0.02900407923 
13.38 	 -0.02370068532 
13.39 	 0.001825235847 
13.4 	 0.0048472191 
13.41 	 -0.006679813428 
13.42 	 -0.003147513975 
13.43 	 0.02292875604 
13.44 	 0.03906885474 
13.45 	 0.02376949266 
13.46 	 -0.000995741487 
13.47 	 -0.01901680272 
13.48 	 -0.0123025248 
13.49 	 -0.01563448149 
13.5 	 -0.03350544678 
13.51 	 -0.02429963487 
13.52 	 0.001686578364 
13.53 	 0.01704620916 
13.54 	 -0.006218098911 
13.55 	 -0.01225172862 
13.56 	 -0.0100902717 
13.57 	 -0.002045186838 
13.58 	 0.004589033634 
13.59 	 -0.007348253094 
13.6 	 -0.02566949346 
13.61 	 -0.03197329155 
13.62 	 -0.02547915984 
13.63 	 -0.03888735993 
13.64 	 -0.04514111721 
13.65 	 -0.03447440991 
13.66 	 -0.0239978106 
13.67 	 -0.04345975188 
13.68 	 -0.03757599837 
13.69 	 -0.01679302287 
13.7 	 -0.01053903996 
13.71 	 0.006191438274 
13.72 	 0.02368237986 
13.73 	 0.03657047337 
13.74 	 0.02547370548 
13.75 	 0.02854571679 
13.76 	 0.0478978155 
13.77 	 0.05249076921 
13.78 	 0.05316129252 
13.79 	 0.04426588863 
13.8 	 0.02706533874 
13.81 	 0.02890658745 
13.82 	 0.03713179176 
13.83 	 0.02246281047 
13.84 	 0.01384758018 
13.85 	 -0.005964592815 
13.86 	 -0.01724147721 
13.87 	 -0.0188623737 
13.88 	 -0.005614057971 
13.89 	 0.01780054911 
13.9 	 0.02965800402 
13.91 	 0.01749057273 
13.92 	 -0.02162355516 
13.93 	 -0.05731556265 
13.94 	 -0.08918520174 
13.95 	 -0.09565911504 
13.96 	 -0.1047646197 
13.97 	 -0.1081766358 
13.98 	 -0.1254073122 
13.99 	 -0.165031668 
14.0 	 -0.1841434119 
14.01 	 -0.1892464758 
14.02 	 -0.1928185911 
14.03 	 -0.1987220529 
14.04 	 -0.1972811601 
14.05 	 -0.2025743418 
14.06 	 -0.2004429231 
14.07 	 -0.1477801944 
14.08 	 -0.06969167226 
14.09 	 -0.01245611016 
14.1 	 0.03587393394 
14.11 	 0.07886066724 
14.12 	 0.1108106208 
14.13 	 0.1234584576 
14.14 	 0.1353359151 
14.15 	 0.1332648279 
14.16 	 0.09583169256 
14.17 	 0.08976803346 
14.18 	 0.1091400759 
14.19 	 0.1110614625 
14.2 	 0.1098306999 
14.21 	 0.08678657826 
14.22 	 0.08777729997 
14.23 	 0.08855788167 
14.24 	 0.07833164337 
14.25 	 0.08857810008 
14.26 	 0.08102351718 
14.27 	 0.05855968647 
14.28 	 0.05223586617 
14.29 	 0.04570191567 
14.3 	 0.05860000557 
14.31 	 0.08797830687 
14.32 	 0.1210989564 
14.33 	 0.1234004805 
14.34 	 0.09387225297 
14.35 	 0.06500446407 
14.36 	 0.04548246597 
14.37 	 0.06030173646 
14.38 	 0.06997782996 
14.39 	 0.07577151786 
14.4 	 0.08128502235 
14.41 	 0.07646213205 
14.42 	 0.05733037575 
14.43 	 0.06193332585 
14.44 	 0.07057877094 
14.45 	 0.05528938563 
14.46 	 0.01191261654 
14.47 	 -0.02167810857 
14.48 	 -0.01804576968 
14.49 	 -0.03179419038 
14.5 	 -0.05171644629 
14.51 	 -0.060872031 
14.52 	 -0.0731495403 
14.53 	 -0.06011137341 
14.54 	 -0.05206630032 
14.55 	 -0.03867790662 
14.56 	 -0.05411738493 
14.57 	 -0.07034734323 
14.58 	 -0.05339676195 
14.59 	 -0.06097135725 
14.6 	 -0.06260227956 
14.61 	 -0.07370907327 
14.62 	 -0.09261069678 
14.63 	 -0.1108319085 
14.64 	 -0.1209881034 
14.65 	 -0.1096209621 
14.66 	 -0.1097009136 
14.67 	 -0.1071292221 
14.68 	 -0.06180107724 
14.69 	 -0.01768366296 
14.7 	 0.01662768513 
14.71 	 0.04077272421 
14.72 	 0.0556420257 
14.73 	 0.07127179839 
14.74 	 0.07785596628 
14.75 	 0.08480034756 
14.76 	 0.08527071744 
14.77 	 0.08102817693 
14.78 	 0.08660171862 
14.79 	 0.0875023551 
14.8 	 0.06882086799 
14.81 	 0.03657096387 
14.82 	 -0.009167290983 
14.83 	 -0.05298435936 
14.84 	 -0.06342073767 
14.85 	 -0.07249628259 
14.86 	 -0.09633097251 
14.87 	 -0.1244383785 
14.88 	 -0.1207458945 
14.89 	 -0.1063068498 
14.9 	 -0.09569025198 
14.91 	 -0.07396672311 
14.92 	 -0.05359402143 
14.93 	 -0.02372543595 
14.94 	 -0.001841794146 
14.95 	 0.01578921462 
14.96 	 -0.01685094111 
14.97 	 -0.03485201643 
14.98 	 -0.02186389035 
14.99 	 -0.02954857347 
15.0 	 -0.0272770974 
15.01 	 -0.00490315572 
15.02 	 0.02805733575 
15.03 	 0.01892175363 
15.04 	 0.008355281967 
15.05 	 0.03678296778 
15.06 	 0.03806383986 
15.07 	 0.02682694593 
15.08 	 0.01330864821 
15.09 	 0.01257826428 
15.1 	 0.03808414656 
15.11 	 0.07051429962 
15.12 	 0.1092383721 
15.13 	 0.106676883 
15.14 	 0.08195160204 
15.15 	 0.06787294731 
15.16 	 0.06443088318 
15.17 	 0.01475017866 
15.18 	 -0.02380365108 
15.19 	 -0.05209110981 
15.2 	 -0.06896148453 
15.21 	 -0.05792457726 
15.22 	 -0.0602759754 
15.23 	 -0.03676133673 
15.24 	 -0.05737404006 
15.25 	 -0.08112869019 
15.26 	 -0.1094762646 
15.27 	 -0.1254760803 
15.28 	 -0.1081352376 
15.29 	 -0.08438045013 
15.3 	 -0.06237674766 
15.31 	 -0.0357902154 
15.32 	 -0.01534748994 
15.33 	 0.003824454006 
15.34 	 0.02763927279 
15.35 	 0.03970680885 
15.36 	 0.04803202611 
15.37 	 0.06441223437 
15.38 	 0.09354035124 
15.39 	 0.0879469443 
15.4 	 0.07610966856 
15.41 	 0.08122289562 
15.42 	 0.0988238799 
15.43 	 0.1196567883 
15.44 	 0.1105112196 
15.45 	 0.09056892186 
15.46 	 0.07816128291 
15.47 	 0.05794881777 
15.48 	 0.08032273002 
15.49 	 0.09370108809 
15.5 	 0.07559992134 
15.51 	 0.06396275979 
15.52 	 0.05223556206 
15.53 	 0.05397668991 
15.54 	 0.04219944156 
15.55 	 0.04349030022 
15.56 	 0.02919148947 
15.57 	 0.01242115713 
15.58 	 0.02297774718 
15.59 	 0.03418473042 
15.6 	 0.03483519228 
15.61 	 0.04011851493 
15.62 	 0.05358690918 
15.63 	 0.05252630103 
15.64 	 0.05146569288 
15.65 	 0.06711543873 
15.66 	 0.06706545678 
15.67 	 0.05802990723 
15.68 	 0.04638273948 
15.69 	 0.01403274393 
15.7 	 -0.01355430042 
15.71 	 -0.03822954057 
15.72 	 -0.04971661893 
15.73 	 -0.05405927049 
15.74 	 -0.06464578104 
15.75 	 -0.08215658199 
15.76 	 -0.08126598114 
15.77 	 -0.09320334831 
15.78 	 -0.09735587226 
15.79 	 -0.09422389242 
15.8 	 -0.1106140284 
15.81 	 -0.1050504831 
15.82 	 -0.1020886479 
15.83 	 -0.1121748975 
15.84 	 -0.09448384761 
15.85 	 -0.07900422678 
15.86 	 -0.06877785114 
15.87 	 -0.0338261553 
15.88 	 -0.005408505117 
15.89 	 0.01148199678 
15.9 	 0.01212243282 
15.91 	 0.01946701305 
15.92 	 0.01751584329 
15.93 	 0.01900680633 
15.94 	 0.01511443377 
15.95 	 0.027612207 
15.96 	 0.03114442503 
15.97 	 0.01692565407 
15.98 	 0.0284027949 
15.99 	 0.02827275354 
16.0 	 0.04742464977 
16.01 	 0.0445829184 
16.02 	 0.07004872683 
16.03 	 0.08946077445 
16.04 	 0.09260276049 
16.05 	 0.08890049592 
16.06 	 0.07261043175 
16.07 	 0.04915592838 
16.08 	 0.0401303556 
16.09 	 0.02605167144 
16.1 	 -0.0004447204578 
16.11 	 -0.003676695786 
16.12 	 -0.01896613407 
16.13 	 -0.03560642505 
16.14 	 -0.06086204442 
16.15 	 -0.0976047912 
16.16 	 -0.1441935603 
16.17 	 -0.1764835677 
16.18 	 -0.1916930898 
16.19 	 -0.1813165623 
16.2 	 -0.1541597355 
16.21 	 -0.1296545517 
16.22 	 -0.1168565238 
16.23 	 -0.09677410002 
16.24 	 -0.0745202916 
16.25 	 -0.06529454577 
16.26 	 -0.04958480196 
16.27 	 -0.02819152674 
16.28 	 -0.006878302101 
16.29 	 0.006700128957 
16.3 	 0.01884766851 
16.31 	 0.03717904653 
16.32 	 0.05458985415 
16.33 	 0.06047350956 
16.34 	 0.04572439038 
16.35 	 0.0389802312 
16.36 	 0.03927042081 
16.37 	 0.02054884023 
16.38 	 0.03203596764 
16.39 	 0.03633864345 
16.4 	 0.04233237687 
16.41 	 0.03263637888 
16.42 	 0.01048266189 
16.43 	 0.0220698513 
16.44 	 0.03095536671 
16.45 	 0.01436509692 
16.46 	 -0.01282174848 
16.47 	 -0.04397102946 
16.48 	 -0.04656262545 
16.49 	 -0.04336064145 
16.5 	 -0.06486395544 
16.51 	 -0.06791584644 
16.52 	 -0.06699525642 
16.53 	 -0.04497161022 
16.54 	 -0.02444889402 
16.55 	 0.003698554428 
16.56 	 0.0137247786 
16.57 	 0.0233707554 
16.58 	 0.0469553688 
16.59 	 0.0704999574 
16.6 	 0.0840783708 
16.61 	 0.0814967712 
16.62 	 0.07005969441 
16.63 	 0.03979093941 
16.64 	 0.03737944521 
16.65 	 0.03926061081 
16.66 	 0.04210237161 
16.67 	 0.03971088 
16.68 	 0.05579085321 
16.69 	 0.0511879914 
16.7 	 0.0286140042 
16.71 	 -0.0176046336 
16.72 	 -0.05049502281 
16.73 	 -0.06436361601 
16.74 	 -0.07818217821 
16.75 	 -0.07045740162 
16.76 	 -0.04989467043 
16.77 	 -0.03422496123 
16.78 	 0.005189447817 
16.79 	 0.03583843155 
16.8 	 0.04480397694 
16.81 	 0.06802835733 
16.82 	 0.07783442352 
16.83 	 0.0999280935 
16.84 	 0.09699628671 
16.85 	 0.1032701643 
16.86 	 0.0994678083 
16.87 	 0.08473865247 
16.88 	 0.1021393656 
16.89 	 0.119970414 
16.9 	 0.1267546176 
16.91 	 0.1109047968 
16.92 	 0.0709800588 
16.93 	 0.03848991759 
16.94 	 0.004538866275 
16.95 	 -0.01937596644 
16.96 	 -0.04844399706 
16.97 	 -0.07748199927 
16.98 	 -0.07960333329 
16.99 	 -0.0820448559 
17.0 	 -0.07545078972 
17.01 	 -0.07804241514 
17.02 	 -0.07364971296 
17.03 	 -0.06464416239 
17.04 	 -0.0614521944 
17.05 	 -0.03882819582 
17.06 	 -0.03320473104 
17.07 	 -0.02829171627 
17.08 	 -0.01076087349 
17.09 	 -0.008079236415 
17.1 	 -0.01519366914 
17.11 	 -0.01243197756 
17.12 	 -0.007749101466 
17.13 	 -0.005277594591 
17.14 	 -0.008519627916 
17.15 	 -0.004447130022 
17.16 	 -0.006318314928 
17.17 	 -0.02272851432 
17.18 	 -0.01739522934 
17.19 	 -0.01302254937 
17.2 	 0.008971049781 
17.21 	 0.01530494397 
17.22 	 0.01496471355 
17.23 	 0.02488081851 
17.24 	 0.01334364048 
17.25 	 0.002066624631 
17.26 	 -0.01244239578 
17.27 	 -0.02520033021 
17.28 	 -0.02495021445 
17.29 	 -0.003256799337 
17.3 	 0.02219894109 
17.31 	 0.04667407686 
17.32 	 0.06310420821 
17.33 	 0.04783471758 
17.34 	 0.03633756435 
17.35 	 0.03904921512 
17.36 	 0.02630126727 
17.37 	 0.01394358084 
17.38 	 0.006578982324 
17.39 	 -0.009681129954 
17.4 	 -0.01972739007 
17.41 	 -0.01342353312 
17.42 	 -0.01068186375 
17.43 	 -0.01133230599 
17.44 	 -0.01926726183 
17.45 	 -0.03297579507 
17.46 	 -0.03868937451 
17.47 	 -0.02553126075 
17.48 	 0.006938812143 
17.49 	 0.005327772741 
17.5 	 -0.01214309268 
17.51 	 -0.02764273572 
17.52 	 -0.04206171897 
17.53 	 -0.03395673621 
17.54 	 -0.03764907306 
17.55 	 -0.0368185977 
17.56 	 -0.03571796475 
17.57 	 -0.034477245 
17.58 	 -0.02733285744 
17.59 	 -0.01662627249 
17.6 	 -0.01228363074 
17.61 	 -0.02341057419 
17.62 	 -0.01939812723 
17.63 	 -0.02897410968 
17.64 	 -0.03171586734 
17.65 	 -0.02880411219 
17.66 	 -0.04567461444 
17.67 	 -0.06849879588 
17.68 	 -0.06334566174 
17.69 	 -0.06290543799 
17.7 	 -0.05586112224 
17.71 	 -0.0463452849 
17.72 	 -0.04955732415 
17.73 	 -0.02148999201 
17.74 	 -0.003598956441 
17.75 	 0.009809298585 
17.76 	 0.01479232242 
17.77 	 0.009478984113 
17.78 	 0.005356374777 
17.79 	 -0.003409111359 
17.8 	 -0.0204897546 
17.81 	 -0.03803067225 
17.82 	 -0.05190933051 
17.83 	 -0.06575797017 
17.84 	 -0.06372677043 
17.85 	 -0.05739290469 
17.86 	 -0.04131300015 
17.87 	 -0.02553328161 
17.88 	 -0.00524076687 
17.89 	 0.01585224387 
17.9 	 0.0345337506 
17.91 	 0.04249862694 
17.92 	 0.03681504648 
17.93 	 0.04568047101 
17.94 	 0.04273858935 
17.95 	 0.04748146929 
17.96 	 0.04716120222 
17.97 	 0.04979277396 
17.98 	 0.0812622141 
17.99 	 0.09449034183 
18.0 	 0.0989430714 
18.01 	 0.0964013985 
18.02 	 0.09766211103 
18.03 	 0.09315925236 
18.04 	 0.09266887989 
18.05 	 0.07638873363 
18.06 	 0.05099292936 
18.07 	 0.04622990949 
18.08 	 0.05580577422 
18.09 	 0.07430716935 
18.1 	 0.07230585087 
18.11 	 0.0625297248 
18.12 	 0.04934148453 
18.13 	 0.04876105626 
18.14 	 0.04676975379 
18.15 	 0.06796281672 
18.16 	 0.07632793125 
18.17 	 0.07489696617 
18.18 	 0.1060562043 
18.19 	 0.1159723485 
18.2 	 0.1152417978 
18.21 	 0.1046651463 
18.22 	 0.0856632744 
18.23 	 0.06371959932 
18.24 	 0.03656271366 
18.25 	 0.02320435818 
18.26 	 0.0243649989 
18.27 	 0.01599973722 
18.28 	 0.008755174845 
18.29 	 -0.01246805874 
18.3 	 -0.04448796741 
18.31 	 -0.05114216889 
18.32 	 -0.05252310297 
18.33 	 -0.05933740365 
18.34 	 -0.06867325692 
18.35 	 -0.0564757776 
18.36 	 -0.05231328669 
18.37 	 -0.05744654577 
18.38 	 -0.04652986005 
18.39 	 -0.05616590913 
18.4 	 -0.06093895482 
18.41 	 -0.07517784609 
18.42 	 -0.08209221858 
18.43 	 -0.08164202787 
18.44 	 -0.09328931334 
18.45 	 -0.08499426183 
18.46 	 -0.08498433411 
18.47 	 -0.0857548998 
18.48 	 -0.06986514249 
18.49 	 -0.04678091757 
18.5 	 -0.04856210946 
18.51 	 -0.05661717894 
18.52 	 -0.05870856303 
18.53 	 -0.04828218111 
18.54 	 -0.015291828 
18.55 	 0.0144465003 
18.56 	 0.02967585822 
18.57 	 0.02289156633 
18.58 	 0.01275519744 
18.59 	 0.01046368935 
18.6 	 -0.003525060654 
18.61 	 -0.003124900944 
18.62 	 -0.002424556215 
18.63 	 -0.007287656724 
18.64 	 -0.005676747795 
18.65 	 -0.01416209859 
18.66 	 -0.03247353288 
18.67 	 -0.05242597416 
18.68 	 -0.04234982886 
18.69 	 -0.03675645135 
18.7 	 -0.03119309244 
18.71 	 -0.03729697254 
18.72 	 -0.02600006103 
18.73 	 -0.0003042341946 
18.74 	 -0.00458697942 
18.75 	 0.004938829785 
18.76 	 0.01744648659 
18.77 	 0.03681839169 
18.78 	 0.0521377956 
18.79 	 0.0620138169 
18.8 	 0.04191127281 
18.81 	 0.01797635412 
18.82 	 -0.01151201538 
18.83 	 -0.04143064167 
18.84 	 -0.05876148798 
18.85 	 -0.07711295688 
18.86 	 -0.07480161297 
18.87 	 -0.06281428347 
18.88 	 -0.02856315897 
18.89 	 0.004617305073 
18.9 	 0.02608051284 
18.91 	 0.03489586713 
18.92 	 0.01825545843 
18.93 	 0.006327975816 
18.94 	 -0.003598271703 
18.95 	 -0.004368847203 
18.96 	 -0.0008767821897 
18.97 	 -0.006470346384 
18.98 	 -0.01252420137 
18.99 	 -0.02279066067 
19.0 	 -0.03858053256 
19.01 	 -0.04832666946 
19.02 	 -0.05030800497 
19.03 	 -0.04188288267 
19.04 	 -0.02869480917 
19.05 	 -0.01119407328 
19.06 	 -0.000317434923 
19.07 	 -0.004340028366 
19.08 	 0.01062914481 
19.09 	 0.02003487471 
19.1 	 0.0325425168 
19.11 	 0.04689129969 
19.12 	 0.04108760559 
19.13 	 0.04857214509 
19.14 	 0.04201797618 
19.15 	 0.03921614208 
19.16 	 0.03102095637 
19.17 	 0.01116854766 
19.18 	 0.02834909496 
19.19 	 0.05138326926 
19.2 	 0.05961826395 
19.21 	 0.07230601764 
19.22 	 0.07057483713 
19.23 	 0.07001439183 
19.24 	 0.07178538132 
19.25 	 0.06978403341 
19.26 	 0.0692936217 
19.27 	 0.0434575152 
19.28 	 0.02011294269 
19.29 	 0.00127116018 
19.3 	 -0.03183946353 
19.31 	 -0.05652486684 
19.32 	 -0.05198215014 
19.33 	 -0.04917051585 
19.34 	 -0.04083546897 
19.35 	 -0.03239033427 
19.36 	 -0.02606652378 
19.37 	 -0.0181217187 
19.38 	 -0.006694741305 
19.39 	 -0.007195159215 
19.4 	 -0.01936280142 
19.41 	 -0.008266040397 
19.42 	 -0.008766458307 
19.43 	 -0.004283789598 
19.44 	 -0.00438396147 
19.45 	 -0.01771232778 
19.46 	 -0.03380240529 
19.47 	 -0.0454797486 
19.48 	 -0.02986018812 
19.49 	 -0.003944237049 
19.5 	 -0.0005922700191 
19.51 	 0.008193062826 
19.52 	 0.008293014954 
19.53 	 0.004350461301 
19.54 	 0.002499203448 
19.55 	 0.004170127995 
19.56 	 0.01676782098 
19.57 	 0.01009357767 
19.58 	 0.01105405515 
19.59 	 0.006891369021 
19.6 	 -0.002004253632 
19.61 	 -0.02075597838 
19.62 	 -0.02872102149 
19.63 	 -0.02901131901 
19.64 	 -0.03903763932 
19.65 	 -0.04793327865 
19.66 	 -0.04875389496 
19.67 	 -0.05094536067 
19.68 	 -0.03082301019 
19.69 	 -0.0148432167 
19.7 	 -0.01056068082 
19.71 	 -0.01204170633 
19.72 	 -0.02515994244 
19.73 	 -0.006548530122 
19.74 	 0.01706598612 
19.75 	 0.0384190992 
19.76 	 0.04751462709 
19.77 	 0.04988598858 
19.78 	 0.07382069145 
19.79 	 0.09095119794 
19.8 	 0.08103494583 
19.81 	 0.07145889471 
19.82 	 0.04811431239 
19.83 	 0.03283473708 
19.84 	 0.01033067556 
19.85 	 0.002405653326 
19.86 	 -0.00829108827 
19.87 	 -0.03960060579 
19.88 	 -0.0353080539 
19.89 	 -0.02644267842 
19.9 	 -0.005880052197 
19.91 	 0.0006939059355 
19.92 	 9.341924679e-05 
19.93 	 -0.007211221128 
19.94 	 -0.004189463505 
19.95 	 0.01642319568 
19.96 	 0.02051561376 
19.97 	 0.02814022044 
19.98 	 0.04037768532 
19.99 	 0.0514844496 
20.0 	 0.04589087589 
20.01 	 0.04828223997 
20.02 	 0.04272869106 
20.03 	 0.03054102174 
20.04 	 0.04506990642 
20.05 	 0.0477114255 
20.06 	 0.04780136358 
20.07 	 0.04221779607 
20.08 	 0.03016020735 
20.09 	 0.02241530064 
20.1 	 0.01031768712 
20.11 	 -0.005552264781 
20.12 	 -0.01253670912 
20.13 	 -0.03036787524 
20.14 	 -0.04954987836 
20.15 	 -0.05426290647 
20.16 	 -0.06925231179 
20.17 	 -0.0892247949 
20.18 	 -0.08279092602 
20.19 	 -0.07449590394 
20.2 	 -0.07404573285 
20.21 	 -0.07331539797 
20.22 	 -0.0773480241 
20.23 	 -0.06551079741 
20.24 	 -0.05665542813 
20.25 	 -0.04532852745 
20.26 	 -0.04074580557 
20.27 	 -0.04570898868 
20.28 	 -0.0352726398 
20.29 	 -0.02332535472 
20.3 	 -0.007255511316 
20.31 	 0.01172612844 
20.32 	 0.04163454252 
20.33 	 0.05131043001 
20.34 	 0.05192069049 
20.35 	 0.06246710757 
20.36 	 0.05982536286 
20.37 	 0.06543872334 
20.38 	 0.06534854982 
20.39 	 0.05452173351 
20.4 	 0.04722709599 
20.41 	 0.05544206847 
20.42 	 0.05221996416 
20.43 	 0.05511163824 
20.44 	 0.05783321673 
20.45 	 0.05970425841 
20.46 	 0.06396678189 
20.47 	 0.04123258758 
20.48 	 0.03180662946 
20.49 	 0.03091595994 
20.5 	 0.02009914983 
20.51 	 0.01210407831 
20.52 	 0.0125942742 
20.53 	 0.01661664888 
20.54 	 0.007020586341 
20.55 	 0.006590205945 
20.56 	 0.001526954949 
20.57 	 0.003918323934 
20.58 	 0.0147849453 
20.59 	 0.01518508539 
20.6 	 0.001466465508 
20.61 	 0.001816569693 
20.62 	 -0.001295471322 
20.63 	 -0.01857628467 
20.64 	 -0.02592095319 
20.65 	 -0.0224188911 
20.66 	 -0.03077418582 
20.67 	 -0.05299806393 
20.68 	 -0.04727463525 
20.69 	 -0.06442536996 
20.7 	 -0.08398759887 
20.71 	 -0.09135227979 
20.72 	 -0.0805957227 
20.73 	 -0.08008552422 
20.74 	 -0.07012946313 
20.75 	 -0.04688516844 
20.76 	 -0.02765336976 
20.77 	 -0.01843776747 
20.78 	 -0.01037287818 
20.79 	 0.003595660281 
20.8 	 -0.01375519941 
20.81 	 -0.02080967832 
20.82 	 -0.01541644443 
20.83 	 -0.01467609354 
20.84 	 -0.01773809865 
20.85 	 -0.02263124817 
20.86 	 -0.03315787848 
20.87 	 -0.04507537059 
20.88 	 -0.0320874309 
20.89 	 -0.005661170496 
20.9 	 0.01505155167 
20.91 	 0.03286247976 
20.92 	 0.02398687245 
20.93 	 0.03199172454 
20.94 	 0.03824549163 
20.95 	 0.03889578672 
20.96 	 0.02595766221 
20.97 	 0.0181527183 
20.98 	 0.02727826479 
20.99 	 0.01712186388 
21.0 	 0.01004737257 
21.01 	 -0.001259733492 
21.02 	 -0.02149237584 
21.03 	 -0.03809276955 
21.04 	 -0.04797900306 
21.05 	 -0.04482715797 
21.06 	 -0.03822316407 
21.07 	 -0.04162537998 
21.08 	 -0.02687634909 
21.09 	 -0.01321798419 
21.1 	 -0.002911704138 
21.11 	 0.0182312964 
21.12 	 0.03593215629 
21.13 	 0.04840978959 
21.14 	 0.04225586868 
21.15 	 0.04186552878 
21.16 	 0.04553769627 
21.17 	 0.03650198976 
21.18 	 0.04074451065 
21.19 	 0.03644174655 
21.2 	 0.03567117105 
21.21 	 0.03111824214 
21.22 	 0.03134828664 
21.23 	 0.02530444374 
21.24 	 0.01669901364 
21.25 	 0.0004088177217 
21.26 	 -0.01616155317 
21.27 	 -0.02210533407 
21.28 	 -0.02648814777 
21.29 	 -0.01164905127 
21.3 	 -0.01954405098 
21.31 	 -0.03279235788 
21.32 	 -0.04996309518 
21.33 	 -0.05634713907 
21.34 	 -0.06417208557 
21.35 	 -0.05015349747 
21.36 	 -0.02589856677 
21.37 	 -0.01575237807 
21.38 	 0.007662029868 
21.39 	 0.006691333311 
21.4 	 0.01031347863 
21.41 	 0.01261481634 
21.42 	 0.01045337904 
21.43 	 0.00641077614 
21.44 	 0.007181158383 
21.45 	 0.02486202255 
21.46 	 0.02921462145 
21.47 	 0.03753969156 
21.48 	 0.04921681905 
21.49 	 0.05865257736 
21.5 	 0.04384331307 
21.51 	 0.02763318078 
21.52 	 0.01557561168 
21.53 	 0.01158303978 
21.54 	 -0.002936039805 
21.55 	 -0.0225282726 
21.56 	 -0.03509614809 
21.57 	 -0.03888858618 
21.58 	 -0.02200822488 
21.59 	 -0.01085140017 
21.6 	 -0.01148187906 
21.61 	 -0.01687530915 
21.62 	 -0.01487415744 
21.63 	 0.00073542627 
21.64 	 0.01632498777 
21.65 	 0.03751804089 
21.66 	 0.047694258 
21.67 	 0.03222458451 
21.68 	 0.03779794962 
21.69 	 0.03194424414 
21.7 	 0.01534387005 
21.71 	 -0.01718637444 
21.72 	 -0.01921771152 
21.73 	 -0.01622594601 
21.74 	 -0.0183473487 
21.75 	 -0.01032245478 
21.76 	 -0.01526560587 
21.77 	 -0.01745704215 
21.78 	 -0.01040274963 
21.79 	 3.362947461e-05 
21.8 	 0.0003637522494 
21.81 	 -0.008802007785 
21.82 	 -0.02495209797 
21.83 	 -0.03196652265 
21.84 	 -0.02436188913 
21.85 	 -0.01675725561 
21.86 	 -0.01686740229 
21.87 	 -0.01388563317 
21.88 	 -0.01176439725 
21.89 	 -0.007822036854 
21.9 	 -0.001067929353 
21.91 	 0.003684938148 
21.92 	 -0.00651145617 
21.93 	 -0.009613453707 
21.94 	 -0.01153471572 
21.95 	 -0.002889440343 
21.96 	 0.008557577901 
21.97 	 0.005335506945 
21.98 	 0.01955424357 
21.99 	 0.03029081769 
22.0 	 0.03189174102 
22.01 	 0.02523754935 
22.02 	 0.02321621847 
22.03 	 0.03350251359 
22.04 	 0.04183761933 
22.05 	 0.06223017645 
22.06 	 0.06078921498 
22.07 	 0.04932204111 
22.08 	 0.04748083164 
22.09 	 0.04506925896 
22.1 	 0.0456495597 
22.11 	 0.03036001743 
22.12 	 0.01985343876 
22.13 	 0.005074214652 
22.14 	 -0.009264735675 
22.15 	 -0.007713841383 
22.16 	 -0.00796406211 
22.17 	 -0.02788646517 
22.18 	 -0.03058820784 
22.19 	 -0.03060828891 
22.2 	 -0.03696228477 
22.21 	 -0.04052456064 
22.22 	 -0.0367823007 
22.23 	 -0.04326637716 
22.24 	 -0.05240209662 
22.25 	 -0.04799943729 
22.26 	 -0.04452734475 
22.27 	 -0.03916408041 
22.28 	 -0.02994843888 
22.29 	 -0.01659022074 
22.3 	 -0.007064372295 
22.31 	 -0.006073817355 
22.32 	 -0.004542925653 
22.33 	 -0.006484185351 
22.34 	 -0.02197384083 
22.35 	 -0.02656674549 
22.36 	 -0.02943858375 
22.37 	 -0.027247275 
22.38 	 -0.01341876546 
22.39 	 -0.00313244091 
22.4 	 -0.002772271665 
22.41 	 -0.002272014639 
22.42 	 -0.002832413832 
22.43 	 -0.001811833425 
22.44 	 -0.003753087237 
22.45 	 0.004792156551 
22.46 	 0.001880301339 
22.47 	 -0.001701967311 
22.48 	 0.007543712439 
22.49 	 -0.00278273403 
22.5 	 -0.01448002107 
22.51 	 -0.01226870973 
22.52 	 -0.01475029638 
22.53 	 -0.01694169342 
22.54 	 -0.0006916732776 
22.55 	 0.01003492368 
22.56 	 0.01033507044 
22.57 	 0.01298666439 
22.58 	 0.01456760475 
22.59 	 0.01860006411 
22.6 	 0.02002089546 
22.61 	 0.02639480562 
22.62 	 0.02403330318 
22.63 	 0.01054489653 
22.64 	 0.0111452391 
22.65 	 0.002940110955 
22.66 	 0.006432234534 
22.67 	 -0.001322607744 
22.68 	 -0.001232590203 
22.69 	 0.0021894939 
22.7 	 -0.001772999559 
22.71 	 0.004690970325 
22.72 	 0.008133067809 
22.73 	 0.01800914895 
22.74 	 0.01543752612 
22.75 	 0.002919734604 
22.76 	 -0.006115896369 
22.77 	 -0.01780316838 
22.78 	 -0.01537170102 
22.79 	 0.002529363312 
22.8 	 0.005541199101 
22.81 	 0.00522097029 
22.82 	 -0.008507564559 
22.83 	 -0.007546997808 
22.84 	 0.0006680634525 
22.85 	 0.01872922257 
22.86 	 0.03671033454 
22.87 	 0.05103919332 
22.88 	 0.06273641169 
22.89 	 0.07175196846 
22.9 	 0.07622472024 
22.91 	 0.06885013122 
22.92 	 0.05040867519 
22.93 	 0.03331806597 
22.94 	 0.01439632215 
22.95 	 0.01065398373 
22.96 	 -0.0105391773 
22.97 	 -0.01504198692 
22.98 	 0.005920986384 
22.99 	 0.002738996145 
23.0 	 0.001238047506 
23.01 	 0.004510057248 
23.02 	 0.008292384171 
23.03 	 0.01003345218 
23.04 	 0.02463246855 
23.05 	 0.02954550294 
23.06 	 0.03178688193 
23.07 	 0.04289374431 
23.08 	 0.0540306351 
23.09 	 0.05119886088 
23.1 	 0.05012818767 
23.11 	 0.04719636126 
23.12 	 0.03691999386 
23.13 	 0.01732783464 
23.14 	 0.01938910203 
23.15 	 0.02009954223 
23.16 	 0.002728765296 
23.17 	 -0.01062951759 
23.18 	 -0.003455081019 
23.19 	 -0.01433183121 
23.2 	 -0.03047183181 
23.21 	 -0.04373005662 
23.22 	 -0.04808275362 
23.23 	 -0.03866691942 
23.24 	 -0.03876698142 
23.25 	 -0.04325977503 
23.26 	 -0.05946981903 
23.27 	 -0.05733849843 
23.28 	 -0.04521098403 
23.29 	 -0.04447052523 
23.3 	 -0.04163877063 
23.31 	 -0.02795028903 
23.32 	 -0.02483836083 
23.33 	 -0.01514235303 
23.34 	 -0.003435088239 
23.35 	 0.01348540479 
23.36 	 0.00945290619 
23.37 	 -0.005806542924 
23.38 	 0.003689346762 
23.39 	 -0.004625798571 
23.4 	 -0.009168604542 
23.41 	 -0.01440183537 
23.42 	 -0.03017159676 
23.43 	 -0.02300714775 
23.44 	 -0.03478443534 
23.45 	 -0.03482445033 
23.46 	 -0.05203509471 
23.47 	 -0.0748692333 
23.48 	 -0.0590294187 
23.49 	 -0.05411635488 
23.5 	 -0.04288937886 
23.51 	 -0.03638533905 
23.52 	 -0.03079185363 
23.53 	 -0.03401384022 
23.54 	 -0.0338637276 
23.55 	 -0.04342963518 
23.56 	 -0.04744210176 
23.57 	 -0.06181098534 
23.58 	 -0.06421245372 
23.59 	 -0.0539660853 
23.6 	 -0.06672397068 
23.61 	 -0.05768834265 
23.62 	 -0.05241505563 
23.63 	 -0.04565084481 
23.64 	 -0.03231256059 
23.65 	 -0.01683294957 
23.66 	 -0.009618445035 
23.67 	 -0.008387655948 
23.68 	 0.005470956558 
23.69 	 0.01740838455 
23.7 	 0.02423263257 
23.71 	 0.01517706081 
23.72 	 0.01151482104 
23.73 	 0.01232534286 
23.74 	 0.01264557069 
23.75 	 0.01518717492 
23.76 	 0.01644800517 
23.77 	 0.005471228295 
23.78 	 -0.00147304017 
23.79 	 0.002109213765 
23.8 	 -0.0064160343 
23.81 	 0.003350052216 
23.82 	 0.003430138113 
23.83 	 0.0001281296853 
23.84 	 0.01621813725 
23.85 	 0.02111120829 
23.86 	 0.02215189233 
23.87 	 0.02196181377 
23.88 	 0.03297867921 
23.89 	 0.04260468285 
23.9 	 0.0423345645 
23.91 	 0.04518637074 
23.92 	 0.05078988198 
23.93 	 0.05664355803 
23.94 	 0.05812452468 
23.95 	 0.06270740352 
23.96 	 0.05001959097 
23.97 	 0.03442997061 
23.98 	 0.04567698846 
23.99 	 0.04681774431 
24.0 	 0.04478653476 
24.01 	 0.06043628061 
24.02 	 0.06612985746 
24.03 	 0.08040875391 
24.04 	 0.08829368856 
24.05 	 0.08352079002 
24.06 	 0.07017256827 
24.07 	 0.06090687612 
24.08 	 0.06142725738 
24.09 	 0.05231166804 
24.1 	 0.0381129291 
24.11 	 0.01997173755 
24.12 	 0.01566913041 
24.13 	 0.01302755247 
24.14 	 0.01209703473 
24.15 	 0.01831094379 
24.16 	 0.01252741905 
24.17 	 -0.005103444528 
24.18 	 0.008745197094 
24.19 	 0.009065456316 
24.2 	 -0.0021014001 
24.21 	 0.001400832684 
24.22 	 -0.007134392151 
24.23 	 -0.006073670205 
24.24 	 -0.01185719004 
24.25 	 -0.009655758351 
24.26 	 -0.008154762624 
24.27 	 -0.02156299803 
24.28 	 -0.02416454136 
24.29 	 -0.0192514383 
24.3 	 -0.03178912842 
24.31 	 -0.03195917496 
24.32 	 -0.03143877408 
24.33 	 -0.02511478701 
24.34 	 -0.01131616854 
24.35 	 -0.009715101003 
24.36 	 -0.009134668809 
24.37 	 -0.02650536432 
24.38 	 -0.02226264723 
24.39 	 -0.01972100376 
24.4 	 -0.02861643708 
24.41 	 -0.02890654821 
24.42 	 -0.03549054933 
24.43 	 -0.03064747005 
24.44 	 -0.03017710017 
24.45 	 -0.03354911109 
24.46 	 -0.02593431441 
24.47 	 -0.03159774513 
24.48 	 -0.02167150644 
24.49 	 -0.01003421736 
24.5 	 -0.01072455687 
24.51 	 -0.0173285802 
24.52 	 -0.02202139971 
24.53 	 -0.03887175222 
24.54 	 -0.03975220953 
24.55 	 -0.04560575805 
24.56 	 -0.05726289276 
24.57 	 -0.06109517907 
24.58 	 -0.06181553718 
24.59 	 -0.05407065009 
24.6 	 -0.0581030604 
24.61 	 -0.03760026831 
24.62 	 -0.04053199662 
24.63 	 -0.03138624153 
24.64 	 -0.01937871324 
24.65 	 -0.008601938721 
24.66 	 0.001204229493 
24.67 	 -0.005609899512 
24.68 	 0.002925481302 
24.69 	 0.007078148478 
24.7 	 0.009009440235 
24.71 	 -0.002737742427 
24.72 	 -0.0003161462814 
24.73 	 0.0002342913471 
24.74 	 -0.006039499032 
24.75 	 -0.0001057244301 
24.76 	 0.003346512768 
24.77 	 0.004337225649 
24.78 	 0.005628125511 
24.79 	 0.01278265563 
24.8 	 0.005288114835 
24.81 	 0.006498967059 
24.82 	 0.004557866283 
24.83 	 0.009000721107 
24.84 	 0.01531473435 
24.85 	 0.02700208386 
24.86 	 0.02047813956 
24.87 	 0.01078224948 
24.88 	 0.02564155458 
24.89 	 0.01300382208 
24.9 	 0.0187374924 
24.91 	 0.02074884651 
24.92 	 0.02405100042 
24.93 	 0.03069521532 
24.94 	 0.03478785903 
24.95 	 0.03489804495 
24.96 	 0.01536605046 
24.97 	 0.004659528294 
24.98 	 0.01125371808 
24.99 	 0.0145959066 
25.0 	 0.02088991431 
25.01 	 0.03441841443 
25.02 	 0.03801075795 
25.03 	 0.03824100846 
25.04 	 0.03451881978 
25.05 	 0.0335383299 
25.06 	 0.03177734661 
25.07 	 0.02230159293 
25.08 	 0.02334235545 
25.09 	 0.02651443857 
25.1 	 0.02225190528 
25.11 	 0.01687870341 
25.12 	 0.01098516933 
25.13 	 0.004771439793 
25.14 	 -0.0009519871212 
25.15 	 0.002380198338 
25.16 	 0.00598255002 
25.17 	 -0.004954104936 
25.18 	 -0.0003011005863 
25.19 	 0.01331745759 
25.2 	 0.01417810851 
25.21 	 0.01865100744 
25.22 	 0.01277748576 
25.23 	 0.01851116589 
25.24 	 0.02601594342 
25.25 	 0.03081904695 
25.26 	 0.02441520648 
25.27 	 0.0158700294 
25.28 	 0.01242803394 
25.29 	 0.01654069986 
25.3 	 0.002842342533 
25.31 	 -0.01470839787 
25.32 	 -0.01658944575 
25.33 	 -0.02592510282 
25.34 	 -0.02485430208 
25.35 	 -0.02088171315 
25.36 	 -0.01457767962 
25.37 	 -0.01974074148 
25.38 	 -0.01404708615 
25.39 	 -0.01451725002 
25.4 	 -0.01854961128 
25.41 	 -0.01725868395 
25.42 	 -0.01032425001 
25.43 	 -0.006741899937 
25.44 	 -0.01502689914 
25.45 	 -0.0117047034 
25.46 	 -0.01555695306 
25.47 	 -0.006851433492 
25.48 	 0.003655211886 
25.49 	 0.007787906883 
25.5 	 -0.0002269230561 
25.51 	 -0.003648906999 
25.52 	 -0.00780134364 
25.53 	 -0.0193883859 
25.54 	 -0.02439134856 
25.55 	 -0.03231612162 
25.56 	 -0.03721902228 
25.57 	 -0.03851969094 
25.58 	 -0.0244408302 
25.59 	 -0.02081844846 
25.6 	 -0.02451058911 
25.61 	 -0.02559112137 
25.62 	 -0.02264915142 
25.63 	 -0.02374969608 
25.64 	 -0.02769200154 
25.65 	 -0.008079711219 
25.66 	 -0.008479817955 
25.67 	 -0.01911626631 
25.68 	 -0.009149949846 
25.69 	 -0.009660124782 
25.7 	 -0.01057053987 
25.71 	 -0.01256163633 
25.72 	 0.003388387734 
25.73 	 0.00678063276 
25.74 	 0.01436547951 
25.75 	 0.02086964685 
25.76 	 0.0262331172 
25.77 	 0.01789809975 
25.78 	 0.0170377137 
25.79 	 0.01849875624 
25.8 	 0.00871283979 
25.81 	 0.001488508578 
25.82 	 -0.004915313253 
25.83 	 0.004950945135 
25.84 	 0.005361345504 
25.85 	 0.01431704754 
25.86 	 0.01059487848 
25.87 	 -0.004224154608 
25.88 	 0.002400095961 
25.89 	 0.0009493443072 
25.9 	 0.007473533661 
25.91 	 0.007673804811 
25.92 	 0.008474447961 
25.93 	 0.01632946113 
25.94 	 -0.004043010996 
25.95 	 -0.002722044465 
25.96 	 -0.01361865402 
25.97 	 -0.01988238807 
25.98 	 -0.01094670432 
25.99 	 -0.009355562541 
26.0 	 -0.007704390429 
26.01 	 -0.003211457517 
26.02 	 -0.007263818424 
26.03 	 -0.003441301893 
26.04 	 0.0020422458 
26.05 	 0.007165569312 
26.06 	 0.008546573043 
26.07 	 -0.01132558614 
26.08 	 -0.004060938771 
26.09 	 -0.005631763059 
26.1 	 -0.009504011385 
26.11 	 -0.01161516753 
26.12 	 -0.01602775458 
26.13 	 -0.01952977743 
26.14 	 -0.01418630967 
26.15 	 -0.005400719901 
26.16 	 0.008688159792 
26.17 	 -0.002838832515 
26.18 	 -0.002788651422 
26.19 	 -0.006800987529 
26.2 	 -0.01573636815 
26.21 	 -0.02269053 
26.22 	 -0.02482170345 
26.23 	 -0.0240410727 
26.24 	 -0.03975064974 
26.25 	 -0.02570179779 
26.26 	 -0.02527137423 
26.27 	 -0.03031435188 
26.28 	 -0.01384400934 
26.29 	 0.005668239582 
26.3 	 0.01373338197 
26.31 	 0.02836259352 
26.32 	 0.03136461048 
26.33 	 0.03360614643 
26.34 	 0.03785892858 
26.35 	 0.03629810853 
26.36 	 0.03735892269 
26.37 	 0.03370680684 
26.38 	 0.04521408399 
26.39 	 0.05218856235 
26.4 	 0.05369963589 
26.41 	 0.05800245885 
26.42 	 0.0506080242 
26.43 	 0.04457443275 
26.44 	 0.03065596551 
26.45 	 0.02395195866 
26.46 	 0.0222910668 
26.47 	 0.02530308015 
26.48 	 0.03588979671 
26.49 	 0.03412885266 
26.5 	 0.03502955781 
26.51 	 0.02645439156 
26.52 	 0.02280227571 
26.53 	 0.02777550426 
26.54 	 0.0159983442 
26.55 	 0.006932880036 
26.56 	 -0.002252665395 
26.57 	 -0.00985722534 
26.58 	 -0.0140396796 
26.59 	 -0.01558048725 
26.6 	 -0.0229849281 
26.61 	 -0.02877838056 
26.62 	 -0.0208232946 
26.63 	 -0.02622650526 
26.64 	 -0.02237398092 
26.65 	 -0.01685041137 
26.66 	 -0.02053255563 
26.67 	 -0.03327030108 
26.68 	 -0.02938774833 
26.69 	 -0.02577537279 
26.7 	 -0.02172271464 
26.71 	 -0.0224630361 
26.72 	 -0.02457420696 
26.73 	 -0.01095562161 
26.74 	 -0.01957082247 
26.75 	 -0.01889025372 
26.76 	 -0.01302649299 
26.77 	 -0.01343660985 
26.78 	 -0.0154877337 
26.79 	 -0.009704016684 
26.8 	 -0.01182518982 
26.81 	 -0.01080442008 
26.82 	 -0.006531640245 
26.83 	 -0.001548417267 
26.84 	 0.002214049311 
26.85 	 0.004245443289 
26.86 	 -0.0009776591064 
26.87 	 -0.01247464125 
26.88 	 -0.007571476701 
26.89 	 0.003545542953 
26.9 	 0.0009440639766 
26.91 	 0.003725919423 
26.92 	 -0.008671630923 
26.93 	 -0.00531942345 
26.94 	 -0.004658884758 
26.95 	 -0.003347943066 
26.96 	 -0.002327182155 
26.97 	 -0.01465469793 
26.98 	 0.005457897486 
26.99 	 0.005327944416 
27.0 	 0.002440158039 
27.01 	 -0.000492541461 
27.02 	 0.005095650483 
27.03 	 -0.005934870477 
27.04 	 -0.003539959101 
27.05 	 0.004151213334 
27.06 	 -0.0008442630207 
27.07 	 -0.004289672655 
27.08 	 -0.01432808379 
27.09 	 -0.02141476893 
27.1 	 -0.02726471718 
27.11 	 -0.009710489322 
27.12 	 0.004273601913 
27.13 	 0.00405170658 
27.14 	 -0.0004732044795 
27.15 	 0.01280961351 
27.16 	 0.01655412975 
27.17 	 0.01660062915 
27.18 	 0.03614516082 
27.19 	 0.04044168576 
27.2 	 0.04327931655 
27.21 	 0.03625350246 
27.22 	 0.04110701958 
27.23 	 0.04002326964 
27.24 	 0.03273237954 
27.25 	 0.03564888273 
27.26 	 0.02798246583 
27.27 	 0.02151295722 
27.28 	 0.02537153433 
27.29 	 0.03136273677 
27.3 	 0.0233096391 
27.31 	 0.01987977861 
27.32 	 0.008791776936 
27.33 	 -0.008429394555 
27.34 	 -0.01554187509 
27.35 	 -0.02170031841 
27.36 	 -0.02011472811 
27.37 	 -0.03818463039 
27.38 	 -0.03079817127 
27.39 	 -0.02565944802 
27.4 	 -0.03360905019 
27.41 	 -0.03760434927 
27.42 	 -0.03952770768 
27.43 	 -0.0335739402 
27.44 	 -0.03643145586 
27.45 	 -0.02272513968 
27.46 	 -0.02199668832 
27.47 	 -0.02256140097 
27.48 	 -0.007763915547 
27.49 	 0.003825610605 
27.5 	 -0.008587512135 
27.51 	 -0.0099508716 
27.52 	 -0.01100989053 
27.53 	 -0.01133178606 
27.54 	 -0.01106368857 
27.55 	 -0.02097955809 
27.56 	 -0.01587555243 
27.57 	 -0.01822903029 
27.58 	 -0.008681275134 
27.59 	 -0.00607522509 
27.6 	 -0.003943464021 
27.61 	 0.001887427323 
27.62 	 0.006823696698 
27.63 	 0.006266216961 
27.64 	 0.007852812786 
27.65 	 0.01469391831 
27.66 	 0.006158150982 
27.67 	 -0.004692049425 
27.68 	 0.0006609625821 
27.69 	 -0.0003424148127 
27.7 	 -0.01399508334 
27.71 	 -0.02600486793 
27.72 	 -0.02642849316 
27.73 	 -0.02093598207 
27.74 	 -0.02812423014 
27.75 	 -0.02740852197 
27.76 	 -0.02774481858 
27.77 	 -0.02753075457 
27.78 	 -0.02155542471 
27.79 	 -0.01493380224 
27.8 	 -0.01804154157 
27.81 	 -0.009569989521 
27.82 	 -0.003060135324 
27.83 	 -0.001554508296 
27.84 	 0.0025530525 
27.85 	 0.003335612877 
27.86 	 0.01308298878 
27.87 	 0.01275963156 
27.88 	 0.01416811212 
27.89 	 0.01870125426 
27.9 	 0.02499486957 
27.91 	 0.02541389391 
27.92 	 0.0218425536 
27.93 	 0.02007729315 
27.94 	 0.01569243897 
27.95 	 0.01770237063 
27.96 	 0.01260747846 
27.97 	 0.007121115297 
27.98 	 0.01449041967 
27.99 	 0.01900106748 
28.0 	 0.01730186757 
28.01 	 0.01864286514 
28.02 	 0.02231247222 
28.03 	 0.02148888348 
28.04 	 0.01841045643 
28.05 	 0.02085595209 
28.06 	 0.01566093906 
28.07 	 0.01163775015 
28.08 	 0.01602989316 
28.09 	 0.01652405229 
28.1 	 0.01264478589 
28.11 	 0.01004023089 
28.12 	 0.01098807309 
28.13 	 0.006432223743 
28.14 	 0.007964529066 
28.15 	 0.0119929212 
28.16 	 0.01235061342 
28.17 	 0.006630565266 
28.18 	 0.005338234125 
28.19 	 0.004523667642 
28.2 	 -0.0004968828765 
28.21 	 -0.004512696138 
28.22 	 -0.00976177404 
28.23 	 -0.005569388136 
28.24 	 -0.005279881302 
28.25 	 -0.002646230823 
28.26 	 -0.001567606608 
28.27 	 -0.003270265524 
28.28 	 0.002540226906 
28.29 	 0.003933782532 
28.3 	 0.003958918695 
28.31 	 0.004151086785 
28.32 	 0.003762572526 
28.33 	 0.003883196286 
28.34 	 0.003282407361 
28.35 	 0.004775968089 
28.36 	 0.0025745364 
28.37 	 0.0009801590868 
28.38 	 0.001799456148 
28.39 	 0.003651708735 
28.4 	 0.003613568436 
28.41 	 8.105851926e-06 
28.42 	 0.001303440966 
28.43 	 0.001820427966 
28.44 	 0.002553841224 
28.45 	 0.002927247102 
28.46 	 -0.00024602499 
28.47 	 -0.00277883946 
28.48 	 0.003344041629 
28.49 	 0.001775821896 
28.5 	 -0.0007458296769 
28.51 	 -0.000841444902 
28.52 	 -0.001121168223 
28.53 	 -0.006168159144 
28.54 	 -0.0134695224 
28.55 	 -0.005925316518 
28.56 	 -0.003655340397 
28.57 	 -0.005938935741 
28.58 	 -0.005894739729 
28.59 	 -0.006370334415 
28.6 	 -0.007905262932 
28.61 	 -0.009482073282 
28.62 	 -0.01016089389 
28.63 	 -0.00981785781 
28.64 	 -0.009206502534 
28.65 	 -0.009364407237 
28.66 	 -0.01014210774 
28.67 	 -0.01296153117 
28.68 	 -0.0109316754 
28.69 	 -0.01026810738 
28.7 	 -0.01053365427 
28.71 	 -0.009554673168 
28.72 	 -0.008737378524 
28.73 	 -0.004621442931 
28.74 	 -0.003632207436 
28.75 	 -0.003351421692 
28.76 	 -0.002634405849 
28.77 	 -0.002284078977 
28.78 	 -0.002147979942 
28.79 	 -0.0001693869156 
28.8 	 -0.0008077342104 
28.81 	 -0.0002182068711 
28.82 	 0.0004221481383 
28.83 	 0.0008444975778 
28.84 	 0.00161515764 
28.85 	 0.002002382865 
28.86 	 0.002164693239 
28.87 	 0.002105643906 
28.88 	 0.002290776264 
28.89 	 0.003081990042 
28.9 	 0.004269479751 
28.91 	 0.003307972221 
28.92 	 0.002331343557 
28.93 	 0.002327184117 
28.94 	 0.002231275671 
28.95 	 0.002409025023 
28.96 	 0.001721745252 
28.97 	 0.001336596804 
28.98 	 0.002408233356 
28.99 	 0.002345487615 
29.0 	 0.002551786029 
29.01 	 0.002667656844 
29.02 	 0.002596659912 
29.03 	 0.002675215449 
29.04 	 0.002795011245 
29.05 	 0.002502332838 
29.06 	 0.00189100503 
29.07 	 0.001367784756 
29.08 	 0.001541991717 
29.09 	 0.001589891985 
29.1 	 0.00118027053 
29.11 	 0.001053806877 
29.12 	 0.0008110546992 
29.13 	 0.0007596858114 
29.14 	 0.000500240349 
29.15 	 0.0008287705782 
29.16 	 0.0006560621928 
29.17 	 0.000167685273 
29.18 	 -1.797701139e-06 
29.19 	 0.0002731086342 
29.2 	 0.0001710459828 
29.21 	 -0.0001620914148 
29.22 	 -0.0001369558404 
29.23 	 -7.400753271e-05 
29.24 	 -0.0001445633973 
29.25 	 -0.0002984212791 
29.26 	 -0.0002685579714 
29.27 	 -0.0005431673394 
29.28 	 -0.0005812192503 
29.29 	 -0.0005973938802 
29.3 	 -0.0007821533601 
29.31 	 -0.0006761109879 
29.32 	 -0.0006935436522 
29.33 	 -0.0006812763453 
29.34 	 -0.0006433953246 
29.35 	 -0.0006527018754 
29.36 	 -0.0006115086063 
29.37 	 -0.0006751664811 
29.38 	 -0.0006494065983 
29.39 	 -0.0006196440393 
29.4 	 -0.0005599404774 
29.41 	 -0.0005748772815 
29.42 	 -0.0005803573437 
29.43 	 -0.0004946397219 
29.44 	 -0.0005310714132 
29.45 	 -0.0004857229224 
29.46 	 -0.0004393062207 
29.47 	 -0.0004471041897 
29.48 	 -0.0003341772576 
29.49 	 -0.0002552740542 
29.5 	 -0.0002335334265 
29.51 	 -0.0002003307948 
29.52 	 -0.0001580163408 
29.53 	 -0.0001222935201 
29.54 	 -0.0001115345988 
29.55 	 -5.557407183e-05 
29.56 	 -2.256690438e-05 
29.57 	 -2.848263849e-06 
29.58 	 9.144585738e-06 
29.59 	 3.086283879e-05 
29.6 	 3.519594522e-05 
29.61 	 1.794412827e-05 
29.62 	 2.871716616e-05 
29.63 	 2.195927298e-05 
29.64 	 2.076202134e-05 
29.65 	 2.922376437e-05 
29.66 	 1.846337157e-05 
29.67 	 9.715897575e-06 
29.68 	 7.914899295e-06 
29.69 	 7.026079941e-06 
29.7 	 5.320990107e-06 
29.71 	 -8.031078144e-07 
29.72 	 -4.30468686e-06 
29.73 	 -1.746294777e-06 
29.74 	 1.012545036e-06 
29.75 	 3.397010724e-06 
29.76 	 4.625187408e-06 
29.77 	 5.92118847e-06 
29.78 	 9.166705326e-06 
29.79 	 1.068861303e-05 
29.8 	 1.123974864e-05 
29.81 	 1.228573989e-05 
29.82 	 1.352017143e-05 
29.83 	 1.495111689e-05 
29.84 	 1.6558299e-05 
29.85 	 1.799215803e-05 
29.86 	 1.916421759e-05 
29.87 	 2.048645844e-05 
29.88 	 2.184693867e-05 
29.89 	 2.328263217e-05 
29.9 	 2.461723362e-05 
29.91 	 2.593816974e-05 
29.92 	 2.72892618e-05 
29.93 	 2.870767008e-05 
29.94 	 3.019597461e-05 
29.95 	 3.178061334e-05 
29.96 	 3.347135703e-05 
29.97 	 3.526284942e-05 
29.98 	 3.715358958e-05 
29.99 	 3.913262955e-05 
